gene	p_val	avg_log2FC	p_val_adj	percent_PS19	percent_WT	percent_difference
Smc5	4.62981206787962e-06	3.88549133419095	0.0829569726322671	0.106	0.01	0.096
Phldb1	4.53214364535712e-05	2.46907372869761	0.812069498375089	0.101	0.014	0.087
Magi1	6.24966510712193e-05	-0.526045363582596	1	0.498	0.589	0.091
Itsn2	9.44616618022698e-05	1.03414520299819	1	0.396	0.242	0.154
Tmeff1	0.000111555968339781	1.74659437780947	1	0.132	0.053	0.079
Galnt7	0.000123462440440811	3.21018253400718	1	0.101	0.019	0.082
Osbpl9	0.000126383247279653	0.893399184173707	1	0.445	0.275	0.17
Commd10	0.000159688713327935	-2.08313296565815	1	0.048	0.159	0.111
Cnbp	0.000172727521583092	1.79553946350877	1	0.128	0.048	0.08
Invs	0.000210939252029346	1.29844697496332	1	0.15	0.053	0.097
Afg1l	0.000235657854734666	3.15492158981525	1	0.119	0.014	0.105
Tbl1xr1	0.000276459364018979	-1.52786176025024	1	0.053	0.159	0.106
Phf2	0.000282095752348451	-1.47169048966162	1	0.053	0.121	0.068
Sf3b1	0.000410282017996675	1.64540637048181	1	0.242	0.097	0.145
Gas6	0.000421028726357011	-2.14964481184597	1	0.035	0.121	0.086
B4galt5	0.000477027971289246	-2.56226606105529	1	0.022	0.111	0.089
Prpf39	0.000480477446775655	-1.46452093679028	1	0.106	0.184	0.078
Phip	0.000541233568705497	-1.04541499809223	1	0.233	0.372	0.139
Clip1	0.000628854683297401	1.2631192726968	1	0.26	0.14	0.12
Arhgap18	0.000641131387862972	-0.793450267793792	1	0.07	0.159	0.089
Med13l	0.000829636095041498	1.21746250316606	1	0.251	0.14	0.111
Asb3	0.000906355931710424	-1.12121921535397	1	0.084	0.169	0.085
S1pr1	0.00103857794551166	0.934684569612892	1	0.203	0.13	0.073
Rnf169	0.00107527060752481	-1.2784326974738	1	0.141	0.271	0.13
Kdm7a	0.00108997956599272	-2.26257315518146	1	0.035	0.116	0.081
Rasgrf2	0.00110977493483662	-1.53912990255603	1	0.137	0.304	0.167
Rock2	0.00113752722145424	-0.672675274181423	1	0.344	0.459	0.115
Ythdf2	0.00118413557601428	-1.60742121743027	1	0.057	0.126	0.069
Zbtb16	0.00123320737419269	1.22550475715411	1	0.251	0.145	0.106
Nova2	0.00126967962155478	1.62923846128778	1	0.198	0.077	0.121
Phf14	0.00140264433047072	-1.19760155486066	1	0.123	0.198	0.075
Cdk13	0.00153017607200176	0.519314301169586	1	0.256	0.135	0.121
Itpr1	0.00158997832116792	-0.539199370295515	1	0.238	0.357	0.119
Rab2a	0.00160304144960297	-0.674345498281636	1	0.163	0.213	0.05
Phlpp1	0.0016260353561299	1.28715200838865	1	0.159	0.087	0.072
Zfp644	0.00172985767042477	-0.536944742486149	1	0.216	0.29	0.074
Mat2a	0.00177056998951192	2.43644575486483	1	0.115	0.019	0.096
Vegfd	0.00177392207368947	-0.53828167825121	1	0.101	0.193	0.092
Lrp6	0.00183987913607411	-0.470159608240996	1	0.211	0.314	0.103
Sik1	0.00188310470485826	1.29187832207675	1	0.101	0.058	0.043
Klhl2	0.0019051502321386	1.09992755161926	1	0.145	0.058	0.087
Tbk1	0.0019171466861002	-1.24899166602537	1	0.04	0.106	0.066
Rmdn1	0.00197437649999513	1.16521915165433	1	0.123	0.039	0.084
9930021J03Rik	0.00212756377372825	-1.19516918101994	1	0.075	0.174	0.099
Srgap2	0.00242029530496642	-0.228626214311807	1	0.74	0.725	0.015
Pafah1b1	0.00246053328604233	1.17930021769796	1	0.242	0.135	0.107
Wdr26	0.00248792148285195	-0.841117675368557	1	0.093	0.169	0.076
Dop1a	0.00313726098152999	1.30781670074174	1	0.256	0.121	0.135
Smap1	0.00328023124688465	1.74549857119277	1	0.123	0.043	0.08
Mcf2l	0.00331012460984086	1.36037044514916	1	0.167	0.077	0.09
Foxo3	0.00359415551696535	1.68235761125163	1	0.154	0.072	0.082
Rif1	0.00363589567036915	-0.273424210273072	1	0.123	0.101	0.022
Adgre5	0.00372858615757452	0.255990014883986	1	0.326	0.222	0.104
Serbp1	0.00389292232536291	0.847093279349302	1	0.167	0.082	0.085
Usp15	0.00429141434638729	1.11720715148423	1	0.189	0.087	0.102
Baz1b	0.00429631227867669	1.33468520339606	1	0.123	0.053	0.07
Tgfb2	0.00432326000351729	-0.344444068100463	1	0.115	0.213	0.098
Tle4	0.00503336042757297	1.23855381526531	1	0.115	0.072	0.043
Khdc4	0.00507614252414498	-2.1148995950153	1	0.022	0.116	0.094
Inpp5a	0.00542041517730675	1.62772668036192	1	0.106	0.034	0.072
Sbf2	0.0057499867263201	0.467780698866664	1	0.581	0.488	0.093
Ddx50	0.00584041117407784	-0.239938056903363	1	0.159	0.203	0.044
Gatm	0.00596733897323936	-0.75498037713238	1	0.163	0.266	0.103
Bptf	0.00608389685370672	-0.107796811410903	1	0.167	0.126	0.041
Ccny	0.00609525466735358	0.585353383391472	1	0.48	0.386	0.094
Timp3	0.00610198681823365	0.809306913472418	1	0.181	0.101	0.08
Gdpd5	0.00636288259651305	1.92906529490078	1	0.119	0.043	0.076
Msi2	0.00639223843754587	-0.470781029889616	1	0.652	0.729	0.077
Elp4	0.00673841646777129	1.53059144209356	1	0.167	0.068	0.099
Med14	0.00694558684283956	1.37398957186099	1	0.106	0.058	0.048
Frs2	0.00695607482958795	-0.920950722706005	1	0.11	0.164	0.054
Xdh	0.00719795111817345	0.520250310222731	1	0.326	0.208	0.118
Abca1	0.00796443758790386	-1.10737780676497	1	0.119	0.184	0.065
Cep85l	0.00799090165975548	0.801710991776062	1	0.291	0.169	0.122
Pkn2	0.00836880997492181	0.867378713571303	1	0.273	0.169	0.104
Klf13	0.00887121892056055	0.852035080193991	1	0.242	0.159	0.083
Srsf5	0.00893645482701121	0.592474559486116	1	0.26	0.164	0.096
Zfp592	0.00897855628046698	1.3788837425184	1	0.137	0.058	0.079
Tulp4	0.00906280470364386	0.348511201787642	1	0.198	0.13	0.068
Arnt	0.00917184927894919	-0.74239935094934	1	0.088	0.121	0.033
Epb41	0.00942402476392883	-0.685685119885143	1	0.163	0.237	0.074
Tnks2	0.00949633301798798	-1.36021919201507	1	0.119	0.256	0.137
Sae1	0.00991570518281132	2.31129462408737	1	0.106	0.034	0.072
Ube2d3	0.00998017991344016	-0.901048374644409	1	0.159	0.271	0.112
Fbxl20	0.0101165748154615	-1.53795286517847	1	0.053	0.116	0.063
Sertad2	0.0102123374737218	0.876436391450299	1	0.11	0.048	0.062
Myl6	0.0103837065951867	1.05170094199752	1	0.15	0.082	0.068
Dcun1d3	0.0105768724396988	0.756155094086643	1	0.273	0.174	0.099
Mrtfb	0.0108452228073848	0.28597957323834	1	0.806	0.705	0.101
Spaca6	0.0109707881202973	2.00595831863513	1	0.145	0.048	0.097
Frmd5	0.0110140227252286	-0.178880329434175	1	0.727	0.749	0.022
Ap1g1	0.0111969554127778	1.00299458977576	1	0.154	0.063	0.091
Nfia	0.0112242001661747	-0.304455258585747	1	0.714	0.787	0.0730000000000001
Glcci1	0.0112660957147899	-0.64626558217978	1	0.203	0.237	0.034
Fgf13	0.0112710447456814	-2.24296120517363	1	0.048	0.116	0.068
Tbc1d8	0.0113709689764995	1.74433860259444	1	0.11	0.029	0.081
Thoc2	0.0114966179450768	-1.06097147408787	1	0.128	0.275	0.147
Eps15	0.011861259645654	1.45878700117744	1	0.189	0.082	0.107
Tmem131	0.0120551191533971	1.63883945083601	1	0.115	0.043	0.072
Shroom2	0.0120654497489992	-0.677843422395969	1	0.176	0.251	0.075
Vcl	0.0121115087005671	1.00022365543734	1	0.264	0.188	0.076
Zswim6	0.0121582714294219	-1.15158234258303	1	0.185	0.304	0.119
Rictor	0.0121635839585656	0.61556407295655	1	0.269	0.232	0.037
Nedd4	0.0124421466723415	-0.422310898618588	1	0.242	0.319	0.077
Ophn1	0.0124890902719928	-0.637919176953404	1	0.282	0.411	0.129
Etl4	0.0127122685601942	-1.05087269329375	1	0.128	0.188	0.06
Zc3h7a	0.0127497226370768	0.486809713397153	1	0.286	0.251	0.035
Gfod1	0.0130067860559861	1.36794155345442	1	0.119	0.043	0.076
Lmo2	0.0132590403200021	-0.869411773386435	1	0.203	0.314	0.111
Cbx5	0.0135783594233987	0.869942488227882	1	0.154	0.072	0.082
Rora	0.0139122246486689	-0.33143179127721	1	0.524	0.56	0.036
Kat6a	0.0145283483084058	0.987037346618236	1	0.247	0.159	0.088
Spata6	0.0146095881330034	-0.331660494698716	1	0.189	0.174	0.015
Ern1	0.015055003418874	-0.745599124083928	1	0.093	0.208	0.115
Cul1	0.0150833470282692	-0.951950478242491	1	0.128	0.179	0.051
Cobll1	0.0153589201843098	0.261732050750182	1	0.643	0.57	0.0730000000000001
Lrch3	0.0156768892870521	0.639687235330705	1	0.339	0.261	0.078
Ap3s1	0.0168887771022361	0.995337898628602	1	0.123	0.072	0.051
Ralb	0.0168940105216875	1.76844485107351	1	0.11	0.039	0.071
Svil	0.0174467969055092	0.447771138278784	1	0.392	0.285	0.107
Shroom4	0.0174551089879839	-0.220268618753224	1	0.454	0.449	0.005
Sh3glb1	0.0176661447461068	0.903120050344342	1	0.251	0.155	0.096
Btrc	0.017764467238653	0.321544510806335	1	0.101	0.058	0.043
Krcc1	0.0182190021407984	-0.547554278545104	1	0.115	0.15	0.035
Sos1	0.0183620321596916	0.654793579622817	1	0.216	0.164	0.052
Septin11	0.0183930840246605	-0.906116766956641	1	0.128	0.232	0.104
Klf7	0.0183931431293681	0.608049232054816	1	0.441	0.329	0.112
Tpm4	0.0186099503983841	0.838601030836404	1	0.128	0.072	0.056
Helz	0.0187348626682467	-0.884984332126629	1	0.084	0.15	0.066
Inpp1	0.0188356732853813	0.830737748238072	1	0.101	0.082	0.019
Gtf3c2	0.018879598825242	0.974279863558793	1	0.137	0.082	0.055
Arhgap12	0.0192541440727841	0.560245413184303	1	0.264	0.193	0.071
Hook3	0.0194547614917737	-0.706247992088686	1	0.115	0.145	0.03
Ccser2	0.0198270677026681	0.361638142543834	1	0.233	0.256	0.023
Zeb1	0.0202065113441666	0.325804142528241	1	0.573	0.531	0.0419999999999999
Nxn	0.0206726679899582	-0.306081232225439	1	0.555	0.546	0.00900000000000001
Osbpl8	0.020839491926568	-1.40515641194344	1	0.075	0.164	0.089
Hif1a	0.0211638537714929	0.864996957328046	1	0.15	0.106	0.044
Uhrf2	0.02130504800324	0.38103963080579	1	0.216	0.198	0.018
Cecr2	0.0213439774759013	0.784988958611977	1	0.225	0.155	0.07
Ncor1	0.0214560316162213	0.443934327039313	1	0.322	0.213	0.109
Ncoa2	0.0219724826245169	0.693128028786781	1	0.273	0.159	0.114
Celf1	0.0221611285999145	0.827736624236736	1	0.145	0.072	0.073
Ppm1h	0.022465886291508	-0.612954837249841	1	0.247	0.353	0.106
Pkp4	0.0228218819899504	-0.434518664993097	1	0.542	0.652	0.11
Ralgapa1	0.0228617398637433	0.384634171119465	1	0.789	0.696	0.0930000000000001
Phf21a	0.0233412472369878	-0.462689191487497	1	0.291	0.372	0.081
Samd12	0.0233597554386815	-0.211917364869774	1	0.63	0.72	0.09
Mmp28	0.0236230363911991	-0.52989021157782	1	0.115	0.193	0.078
Setd2	0.0238681504185285	0.987826748528187	1	0.185	0.092	0.093
Tgfbr3	0.0240824662350116	-0.326952791950593	1	0.295	0.396	0.101
Btaf1	0.0254475456566397	-1.39138008684875	1	0.057	0.15	0.093
Nek7	0.0255411433789094	0.21379889940287	1	0.454	0.377	0.077
Smurf1	0.0260168010683894	-0.789492532577352	1	0.137	0.188	0.051
Klf9	0.0263126747893864	1.36496678636377	1	0.15	0.072	0.078
Ctps	0.0268079721509856	1.68365468672302	1	0.101	0.039	0.062
Rnf103	0.026889215014855	1.59212391959051	1	0.106	0.048	0.058
Scaf11	0.0279563160331707	1.10358873998317	1	0.163	0.082	0.081
Kansl1	0.0281939023907678	-0.336873744994834	1	0.463	0.575	0.112
Smc1a	0.0284502149875715	-0.803710012450781	1	0.106	0.179	0.073
Cdkal1	0.0286008122892108	0.659578549876112	1	0.388	0.266	0.122
Tmpo	0.0286378193537041	0.356310441688741	1	0.203	0.14	0.063
Map2k6	0.0286890009727915	-2.3965109981467	1	0.022	0.106	0.084
Zup1	0.0288735784298811	-1.19796225576935	1	0.057	0.126	0.069
Gapvd1	0.0290001341162882	0.500593229759197	1	0.203	0.111	0.092
Ly75	0.0291030858008486	-0.913648223790236	1	0.075	0.126	0.051
Ptk2	0.0294853737583385	0.485949425833361	1	0.458	0.324	0.134
Syncrip	0.0296168231494633	1.42755512781086	1	0.141	0.077	0.064
Scfd1	0.0298180762857251	2.53757048006108	1	0.101	0.029	0.072
Cd93	0.0306290334800984	1.08701858749631	1	0.137	0.068	0.069
Cped1	0.0312105015521673	-0.158245868006027	1	0.159	0.242	0.083
Ngly1	0.0313358117952426	-0.366693743679323	1	0.11	0.101	0.00899999999999999
Nrp1	0.0333282465617605	-0.516169107968647	1	0.286	0.382	0.096
Nubpl	0.0333935442605828	1.17075334726914	1	0.115	0.058	0.057
Sppl3	0.0337192361485766	-1.249727107278	1	0.119	0.251	0.132
Crk	0.034112384704425	0.805156001708103	1	0.185	0.101	0.084
Zcchc7	0.0341307877227748	-0.474138565040142	1	0.52	0.599	0.079
Tmtc1	0.0341521251309133	-0.493675422561805	1	0.405	0.517	0.112
Gnaq	0.0343535701798349	-0.155832211214526	1	0.771	0.768	0.003
Mast4	0.034640309046384	0.348968084742623	1	0.652	0.556	0.096
Tbck	0.0346666059477728	-1.14537375050826	1	0.093	0.14	0.047
Etv6	0.0349188090674053	0.24898455429172	1	0.555	0.536	0.019
Washc4	0.0350435719918228	1.01060071687047	1	0.11	0.063	0.047
Heg1	0.0355143326449962	-0.20454997096711	1	0.749	0.72	0.029
Med13	0.0363945881008231	-0.799835484640892	1	0.119	0.169	0.05
Rbbp6	0.0366451747807904	-0.8262485623126	1	0.11	0.15	0.04
Pdxdc1	0.0369218733282783	1.00908592253499	1	0.194	0.106	0.088
Camk2d	0.0374085670767517	-0.602117892615381	1	0.3	0.357	0.057
Ppm1l	0.0377199237368811	0.967732635436327	1	0.119	0.058	0.061
Prkce	0.0377769232644959	0.934674229040674	1	0.123	0.068	0.055
Ephx1	0.0379064471378711	0.649528703751626	1	0.119	0.063	0.056
Rfx3	0.0382851343726863	-1.53074529229887	1	0.035	0.106	0.071
Niban1	0.0385421468689863	-0.735360426937671	1	0.075	0.14	0.065
Gnai2	0.0387321319634754	-0.724490064860626	1	0.101	0.155	0.054
Zfp292	0.0388998222035306	-0.438080826073662	1	0.264	0.309	0.045
Arid1a	0.0395303134364518	-1.06141138029182	1	0.141	0.217	0.076
Mprip	0.039547890948631	0.433350116309121	1	0.37	0.285	0.085
Thada	0.0398831425715948	-0.348009399994482	1	0.145	0.15	0.005
Tanc2	0.0401455235350349	-1.19143920680827	1	0.048	0.14	0.092
Eml1	0.0402428588073665	0.908674752710318	1	0.154	0.106	0.048
Ddx6	0.0404432689270441	0.807025435080724	1	0.269	0.179	0.09
Tspan13	0.0406248883041414	-0.66532036580724	1	0.163	0.227	0.064
Fam133b	0.0408132402403514	1.32608798374529	1	0.106	0.058	0.048
Tra2b	0.0412193032768697	-1.19337835098694	1	0.062	0.116	0.054
Tpd52l1	0.0413334574460069	1.13461610425188	1	0.141	0.063	0.078
Samhd1	0.0416487600969059	0.68909317369431	1	0.225	0.169	0.056
Actr3	0.0417106472698057	0.63043539000863	1	0.154	0.145	0.00900000000000001
Mllt10	0.0418700574121404	0.574775475301485	1	0.458	0.319	0.139
Trappc8	0.0423003407018997	1.4035820309861	1	0.137	0.048	0.089
Anxa3	0.042561835784759	-0.669949107996328	1	0.229	0.324	0.095
Ggact	0.0426579934439498	0.746243235555535	1	0.172	0.159	0.013
Asap1	0.0427070794342266	-0.554051654653164	1	0.291	0.386	0.095
Xrn2	0.0433345437210403	-0.684896684993918	1	0.115	0.145	0.03
Asap2	0.0436593136765303	1.20408339788706	1	0.141	0.077	0.064
Strn3	0.0438968845780711	-0.277476748098018	1	0.595	0.647	0.052
Wipf1	0.0440117356432508	-0.782462106606987	1	0.119	0.227	0.108
Pam	0.0443313990132281	-0.663984292551942	1	0.207	0.295	0.088
Vkorc1l1	0.0449124441353246	1.4982603602512	1	0.115	0.043	0.072
Ube2d2a	0.0452901406493933	-0.852048655105824	1	0.075	0.116	0.041
Ep400	0.045848951415022	1.03218287455795	1	0.189	0.082	0.107
Zmym4	0.045916986856042	0.659889824283262	1	0.181	0.126	0.055
Mxd4	0.0473499872118484	-1.37554615787808	1	0.066	0.135	0.069
Faf1	0.0473999796780879	-0.208625161927463	1	0.145	0.121	0.024
Csde1	0.0478225086581528	1.00574975578379	1	0.185	0.106	0.079
Galnt18	0.0479489831020166	-1.19119286544359	1	0.057	0.106	0.049
Plxna2	0.0482747456830372	-0.469654519880869	1	0.247	0.348	0.101
Rnf115	0.0487480876116139	-1.18709497444631	1	0.062	0.121	0.059
Gphn	0.0491353299255266	-0.138355524939814	1	0.515	0.527	0.012
Ddx17	0.0491414814351933	-0.440965063189217	1	0.233	0.338	0.105
Slc44a1	0.0496399476568825	-0.338631857828576	1	0.141	0.126	0.015
Kdm6a	0.0497398767274609	-0.396343221988491	1	0.26	0.411	0.151
Cdh5	0.0499759951931441	0.620413557395669	1	0.273	0.184	0.089
Ulk2	0.0499950471177745	-0.787181735831509	1	0.106	0.145	0.039
Stx3	0.0500750785654438	1.31307574664273	1	0.119	0.053	0.066
Ndel1	0.0502357168596035	1.17032298596498	1	0.137	0.082	0.055
Snx29	0.0502485735103823	-1.12350400887649	1	0.093	0.15	0.057
Dlc1	0.0507368442766721	0.592274864213362	1	0.295	0.251	0.044
Rasa1	0.0511121029828748	0.463332359098151	1	0.194	0.13	0.064
Kmt2c	0.0512703893411128	0.523290057152366	1	0.405	0.285	0.12
Bclaf1	0.0513065343827841	0.71695357718302	1	0.119	0.082	0.037
Usp8	0.0517127428920573	-0.946272742424838	1	0.066	0.126	0.06
Taf15	0.0517588613525266	-0.713822530120646	1	0.075	0.145	0.07
Cpne1	0.0517994133004312	0.908781730698853	1	0.11	0.077	0.033
Eml4	0.0523530229679241	-0.535575303143085	1	0.15	0.213	0.063
Cbfb	0.0528313069751086	-0.727070181952332	1	0.119	0.159	0.04
Tbc1d5	0.0528770782930578	-0.499897891048926	1	0.436	0.527	0.091
Ctcf	0.0530051128283436	0.954373324793188	1	0.176	0.116	0.06
Efr3b	0.053061199953809	-0.626615048853297	1	0.251	0.357	0.106
Akt3	0.053192463022292	0.135397779384398	1	0.419	0.357	0.062
Mtmr2	0.0532195600745028	0.778719376678183	1	0.123	0.087	0.036
Rapgef1	0.0534657456930428	0.301140847095281	1	0.317	0.314	0.003
Rhobtb1	0.0540849412154734	0.593166346849535	1	0.308	0.246	0.062
Nt5dc1	0.0544819180016428	-0.268480568687948	1	0.145	0.155	0.01
Rreb1	0.0551399903798009	0.507205547805219	1	0.396	0.29	0.106
Plpp1	0.05527114338934	-0.888618118351708	1	0.154	0.213	0.059
Brd8	0.0555659311339978	0.886084770301659	1	0.123	0.072	0.051
Dmtf1	0.0558678762143396	-0.991360489461139	1	0.062	0.116	0.054
Ap2b1	0.05646433099258	0.603019592750757	1	0.229	0.135	0.094
Hip1r	0.0568783530781459	1.10359021364353	1	0.115	0.068	0.047
Cdc42	0.0568909766185952	-0.10051822734419	1	0.278	0.28	0.002
Tab2	0.0569814922389975	0.211735512346052	1	0.115	0.082	0.033
Mcmbp	0.0576570887331733	0.782714133510401	1	0.132	0.101	0.031
Arhgef11	0.0580848823930274	0.784687907510655	1	0.123	0.082	0.041
Erc1	0.0581542332966535	0.841329935271826	1	0.207	0.111	0.096
Rab7	0.0581904055828716	-0.379435487288181	1	0.097	0.126	0.029
Fermt2	0.0591456501924644	0.638286071612616	1	0.322	0.251	0.071
Map2k5	0.059535642105842	-0.552654762719727	1	0.145	0.174	0.029
Mtmr12	0.0598074422128348	-0.722157252191681	1	0.057	0.101	0.044
Ric1	0.0599281219938307	1.11782258239404	1	0.132	0.063	0.069
Vamp5	0.0601021624943329	-0.922495511742225	1	0.044	0.106	0.062
Palm	0.0608346700432419	-0.638583605469013	1	0.154	0.198	0.044
Atxn7	0.0610525305750208	-0.483720189709536	1	0.167	0.188	0.021
Tjp1	0.0612274404065141	0.219505798609866	1	0.934	0.884	0.05
Plcb4	0.0612435410000611	0.182439309435882	1	0.731	0.705	0.026
Mpzl1	0.0614882781931756	-0.352691694342671	1	0.423	0.488	0.065
Klf4	0.0615907384457296	0.972274819530236	1	0.119	0.068	0.051
Spag9	0.0617781111149856	0.488447214530916	1	0.436	0.372	0.064
Agrn	0.0618867410423145	0.223286553882294	1	0.145	0.159	0.014
Adcy9	0.0622063195402536	-1.47573693516323	1	0.066	0.164	0.098
Scaper	0.0625131822060303	0.743935111600769	1	0.176	0.116	0.06
Gpbp1	0.0630019445270769	1.13571225418465	1	0.181	0.106	0.075
Sarnp	0.0639275890656342	-0.716792422987499	1	0.088	0.14	0.052
Qser1	0.0642166101374702	-1.21872388288899	1	0.053	0.101	0.048
Rsrp1	0.0645913303539554	-0.901227466776253	1	0.062	0.13	0.068
Terf1	0.0655153336505002	1.12815847451441	1	0.181	0.087	0.094
Mex3c	0.0657799807475732	-1.50013155081689	1	0.035	0.106	0.071
Cbfa2t3	0.0658071079962359	-1.23520462969334	1	0.075	0.159	0.084
Hibadh	0.0660274860390193	-0.402666772759137	1	0.066	0.111	0.045
Arhgap26	0.0662020459872815	0.741885268537117	1	0.449	0.348	0.101
Mnat1	0.0663975807426183	-0.701702987178206	1	0.097	0.174	0.077
Pls3	0.0664220777265679	0.456740219194038	1	0.361	0.29	0.071
Chd1	0.0670674719646142	-0.535842804098204	1	0.145	0.179	0.034
Fer	0.0672826962119686	0.831997461397613	1	0.251	0.164	0.087
Raf1	0.0674398618197706	0.86949182350749	1	0.119	0.072	0.047
Cdc42bpb	0.0678323381066918	-0.71491660243055	1	0.132	0.227	0.095
Srsf3	0.0681225631630356	0.205894559706176	1	0.167	0.13	0.037
Slc12a6	0.0692271249339266	-0.443846599023821	1	0.278	0.348	0.07
Rapgef5	0.0697619369304634	0.288889515246996	1	0.498	0.478	0.02
Lcp1	0.0697661836843467	-1.64005586833196	1	0.057	0.145	0.088
Syne2	0.0705255778612765	0.30817819302849	1	0.454	0.44	0.014
Il10rb	0.0705763514713583	-0.435070589608645	1	0.11	0.126	0.016
Ubn2	0.0717979851872386	-0.125490915612958	1	0.233	0.208	0.025
Mospd2	0.0724812661605219	1.26775118826406	1	0.163	0.082	0.081
Zfhx3	0.0726504696513465	-0.558197018976083	1	0.15	0.217	0.067
Nr1d2	0.0729573931885117	1.21600595379107	1	0.154	0.097	0.057
St3gal1	0.0733254562409316	0.544536414119525	1	0.251	0.208	0.043
Zmiz1	0.0736610895655482	0.309778524562294	1	0.419	0.319	0.1
Piezo1	0.0740485590445646	0.509437181819674	1	0.198	0.164	0.034
Chic2	0.0741993446344649	0.88667974611132	1	0.185	0.121	0.064
Bnip2	0.0755574348189869	-0.416559323137686	1	0.075	0.121	0.046
Chd6	0.0757186363654019	1.07017381648819	1	0.141	0.063	0.078
Spock2	0.0757707727706602	-0.425432038187171	1	0.326	0.324	0.002
Septin7	0.0759864390092917	0.681074798285819	1	0.137	0.082	0.055
Dennd5a	0.0760926588950661	0.982645699072701	1	0.207	0.101	0.106
Smyd3	0.0762721661133864	-0.650457357816191	1	0.251	0.372	0.121
Resf1	0.0767167888784786	-0.844404617117558	1	0.066	0.121	0.055
Thrap3	0.0771808893996848	-0.481839034467732	1	0.181	0.227	0.046
Zfp36l1	0.0775886119646974	-0.774483394004247	1	0.145	0.213	0.068
Fn1	0.0778180320264359	0.582477028971268	1	0.366	0.285	0.081
Alpl	0.0780221984203577	-1.04520164409087	1	0.057	0.106	0.049
Cpd	0.0793170901059468	1.08526274531377	1	0.119	0.053	0.066
Rnf213	0.0795430146426859	-0.292993315511901	1	0.172	0.232	0.06
Tet2	0.0800256302610314	-0.282148987217172	1	0.11	0.116	0.00600000000000001
Anapc5	0.0801019084610013	-2.19639567561078	1	0.026	0.106	0.08
Ccnd3	0.080350473277939	0.527678393269459	1	0.295	0.198	0.097
Pot1b	0.0812880758495811	0.5302782638281	1	0.128	0.072	0.056
Pbx3	0.081359630509874	0.3989150533153	1	0.3	0.275	0.025
Srgap1	0.0816789104539403	0.981142993177547	1	0.163	0.087	0.076
Lonp2	0.0821084469951562	-0.653213495142462	1	0.106	0.13	0.024
Mob2	0.0833038556429407	-0.305701141597406	1	0.145	0.159	0.014
Esyt2	0.0837938042169526	-0.210335317981092	1	0.696	0.652	0.0439999999999999
Rbms1	0.0848128606656071	0.113624413314702	1	0.617	0.546	0.071
Ism1	0.0849151803158783	1.52297534189265	1	0.101	0.063	0.038
Pbrm1	0.0850206140894769	-0.328198305532703	1	0.167	0.193	0.026
Mboat1	0.0854636113574282	1.22297381614324	1	0.11	0.068	0.042
Tead4	0.0856563331502249	1.04618185066857	1	0.154	0.101	0.053
Wwox	0.0856579590816593	-0.465121013624484	1	0.374	0.435	0.061
Adnp	0.0860083430457112	-1.0417600804606	1	0.062	0.101	0.039
Ap2a2	0.0863521060574116	-0.377745964791177	1	0.079	0.101	0.022
Nemf	0.0864228894417445	1.07094770558312	1	0.128	0.068	0.06
Rc3h1	0.0865715699094331	-0.697255248041944	1	0.145	0.188	0.043
Vps13a	0.0870542244051193	0.867591652074058	1	0.22	0.15	0.07
Csnk1a1	0.0877923261583974	-0.43577704837151	1	0.247	0.309	0.062
Sav1	0.0880298385878422	1.00050288097224	1	0.128	0.092	0.036
Dock1	0.08938794123989	0.214436529787421	1	0.595	0.599	0.004
Dph6	0.0898813887298591	-0.371235337254207	1	0.093	0.106	0.013
Nherf2	0.0900491239691831	0.43854665144452	1	0.159	0.116	0.043
Maml3	0.0901548770648405	-0.3575284750573	1	0.163	0.203	0.04
Mdm4	0.0905358786014449	-0.932505326588196	1	0.084	0.169	0.085
Ccdc82	0.0909185363327106	-0.517146288838189	1	0.163	0.237	0.074
Rbm39	0.0913082151296242	-0.188498888435417	1	0.537	0.546	0.00900000000000001
Arih2	0.0922476069034971	0.774634900402989	1	0.167	0.121	0.046
Sh3bgrl	0.0926861767390106	-0.133687187830501	1	0.313	0.29	0.023
Ssu72	0.0930705547246822	-1.04669627479951	1	0.079	0.15	0.071
Ube2e2	0.0939199106209129	-0.218009202840115	1	0.15	0.14	0.00999999999999998
Mark3	0.0951642526453882	-0.236230629231409	1	0.211	0.275	0.064
Rbfox1	0.0955356539171913	-0.452324371583912	1	0.515	0.57	0.0549999999999999
Jmjd1c	0.0957547101041954	-0.11096896575049	1	0.542	0.609	0.0669999999999999
Vps13b	0.0961234998152614	-0.222850189497746	1	0.304	0.295	0.00900000000000001
Large1	0.0962590259483075	-0.550573623281914	1	0.137	0.198	0.061
Rb1cc1	0.0963678250959631	-0.732940756110922	1	0.159	0.246	0.087
Lamc1	0.097467671164777	1.23394696042689	1	0.123	0.053	0.07
Zscan26	0.0979676384430068	1.42835135916834	1	0.106	0.039	0.067
Ep300	0.098046957927707	-1.01131005878335	1	0.075	0.13	0.055
Atp8b1	0.0997316399025119	0.57507164400708	1	0.145	0.116	0.029
Scarb1	0.100379084627665	-0.338349667312808	1	0.101	0.174	0.073
Arl4a	0.100381589719946	0.604761899953877	1	0.176	0.126	0.05
Ppp3cc	0.100898404396332	0.687769307197959	1	0.278	0.208	0.07
Ptn	0.10121107926145	0.290949507898471	1	0.414	0.425	0.011
Hnrnpa3	0.101563231272881	0.74245573642815	1	0.273	0.179	0.094
Ndnf	0.101598613676846	-0.876318524028137	1	0.128	0.184	0.056
Sltm	0.102208456246626	0.393261013733494	1	0.106	0.101	0.00499999999999999
Peli2	0.102492483455005	0.119785252106376	1	0.128	0.145	0.017
Kmt2e	0.102729880811547	0.503331571478296	1	0.414	0.324	0.09
Ldb2	0.103272477378748	-1.12935407540969	1	0.203	0.319	0.116
Arid4b	0.103351868456518	-0.956406341337862	1	0.097	0.159	0.062
Ppp4r3a	0.103400931187608	1.53523089353077	1	0.119	0.048	0.071
Ywhae	0.103526381420454	-0.321035036263679	1	0.194	0.198	0.004
Vamp4	0.103606126651104	0.9091408692343	1	0.11	0.058	0.052
Kpna4	0.103627407808087	-0.346301764760374	1	0.185	0.208	0.023
Zc3hav1	0.103820914064658	0.536935345019868	1	0.132	0.106	0.026
Pkig	0.104946450354382	0.595389648568793	1	0.167	0.126	0.041
Tgfa	0.105199833549306	-0.806162523269769	1	0.101	0.121	0.02
Usp9x	0.105784229346716	0.161625720621605	1	0.15	0.101	0.049
Prpf40a	0.10594618263445	0.609695599843667	1	0.115	0.068	0.047
Ybx3	0.10703544795509	1.67308824583704	1	0.106	0.043	0.063
Ppp1r2	0.108416045190906	0.696922121938271	1	0.291	0.203	0.088
Cdk17	0.108432188833497	0.348246469842643	1	0.493	0.498	0.005
Gm4951	0.108922299917386	0.62106210731993	1	0.159	0.092	0.067
Aff4	0.111262072604678	-0.359253113538545	1	0.207	0.246	0.039
Col4a2	0.112763865116958	0.219150850372283	1	0.176	0.198	0.022
Sec24b	0.112992728450384	0.579645128428434	1	0.172	0.101	0.071
Man1c1	0.113037938816618	-0.925017472286882	1	0.053	0.101	0.048
Akap10	0.114140043282661	0.646612506676596	1	0.207	0.135	0.072
Osbpl1a	0.114380187644262	0.792756502774708	1	0.286	0.179	0.107
Arhgap29	0.11474757171656	-0.242800782371429	1	0.515	0.541	0.026
Slc2a1	0.11492291530765	0.419888183359153	1	0.423	0.372	0.051
Itm2b	0.115063871006624	0.395957963797061	1	0.225	0.213	0.012
Hectd1	0.115704919841044	0.120768725184345	1	0.326	0.3	0.026
Serinc3	0.115956219838995	0.325020064199339	1	0.348	0.285	0.063
Cab39	0.117378398686406	1.31829662940293	1	0.159	0.077	0.082
Lats1	0.11747405454232	1.93604037715726	1	0.101	0.034	0.067
Sdk1	0.118305095394337	-0.79142085507597	1	0.123	0.159	0.036
Clic4	0.118456387312359	0.216477924740247	1	0.348	0.285	0.063
Rrbp1	0.119470502084491	0.49066992015888	1	0.251	0.208	0.043
Ggnbp2	0.11953204462002	-0.678778343775182	1	0.053	0.101	0.048
Cradd	0.119874838418954	-0.68561161208647	1	0.211	0.275	0.064
Snd1	0.119932190597816	-0.633218414644958	1	0.128	0.193	0.065
Nlk	0.120170193168126	-0.959743432659804	1	0.07	0.121	0.051
Cst3	0.120550567734695	-0.329641014615334	1	0.154	0.169	0.015
Rbpms	0.121116318791222	0.146156807457016	1	0.621	0.546	0.075
Macrod2	0.121514641719179	-0.398279593333723	1	0.291	0.348	0.057
Myo10	0.121585233538046	0.272452131176102	1	0.41	0.357	0.053
Itga6	0.121869892675181	0.52873349518375	1	0.423	0.319	0.104
Tut7	0.12191173282358	0.61245671999331	1	0.216	0.155	0.061
Cyfip1	0.121974489003124	0.222984028459732	1	0.194	0.179	0.015
Mtss1	0.122213556254684	0.418723565506631	1	0.476	0.391	0.085
Otud7b	0.122287608757288	0.729655211253764	1	0.181	0.116	0.065
Ambra1	0.122345781298183	-0.14572920140507	1	0.233	0.227	0.00600000000000001
Myo1e	0.123231733100236	-0.502424753386451	1	0.282	0.391	0.109
Pcm1	0.123267550592594	-0.341429459037748	1	0.137	0.14	0.003
Sik2	0.123825751157184	-0.35216463744475	1	0.145	0.184	0.039
Ube3c	0.123926273728773	-0.748542795269461	1	0.088	0.121	0.033
Bbx	0.123958581655822	0.22491846198461	1	0.238	0.213	0.025
Btbd9	0.124922725651331	-0.507201636740422	1	0.216	0.227	0.011
Gng12	0.125972649001848	1.18903535242474	1	0.211	0.121	0.09
Atrnl1	0.126014166560247	-0.372060731102973	1	0.233	0.275	0.042
Rnf19a	0.128175509474605	0.687293987585147	1	0.185	0.145	0.04
Nedd9	0.128236448031632	-0.425298847477851	1	0.203	0.304	0.101
Foxn3	0.129343488726155	-0.156681675857897	1	0.573	0.565	0.00800000000000001
Hnrnpa2b1	0.129994030910208	0.522256571756358	1	0.295	0.213	0.082
Nrf1	0.130026568073245	0.548618115003108	1	0.225	0.174	0.051
Lats2	0.131095127391027	-0.719278639371995	1	0.123	0.159	0.036
Nhs	0.13171247596889	-0.473602874433398	1	0.181	0.246	0.065
Mef2a	0.132130806477689	0.141626299576513	1	0.445	0.459	0.014
She	0.132788826976951	0.203673793401981	1	0.167	0.13	0.037
Ccnl1	0.132984352232951	-0.36240240762934	1	0.167	0.184	0.017
Blmh	0.133013491790651	0.675518363260469	1	0.101	0.063	0.038
Armh3	0.133417146809838	-0.137843512950145	1	0.132	0.135	0.003
Crlf3	0.133451164110997	0.84755875052661	1	0.128	0.077	0.051
Zhx3	0.133691809437358	0.574155469759408	1	0.401	0.285	0.116
Calcrl	0.134838543419308	-0.632751034896508	1	0.308	0.367	0.059
Kat6b	0.135227226322801	-0.655228966800289	1	0.163	0.271	0.108
Sh3pxd2a	0.135525181067704	0.222929817606339	1	0.11	0.077	0.033
Ttc7b	0.136107233404395	-0.620814195243786	1	0.154	0.198	0.044
Smarca2	0.138215265334867	-0.229191571026695	1	0.463	0.512	0.049
Bmpr2	0.138385515129673	-0.285490118348324	1	0.687	0.681	0.00600000000000001
Kdm2a	0.140005404029768	-0.365316229711849	1	0.172	0.222	0.05
Ndrg1	0.141013309529413	0.186421071792072	1	0.22	0.193	0.027
Lims2	0.141345645247591	0.174282077664385	1	0.322	0.3	0.022
Lbr	0.143067070399423	-0.294230362091821	1	0.084	0.135	0.051
Myh9	0.143293644372306	0.151603179058543	1	0.273	0.232	0.041
Pcsk5	0.143531375062367	-0.667158466633579	1	0.079	0.116	0.037
Wtap	0.14389798523463	1.19100775636707	1	0.123	0.063	0.06
Mill2	0.14420495680881	-0.165983723770965	1	0.37	0.425	0.055
Cog5	0.144422940487601	0.627077402275457	1	0.339	0.261	0.078
Phf3	0.145625758071406	-0.25945117193077	1	0.106	0.097	0.00899999999999999
Tbc1d22a	0.146164898378927	-0.224700900635139	1	0.132	0.126	0.00600000000000001
Limch1	0.146519784262882	-0.216536380798951	1	0.59	0.667	0.0770000000000001
Ttyh2	0.14828517263896	0.387435875493262	1	0.106	0.116	0.01
Nedd4l	0.148448724936501	-0.341992696524356	1	0.194	0.232	0.038
Rbm33	0.149534609345539	0.443279676785907	1	0.163	0.111	0.052
Trim30a	0.150177711813275	0.325055028301658	1	0.225	0.227	0.002
Rap1gds1	0.150758416413999	-0.294076187779484	1	0.308	0.353	0.045
Vgll4	0.151744997149455	-0.551402055344997	1	0.172	0.193	0.021
Dock4	0.152535244232561	-0.268605674198652	1	0.806	0.816	0.0099999999999999
Arhgap5	0.153526269438957	0.464636609120609	1	0.145	0.092	0.053
Abcb1a	0.153672933374937	-0.23129962441281	1	0.709	0.787	0.0780000000000001
Tpd52	0.154269145423012	0.536997911126543	1	0.304	0.237	0.067
Kiz	0.155434060835169	-0.872182704046848	1	0.07	0.126	0.056
Ctnna1	0.155741113223577	-0.522285959912919	1	0.33	0.415	0.085
Son	0.156374846652254	0.361965130065454	1	0.537	0.498	0.039
Atf7	0.156514418469468	0.331816360452192	1	0.339	0.271	0.068
Gopc	0.156833323815871	0.146737888271873	1	0.128	0.092	0.036
Slc25a32	0.157977103382575	-0.579811798456778	1	0.066	0.111	0.045
Gtf2e2	0.159848824287616	-0.605587171300898	1	0.066	0.111	0.045
Brd4	0.160380955764637	-0.427394321359227	1	0.282	0.329	0.047
Eln	0.160735741975182	-0.726691745731911	1	0.291	0.362	0.071
Laptm4a	0.161458749025769	0.568091553364298	1	0.115	0.106	0.00900000000000001
Wdr37	0.162807511399742	0.534444272349364	1	0.242	0.208	0.034
Slc16a1	0.163778748669733	-0.928029831414348	1	0.062	0.116	0.054
Tbx1	0.164213025017172	-0.778533775145536	1	0.115	0.174	0.059
Tspan9	0.165583376827699	-0.2914845782561	1	0.317	0.362	0.045
Grb2	0.165657305460151	0.603838033270438	1	0.163	0.111	0.052
Ppp1r13b	0.166863149671276	-0.219678973558961	1	0.304	0.377	0.073
Ino80d	0.166895142978923	0.952380800541358	1	0.154	0.106	0.048
Zbtb20	0.168334744624209	-0.102446912201287	1	0.991	0.981	0.01
Sec14l1	0.168445282717602	0.806912097462118	1	0.181	0.13	0.051
Zfp638	0.16872771068349	-0.436849394856029	1	0.15	0.198	0.048
Kitl	0.168867089914975	-0.355432920729727	1	0.617	0.589	0.028
Zfp652	0.16899643949057	-0.194321204359727	1	0.15	0.155	0.005
Huwe1	0.169252232279534	0.130849771082763	1	0.225	0.174	0.051
Gfod2	0.170519574656754	-0.785208754651078	1	0.057	0.121	0.064
Pkd2	0.171304382402283	0.554541499838223	1	0.22	0.155	0.065
Tek	0.171406135420141	-0.20383666633752	1	0.727	0.807	0.0800000000000001
Rptor	0.171543468801897	-1.0448212844637	1	0.088	0.169	0.081
Cd34	0.171564052953835	0.611488928447596	1	0.123	0.077	0.046
Rbm25	0.172103261736528	-0.42848783310943	1	0.251	0.29	0.039
Slc39a10	0.172393693767441	0.349682654058844	1	0.476	0.401	0.075
Cldn5	0.172446711310891	-0.343020038648761	1	0.436	0.464	0.028
Wdr33	0.172567909652589	-0.18294426452974	1	0.211	0.232	0.021
Kif5b	0.17362586734537	0.516174602611847	1	0.291	0.232	0.059
Prkg1	0.174105832421057	0.243818491911385	1	0.837	0.821	0.016
Pcca	0.17413142529324	-0.122591964904388	1	0.485	0.454	0.031
Stxbp3	0.175789407443804	0.693800175520523	1	0.101	0.058	0.043
Stt3b	0.175901240086284	0.876730095186592	1	0.207	0.135	0.072
Zmym5	0.175905258601324	0.157080362956381	1	0.15	0.111	0.039
Thsd1	0.177431499402715	-0.343042565547364	1	0.374	0.406	0.032
Arfgef1	0.17746112052182	-0.257418158874157	1	0.211	0.232	0.021
Nrxn1	0.177906421026191	-0.846638290985118	1	0.604	0.633	0.029
Mgat4a	0.178124833562802	0.575549252413682	1	0.11	0.087	0.023
Aplp2	0.178315342759278	-0.592785535882281	1	0.154	0.203	0.049
Hnrnph3	0.179080190623714	0.112556895427647	1	0.115	0.111	0.004
Ubxn4	0.179936974552458	1.16042390250273	1	0.11	0.053	0.057
Il1r1	0.180532122717464	0.208463451602885	1	0.374	0.353	0.021
Egfl7	0.181217687613612	0.161633422158785	1	0.665	0.604	0.0610000000000001
Apbb2	0.181252323632664	-0.188057319150337	1	0.797	0.787	0.01
Ddi2	0.181272679244088	-0.392325396747995	1	0.11	0.164	0.054
B4galt1	0.181636385131862	-0.76553203544027	1	0.132	0.203	0.071
Cnot6	0.182219867971028	0.428088053069671	1	0.11	0.101	0.00899999999999999
Mtpap	0.182551392268645	-0.712539537964847	1	0.119	0.179	0.06
Bsg	0.183169369233553	-0.245595561745254	1	0.449	0.478	0.029
Ctnnb1	0.18321657074863	-0.451052889662102	1	0.198	0.222	0.024
Rps6ka3	0.183233640913962	-0.323224961868409	1	0.132	0.135	0.003
Rcsd1	0.183764257455189	0.650212815699353	1	0.15	0.121	0.029
Rundc3b	0.183949612324734	0.126086780837662	1	0.656	0.58	0.0760000000000001
Mxra7	0.18442800904467	-1.1516677475007	1	0.048	0.116	0.068
Fndc3a	0.184501842604435	0.201372201956227	1	0.207	0.164	0.043
Rhoa	0.184939676107352	0.439385549414622	1	0.225	0.193	0.032
Rapgef4	0.185520201824169	-0.19738251104482	1	0.383	0.401	0.018
Elk4	0.18652873432511	0.73455078124226	1	0.132	0.097	0.035
Eif3a	0.186840249611205	0.162817930673955	1	0.172	0.135	0.037
Slc16a4	0.187403408807506	-0.406225543854514	1	0.141	0.155	0.014
Pdlim5	0.18775412243059	0.155958574782013	1	0.471	0.483	0.012
Sil1	0.189194766853269	1.24067550503461	1	0.119	0.048	0.071
Tanc1	0.189944803537733	0.247613895263754	1	0.48	0.43	0.05
Rap1b	0.190073679843193	0.467941299449874	1	0.207	0.179	0.028
Cdk12	0.190991974006377	0.451304723946201	1	0.273	0.188	0.085
Eef1a1	0.191319319170358	0.666389894509278	1	0.137	0.087	0.05
Zfp608	0.191380231700333	0.299441760988197	1	0.207	0.184	0.023
Pnn	0.191427665042455	2.12759081037344	1	0.106	0.034	0.072
Zfr	0.191670172084843	0.410764378817211	1	0.132	0.097	0.035
Phf20	0.191717860678495	0.935341931667056	1	0.207	0.135	0.072
Chmp3	0.19336570270403	0.790391211096931	1	0.11	0.072	0.038
Polr2a	0.195379140774878	1.0288819758266	1	0.123	0.101	0.022
Ddx60	0.196267418252308	-0.262346826161712	1	0.198	0.246	0.048
Msn	0.197363187399158	0.343792262010452	1	0.189	0.155	0.034
Pcnx	0.198031813789703	0.38443222419187	1	0.317	0.242	0.075
Pde8a	0.200287772111497	0.129360413648488	1	0.379	0.324	0.055
Acox1	0.20060519126267	-0.885302355378986	1	0.088	0.121	0.033
Zkscan3	0.200695003399816	0.557514160267034	1	0.123	0.092	0.031
Casd1	0.20076181482829	-0.638358504771884	1	0.066	0.101	0.035
Srgn	0.200839720200057	0.70707294216796	1	0.145	0.106	0.039
Gk5	0.201287124563762	-0.518536780590057	1	0.119	0.13	0.011
Vcam1	0.201974089673859	0.889410902942888	1	0.211	0.198	0.013
Lmntd1	0.20226436336846	-0.346785622723864	1	0.229	0.28	0.051
Rnf111	0.20235908076102	-0.687802421054266	1	0.093	0.135	0.042
Apcdd1	0.20334853817785	-0.61355012274006	1	0.176	0.256	0.08
Nrbp1	0.2033840250371	-0.329867960086719	1	0.07	0.111	0.041
Arid5b	0.205447920043874	-0.461808752039682	1	0.26	0.314	0.054
Sesn1	0.206217076547293	0.122385289031765	1	0.264	0.222	0.042
Gsk3b	0.208407448777825	0.167412515331674	1	0.326	0.271	0.055
Ap3b1	0.209455730213131	-0.140555027432197	1	0.203	0.213	0.00999999999999998
Ptpn14	0.209658458523867	-0.416057770117979	1	0.335	0.343	0.00800000000000001
Asxl1	0.210324502691191	-0.587742618909141	1	0.203	0.28	0.077
Auts2	0.210474980469747	-0.389669461095501	1	0.542	0.594	0.0519999999999999
Gab2	0.2105079010336	-0.319963230468544	1	0.383	0.411	0.028
Kras	0.210886519034389	0.211033460054741	1	0.194	0.198	0.004
Kdm4c	0.211365151861724	-0.134668560735543	1	0.194	0.184	0.01
Senp6	0.212234023478088	-0.583992103071216	1	0.128	0.169	0.041
Btbd1	0.212610834238577	0.953827712166193	1	0.203	0.111	0.092
Trip11	0.214256858846143	-0.447997745527508	1	0.07	0.13	0.06
Bbs9	0.214551326312837	-0.333830679184085	1	0.145	0.169	0.024
Ywhaq	0.214900270358459	0.465702532656856	1	0.167	0.135	0.032
Tll1	0.215578009839447	0.223500275920288	1	0.172	0.174	0.002
Cdc42bpa	0.215955933405221	0.120966886615982	1	0.273	0.237	0.036
Rnf216	0.216086983463229	-0.557959893124919	1	0.176	0.227	0.051
Gbf1	0.217059904129169	-0.465707285593233	1	0.106	0.116	0.01
Snx24	0.217097939056235	-0.603321362999662	1	0.159	0.232	0.073
Klf3	0.218798069691175	0.305732403452434	1	0.238	0.227	0.011
Elavl1	0.218937874754411	-0.580796337745052	1	0.066	0.101	0.035
Rcor1	0.220366146049032	0.468816846477499	1	0.115	0.097	0.018
Cadm1	0.221216066556905	-0.374563462270165	1	0.194	0.213	0.019
Lama4	0.221380087927058	-0.121557222438029	1	0.317	0.319	0.002
Mms19	0.221453448008493	0.291297930998404	1	0.145	0.111	0.034
Sparcl1	0.22183813411267	0.664656314933911	1	0.229	0.155	0.074
Smg6	0.222271336637449	0.190956828990808	1	0.441	0.362	0.079
Ifi203	0.223375335111494	-0.835317129269712	1	0.093	0.169	0.076
Cfdp1	0.223447962775664	-1.00735368261138	1	0.084	0.184	0.1
Igsf5	0.224416678638666	0.195679885646402	1	0.119	0.145	0.026
Zzz3	0.226144375473742	-0.283090000403675	1	0.145	0.145	0
Rplp1	0.226177935479519	-0.878846334457509	1	0.075	0.121	0.046
Znrf3	0.226432967394172	0.40291397101052	1	0.379	0.333	0.046
Larp4b	0.226643541403973	-0.471636389874033	1	0.123	0.145	0.022
Dennd6a	0.226739898970977	-0.425239499231719	1	0.167	0.203	0.036
Msrb3	0.227121225143605	0.126786550367802	1	0.286	0.266	0.02
Chd7	0.227135149859043	-0.788078093032834	1	0.106	0.145	0.039
Shoc2	0.227863561676844	0.320477795851619	1	0.229	0.174	0.055
Tead1	0.2280618105186	0.752110081268683	1	0.22	0.169	0.051
Zdhhc18	0.228154637854493	-0.881532125919874	1	0.057	0.111	0.054
Cntln	0.228213068563836	0.215844167734196	1	0.207	0.155	0.052
Oasl2	0.229958435653088	0.244331019368724	1	0.145	0.145	0
Ikzf2	0.229977224202441	-0.98831965083979	1	0.062	0.106	0.044
Tasor	0.230609276667066	0.506823078734229	1	0.37	0.319	0.051
Ghr	0.230998079776329	-0.378015298183551	1	0.445	0.483	0.038
Cdc14a	0.232868047910137	0.802733717032714	1	0.198	0.14	0.058
Tacc1	0.233084809599111	0.336732064904667	1	0.41	0.329	0.081
Pacs1	0.233090980578542	-0.420952920900147	1	0.282	0.324	0.042
Cep112	0.233230241601021	-0.420369255399533	1	0.159	0.188	0.029
Cdh13	0.233256297293603	-0.442160150707373	1	0.093	0.169	0.076
Extl3	0.233529899320696	-0.422048440838303	1	0.326	0.382	0.056
Lcorl	0.236195017727328	-0.468729193498677	1	0.163	0.208	0.045
Phf20l1	0.236913000425128	0.52416962368165	1	0.207	0.14	0.067
Csmd1	0.237910449523677	-0.159533995615653	1	0.511	0.565	0.0539999999999999
Fgf14	0.239056733157897	-0.183598788024021	1	0.511	0.565	0.0539999999999999
Picalm	0.242049980382199	-0.216269042191883	1	0.405	0.444	0.039
Fam172a	0.242413988119861	0.137816720151534	1	0.392	0.329	0.063
Adam15	0.24284630238521	-0.557882715695904	1	0.07	0.116	0.046
Gbe1	0.243173499161759	0.230422231621571	1	0.419	0.367	0.052
Atl3	0.243441289557145	-0.716816345058226	1	0.084	0.14	0.056
Mipol1	0.243553709980833	1.54671842215065	1	0.15	0.058	0.092
Gpbp1l1	0.244406339200352	-0.25186377491926	1	0.132	0.164	0.032
Zfp609	0.245033457986946	-0.647375894132529	1	0.101	0.159	0.058
Rgl1	0.24505014030648	-1.17475494655638	1	0.044	0.101	0.057
Rbms2	0.245163752969089	0.353207916399981	1	0.216	0.159	0.057
Tgm2	0.245552359500218	-0.765228868928194	1	0.093	0.135	0.042
Kank3	0.245646131356299	-0.325808540949851	1	0.317	0.357	0.04
Rpl13	0.245937035117157	0.915988055229586	1	0.115	0.063	0.052
BC028528	0.247003604766902	1.08231546614851	1	0.128	0.068	0.06
Arhgef10	0.24778229267464	-0.330682438201533	1	0.101	0.116	0.015
Pias1	0.248216515309332	0.616614025187611	1	0.172	0.111	0.061
Upf3b	0.24919261825907	0.863158117621549	1	0.106	0.077	0.029
St6galnac2	0.249846017694983	0.563491170190422	1	0.11	0.082	0.028
Rasal2	0.250371171404668	0.241339788478792	1	0.762	0.734	0.028
Wbp1l	0.250750159120299	0.819034967780193	1	0.167	0.106	0.061
Rock1	0.251170724871203	0.390037375136352	1	0.388	0.309	0.079
Notch1	0.252218860648003	0.166517781245165	1	0.132	0.101	0.031
Eci2	0.252262997127435	-0.826593719462865	1	0.075	0.126	0.051
Wnk1	0.252535903992441	0.15457949540252	1	0.344	0.295	0.049
Gpatch8	0.253781899922823	0.475527089782963	1	0.211	0.145	0.066
Fas	0.25394906049393	-0.102642104456085	1	0.106	0.097	0.00899999999999999
Zfp277	0.259487289868258	-1.10497450225083	1	0.093	0.155	0.062
Rftn1	0.259686978480658	0.929876313687205	1	0.128	0.077	0.051
Hipk3	0.259774592454471	0.650842748308209	1	0.189	0.14	0.049
Ankrd44	0.260335759623602	-0.841585143798235	1	0.159	0.227	0.068
Glul	0.261339740200695	0.559485579129011	1	0.132	0.101	0.031
Slc66a2	0.261576441031553	-0.563793606276293	1	0.075	0.106	0.031
Cadm2	0.261859564830948	-0.13722128002434	1	0.546	0.58	0.0339999999999999
Bche	0.262373398585536	-0.598249545430384	1	0.07	0.101	0.031
Tmem135	0.262497192266447	-0.225039243958049	1	0.154	0.159	0.005
Rhoj	0.262541932113574	0.123651493921213	1	0.33	0.28	0.05
Pcdh19	0.262744990126322	-0.104553156789394	1	0.084	0.13	0.046
Dixdc1	0.263183707880845	0.290425729738672	1	0.115	0.077	0.038
Cnot2	0.264255247207862	0.693816043141674	1	0.159	0.092	0.067
Hdac9	0.264424505671415	0.160997560908411	1	0.467	0.464	0.003
Stx16	0.264436267206919	-0.860450020712671	1	0.066	0.101	0.035
Actb	0.265989033976934	0.367566902685373	1	0.159	0.155	0.004
Ankrd13a	0.266274575840681	-0.804469975371866	1	0.066	0.101	0.035
Zbtb4	0.266406597864419	-1.20384921267563	1	0.053	0.121	0.068
Sec62	0.267054669303825	0.17512341775084	1	0.141	0.116	0.025
Epb41l2	0.269111235907863	-0.264285886097939	1	0.132	0.193	0.061
Fmo2	0.269704571473625	0.417540879903047	1	0.167	0.14	0.027
Adgrf5	0.269845731544371	0.121889959252192	1	0.687	0.686	0.001
Dapk1	0.270092314343275	0.113229055386815	1	0.084	0.101	0.017
Arcn1	0.270170092523319	0.593609134309952	1	0.123	0.077	0.046
Rbm20	0.270355773247714	0.155146650634602	1	0.172	0.145	0.027
Stat1	0.271417687937215	0.489516500345535	1	0.145	0.135	0.00999999999999998
Taf3	0.272025595208978	-0.803184819096864	1	0.137	0.208	0.071
Fmnl2	0.272370586588771	0.269799730220258	1	0.489	0.411	0.078
H3f3b	0.272547104615799	-0.474214679385059	1	0.137	0.155	0.018
Col4a1	0.272912508013386	0.410884291344273	1	0.194	0.159	0.035
Gab1	0.27554367105134	-0.205797786305228	1	0.361	0.415	0.054
Stk10	0.27561718905004	-0.885543307255825	1	0.075	0.13	0.055
Smad3	0.27588291431796	-0.483130233030893	1	0.145	0.208	0.063
Slc6a6	0.277262234088301	-0.133272048914816	1	0.692	0.768	0.0760000000000001
Cers5	0.277777481261554	0.660015913152972	1	0.132	0.082	0.05
Atad2b	0.278666369517207	-0.258483151700873	1	0.163	0.159	0.004
Pcbp2	0.278734345633795	1.19084664587439	1	0.132	0.058	0.074
Myo6	0.279047812067721	0.388584106463778	1	0.242	0.222	0.02
Cachd1	0.27946112512931	0.494702810388048	1	0.269	0.232	0.037
Id3	0.279642885812493	0.777663594458063	1	0.11	0.092	0.018
Ubap2l	0.28027866255857	0.706260424414386	1	0.15	0.106	0.044
Serinc5	0.28193535062823	0.665775456734468	1	0.123	0.072	0.051
Hltf	0.282353634613454	-0.197714317964506	1	0.128	0.15	0.022
Prkd2	0.282493835573393	0.312623148013043	1	0.163	0.121	0.042
Adgrl2	0.282670405876985	0.302669559581303	1	0.507	0.473	0.034
Tlk1	0.283436842753421	-0.478476497592286	1	0.123	0.179	0.056
Usp25	0.283640849247199	-0.217516054466406	1	0.203	0.222	0.019
Mdfic	0.284203499010536	0.134576655566455	1	0.15	0.126	0.024
Arih1	0.285248688099981	0.474008954730254	1	0.348	0.266	0.082
Wdfy3	0.285915872278355	0.387769796970812	1	0.207	0.15	0.057
Slc1a1	0.285961753090559	1.13390872344673	1	0.123	0.068	0.055
Grk5	0.286208067729801	0.110759645850032	1	0.432	0.367	0.065
Limk2	0.286595141506629	0.450932244938863	1	0.141	0.111	0.03
Suclg2	0.286689814695137	-0.208684031729629	1	0.11	0.14	0.03
Net1	0.286740984830731	0.251674908193623	1	0.123	0.121	0.002
Serpinb6a	0.288054097283134	-0.977731877695662	1	0.079	0.121	0.042
Csnk2a1	0.28851372843271	-0.138800317514588	1	0.137	0.126	0.011
Sh3bp4	0.288727690301918	0.289063226171531	1	0.185	0.135	0.05
St3gal4	0.289234936793649	-0.733530102115459	1	0.137	0.184	0.047
Chd2	0.290770583069114	-0.383069176579918	1	0.172	0.227	0.055
Swt1	0.291031112978576	0.34770370559992	1	0.115	0.111	0.004
Nrip1	0.291139725466241	-0.60691755123981	1	0.159	0.232	0.073
Pkn1	0.293161590397295	0.479043974697408	1	0.167	0.13	0.037
Ankhd1	0.293642756014599	0.38626506044967	1	0.352	0.3	0.052
Ccar1	0.293689875449324	-0.547692672088067	1	0.07	0.116	0.046
Capn2	0.293871020373921	0.311999021728418	1	0.159	0.121	0.038
Klf2	0.293992832195998	0.350101452314165	1	0.15	0.116	0.034
C2cd2	0.29448666279414	0.22377026262995	1	0.106	0.072	0.034
Tpm3	0.295010419641131	0.601245022556614	1	0.216	0.15	0.066
Lmbr1	0.295152189616146	0.571235110753889	1	0.123	0.072	0.051
Zfp207	0.295159481160053	-1.20798756413919	1	0.066	0.121	0.055
Ints9	0.295445645159888	1.12590788361271	1	0.11	0.068	0.042
Cbl	0.296566280160088	-0.221659988062693	1	0.137	0.155	0.018
Pitpna	0.296819744450724	-0.442030995072429	1	0.15	0.169	0.019
Wdr20	0.297317221495429	-0.929216498230971	1	0.062	0.111	0.049
Rassf8	0.298132769903135	-0.455274920170477	1	0.194	0.237	0.043
Dnajc1	0.29820986414061	-0.138922291334254	1	0.317	0.319	0.002
Csnk1g1	0.298572768892817	-0.447080591675078	1	0.119	0.126	0.00700000000000001
Hprt	0.298617848389271	-0.622837520208071	1	0.084	0.14	0.056
Atxn1	0.298868854071919	-0.169451840342141	1	0.379	0.367	0.012
Wwp2	0.299061508571521	-0.232890182076903	1	0.11	0.111	0.001
Tom1l2	0.299172087182587	-0.295565652096157	1	0.137	0.155	0.018
Xrcc4	0.299548702639467	0.175535030307729	1	0.185	0.184	0.001
Sipa1l3	0.300269264915376	0.811360522559549	1	0.11	0.058	0.052
B3gnt2	0.301021276859306	-0.542780315980242	1	0.154	0.227	0.073
Zfp521	0.301148131859267	0.5011892127636	1	0.401	0.333	0.068
Hspa12b	0.301486333418621	0.431480390268645	1	0.339	0.28	0.059
Atp8a1	0.301546297348231	-0.31073010654357	1	0.463	0.517	0.054
Tet3	0.303289410466704	-0.982694613976638	1	0.088	0.13	0.042
Lama3	0.303391018979946	-0.681180673094885	1	0.159	0.246	0.087
Fbxw2	0.303756955613147	0.361899522709318	1	0.101	0.082	0.019
Lpp	0.303781626766266	0.277262473803072	1	0.441	0.372	0.069
Lsamp	0.304412682975437	-0.104796850851124	1	0.621	0.638	0.017
Klhl24	0.30456011853852	-0.611224121081895	1	0.093	0.13	0.037
Btbd7	0.304561658517119	0.207311061147085	1	0.441	0.386	0.055
Sorbs2	0.305733958234869	-0.144993064657278	1	0.819	0.874	0.055
Adgrl4	0.305748111337883	0.263234916790985	1	0.877	0.836	0.041
Zic2	0.305878716887025	0.765709659662793	1	0.106	0.068	0.038
Shank3	0.305897580664578	0.265836694968369	1	0.317	0.275	0.042
Diaph1	0.30593379422463	0.166421933129847	1	0.225	0.188	0.037
Eya3	0.305971779446717	0.756330520200075	1	0.101	0.087	0.014
Arpc2	0.306345020772045	0.369918431760674	1	0.185	0.169	0.016
Ikbkb	0.309057296713855	0.361479672601505	1	0.176	0.14	0.036
Adgrb3	0.310731602343665	-0.152047832153678	1	0.48	0.527	0.047
Snx2	0.312597755727	0.163803381045947	1	0.123	0.101	0.022
Vwf	0.315402365950899	0.384872758118122	1	0.533	0.44	0.093
Rbfox2	0.316114742093815	-0.170579041623554	1	0.63	0.652	0.022
Fnbp1l	0.31654773974346	0.289611471179878	1	0.357	0.343	0.014
Nrxn3	0.316562534872766	-0.141899096111556	1	0.537	0.58	0.0429999999999999
Kcmf1	0.316708131397459	0.152291266590944	1	0.211	0.213	0.002
Kif13a	0.316900784795801	-0.239035135608714	1	0.163	0.198	0.035
Acer2	0.317183325633493	0.147238771365116	1	0.41	0.372	0.038
Exoc6b	0.318560024974006	-0.15170748785751	1	0.727	0.725	0.002
Ank2	0.318589182054712	-0.206018747036845	1	0.436	0.473	0.037
Ccnyl1	0.319082642105866	0.336955377947028	1	0.181	0.169	0.012
Fli1	0.319086406350226	0.148268214813437	1	0.771	0.734	0.037
Ttc23	0.319541731865232	-0.362993086153594	1	0.119	0.179	0.06
Fzd6	0.319888229141131	-0.265987739530505	1	0.41	0.444	0.034
Arhgap31	0.320018542388412	-0.101387292956508	1	0.78	0.739	0.041
Pik3r6	0.32050405349854	0.456429644237544	1	0.132	0.111	0.021
Ocln	0.321049389595203	0.247580184841396	1	0.419	0.367	0.052
Zfp366	0.321679338179429	0.254384885905722	1	0.405	0.43	0.025
Col5a2	0.323594203570894	-0.593321499063532	1	0.172	0.222	0.05
Kank4	0.324670424793735	0.229323519430034	1	0.154	0.126	0.028
Celf2	0.325689578794245	0.171590074973041	1	0.59	0.633	0.043
Amotl1	0.325757604770563	-0.780464813008938	1	0.079	0.13	0.051
N4bp1	0.325978723068274	-0.666672001955663	1	0.088	0.116	0.028
Rapgef3	0.327159710998971	0.113748123248779	1	0.132	0.116	0.016
Ppp6c	0.327528643023415	-0.767143375453673	1	0.062	0.106	0.044
Casp12	0.328541423788515	0.629820725899914	1	0.141	0.092	0.049
Nfat5	0.329110102951607	-0.175905708149495	1	0.612	0.652	0.04
Chst11	0.329420011878553	-0.116129462523868	1	0.335	0.386	0.051
Nuak1	0.330010547315056	-0.603110070577817	1	0.141	0.198	0.057
Exoc6	0.330502700237622	0.197284780059522	1	0.405	0.357	0.048
Kcnip4	0.331163280192404	-0.253415665191091	1	0.529	0.57	0.0409999999999999
Dusp11	0.331930611307171	0.522630669638736	1	0.11	0.087	0.023
Ldlrad4	0.333794058350649	-0.162112438069093	1	0.366	0.396	0.03
Dmxl1	0.334375388081941	-0.30619146158849	1	0.07	0.106	0.036
Psma3	0.334522162630872	1.03888361831012	1	0.11	0.058	0.052
Tcf7l1	0.33465182866427	0.18953690917015	1	0.22	0.203	0.017
Lamb2	0.335075604756862	0.395778004635876	1	0.128	0.106	0.022
Stim2	0.336138494770457	0.256318302851891	1	0.308	0.246	0.062
Trim25	0.336758547271227	-0.506087125469806	1	0.115	0.184	0.069
Nrd1	0.336937705617326	0.381617307024675	1	0.145	0.111	0.034
Zfx	0.338749822299113	-0.36982032371805	1	0.132	0.179	0.047
Matr3	0.338772680102087	0.3268528756999	1	0.167	0.116	0.051
Rabgap1	0.339420690749804	0.381816981504707	1	0.207	0.145	0.062
Rapgef6	0.340208356964326	0.44828232022695	1	0.317	0.266	0.051
Tnrc6b	0.341856583620707	0.250252207542765	1	0.317	0.266	0.051
Birc6	0.342581358901311	-0.11742750360841	1	0.256	0.256	0
Phactr2	0.342939656614535	-0.420694153703512	1	0.264	0.333	0.069
Sgk3	0.345205865192619	-0.787471968446059	1	0.093	0.15	0.057
Dpp8	0.345892673838234	0.608934083334855	1	0.15	0.116	0.034
Tdrd7	0.346656396145234	0.231496180241205	1	0.119	0.092	0.027
Jarid2	0.346717239342572	0.670768688446101	1	0.159	0.13	0.029
Magi2	0.347072732158686	-0.169255138216099	1	0.493	0.541	0.048
Cast	0.347438699054291	0.166881962605746	1	0.247	0.227	0.02
Prkd3	0.348159637180849	0.250355908819523	1	0.229	0.174	0.055
Apobec3	0.350146821475486	0.24713497798209	1	0.22	0.184	0.036
Nos1	0.350271919747018	-1.11760470969455	1	0.062	0.111	0.049
Xrn1	0.351695261353685	0.264356689166739	1	0.203	0.188	0.015
Adam10	0.352017508502334	-0.219480782771692	1	0.423	0.483	0.06
Mib1	0.352800716348291	0.144798974416567	1	0.101	0.077	0.024
Srrm1	0.355005172973554	1.47369214114318	1	0.132	0.058	0.074
Ppard	0.355726533558238	0.227110053360239	1	0.238	0.184	0.054
Pten	0.355935987615433	0.494259831895306	1	0.189	0.145	0.044
Stx12	0.356774194510859	1.43609903435462	1	0.11	0.058	0.052
Ireb2	0.356900230645809	-0.375372131069945	1	0.106	0.111	0.005
Zfp423	0.357810579231149	-0.227607569089098	1	0.264	0.304	0.04
Ss18	0.357982924880767	-0.185582925306674	1	0.145	0.188	0.043
Csgalnact1	0.358106751057899	0.26471130054157	1	0.529	0.488	0.041
Sos2	0.36097764393093	-0.178701110964675	1	0.238	0.261	0.023
Atp6v0a1	0.361387362548177	-0.418318646993473	1	0.084	0.106	0.022
Zfp704	0.361861815290943	0.240387457085778	1	0.176	0.155	0.021
Pdcd10	0.362336521657249	0.807946628573719	1	0.128	0.082	0.046
Fam118b	0.362500187931247	-0.656509701533718	1	0.123	0.164	0.041
Dnajc10	0.362683904239668	-0.366829912868525	1	0.079	0.116	0.037
Zranb1	0.364280750804848	-0.603815580613725	1	0.07	0.106	0.036
Mospd1	0.364414591701901	-0.464673631161951	1	0.066	0.106	0.04
Rigi	0.364802543567504	0.344716988903458	1	0.11	0.087	0.023
Pik3r1	0.367147333955282	-0.302544555083985	1	0.115	0.121	0.00599999999999999
Tbc1d23	0.367212358250744	-0.330665054852041	1	0.084	0.101	0.017
Gatad2b	0.367302555515376	0.447075902910554	1	0.167	0.121	0.046
Mef2c	0.367744918811689	0.165354569566125	1	0.467	0.43	0.037
Phactr1	0.368605796878974	-0.270409467253493	1	0.454	0.493	0.039
Babam2	0.36887491791359	-0.439219568425691	1	0.291	0.357	0.066
Flt4	0.369113080457678	0.848207622139617	1	0.119	0.072	0.047
Acvr1	0.369436617477714	0.290095387592843	1	0.251	0.261	0.01
Nlgn1	0.369641301507558	-0.219707263254509	1	0.489	0.536	0.047
Pros1	0.370183071997567	0.357788728286784	1	0.159	0.116	0.043
Rsf1	0.370351523120199	-0.79957563804334	1	0.101	0.155	0.054
Crybg3	0.370381761395562	0.172253821166131	1	0.286	0.232	0.054
Rasgrp2	0.370751872299024	-0.990730155896702	1	0.066	0.116	0.05
Pds5a	0.370752045047441	-0.140290865151642	1	0.198	0.188	0.01
Psme4	0.370862246431327	0.669346028647528	1	0.115	0.082	0.033
Elf1	0.372509808257861	-0.351887130350448	1	0.3	0.324	0.024
Ctdspl2	0.372587147739428	0.549168897023988	1	0.167	0.135	0.032
Cysltr1	0.372850471558384	0.647601024410288	1	0.172	0.135	0.037
Cgnl1	0.372987823481112	-0.403809569354977	1	0.352	0.43	0.078
Mal	0.373005303275016	-0.669780705689086	1	0.088	0.116	0.028
Sox13	0.37317218851007	-0.388809608410218	1	0.242	0.251	0.00900000000000001
Arhgef15	0.373717068070405	0.182302661075244	1	0.154	0.126	0.028
Pak2	0.37387827407431	0.415071106882162	1	0.269	0.232	0.037
Scarf1	0.374354306495143	0.770306895268529	1	0.163	0.097	0.066
Cop1	0.375293113547924	-0.420990221323369	1	0.11	0.121	0.011
Gbp4	0.37676504974846	0.297545760536731	1	0.211	0.155	0.056
Notch4	0.376843447125005	-0.584526451054293	1	0.097	0.135	0.038
Tal1	0.377648498109583	-0.548076258762434	1	0.097	0.13	0.033
Ccdc186	0.378634567581703	0.466227756047912	1	0.11	0.092	0.018
Ctsh	0.379385112335143	0.356796916995335	1	0.145	0.121	0.024
Ap1s2	0.379793467297933	0.457899516185731	1	0.145	0.121	0.024
Mapk14	0.379844686968005	0.39418444449676	1	0.132	0.092	0.04
Klhl5	0.379967660412351	-0.27802447024625	1	0.313	0.382	0.069
Cmip	0.381707915085791	-0.746285706506495	1	0.066	0.106	0.04
Cox16	0.382212318965557	-0.377034202586009	1	0.181	0.232	0.051
Ezh1	0.382466220253412	-0.608987051436515	1	0.181	0.222	0.041
Dstn	0.383151192378089	-0.695242012185379	1	0.066	0.121	0.055
Ncoa1	0.384625592666125	0.107128996417132	1	0.379	0.319	0.06
Ubxn7	0.384676911219	-0.48834774173834	1	0.115	0.145	0.03
Abl2	0.385343902740115	-0.59803636965049	1	0.066	0.121	0.055
Vim	0.386096105763081	-0.159731140347394	1	0.101	0.111	0.01
Aff1	0.386543071684757	0.281462894758246	1	0.348	0.329	0.019
Ralgapa2	0.38958976460225	0.959469120249775	1	0.194	0.097	0.097
Tmed5	0.390313764015279	1.10614606410505	1	0.115	0.068	0.047
Clybl	0.39264125960708	0.60359894177615	1	0.137	0.092	0.045
Dicer1	0.392663690967846	-0.40253938281462	1	0.088	0.116	0.028
Fnip2	0.393003027129657	-0.72875235043838	1	0.119	0.198	0.079
Nxpe4	0.393819277922369	0.11387440363337	1	0.67	0.696	0.0259999999999999
Itga5	0.394882975814713	0.151545844049617	1	0.101	0.077	0.024
Pik3r3	0.400490211975737	0.240599636076122	1	0.366	0.353	0.013
Mosmo	0.400925326990676	0.816174563742877	1	0.101	0.063	0.038
Arl6ip5	0.401656225991616	-0.545654139204422	1	0.119	0.184	0.065
Nckap1	0.401867165855956	0.108046854165563	1	0.189	0.174	0.015
Mfhas1	0.403010868162181	-0.135492902691345	1	0.313	0.324	0.011
Rbm5	0.40315814006453	0.435422100947361	1	0.172	0.13	0.042
Tra2a	0.403359430437226	-0.370138099732056	1	0.189	0.242	0.053
Lmo7	0.403720196420071	0.162406110561661	1	0.291	0.304	0.013
Ube3a	0.404810674159827	0.649610705169913	1	0.101	0.068	0.033
Map4	0.406144663093814	0.227209577620955	1	0.48	0.464	0.016
Ktn1	0.406959658450582	0.129457022861515	1	0.163	0.13	0.033
Jcad	0.407679003756249	0.259919417977056	1	0.445	0.396	0.049
Egflam	0.407819103875864	-0.425237120277743	1	0.088	0.111	0.023
Ccdc91	0.408199442686757	-0.896289973231869	1	0.084	0.13	0.046
Bcl2l1	0.409322763406192	0.20026479653663	1	0.344	0.295	0.049
Ttc14	0.409603550396119	0.401007254362363	1	0.119	0.092	0.027
Actn4	0.413157010789597	0.362064494737155	1	0.282	0.256	0.026
Ptprk	0.413482809136612	0.398985716031911	1	0.432	0.329	0.103
Smg1	0.414035688547568	-0.416827728912065	1	0.176	0.193	0.017
Lrmda	0.414958342163452	0.574279343331295	1	0.515	0.454	0.061
Nsmce2	0.4158571187424	-0.716610659592155	1	0.141	0.188	0.047
Lrp5	0.416172205107048	-0.192203299741716	1	0.145	0.14	0.00499999999999998
Unc13c	0.416575698480174	0.119793843001037	1	0.141	0.13	0.011
Nufip2	0.417710506602023	-0.561210913205085	1	0.11	0.159	0.049
Capzb	0.41815070651756	-0.505375400325651	1	0.106	0.126	0.02
Unc13b	0.41867310107875	-0.152801444391889	1	0.524	0.527	0.003
Vps13d	0.420414705931861	-0.397678555536527	1	0.203	0.227	0.024
Abi1	0.422162348466425	0.177889023470587	1	0.432	0.401	0.031
Degs2	0.422359312257896	-0.551134572617023	1	0.115	0.169	0.054
Immp2l	0.422619909275189	-0.340844183843954	1	0.33	0.396	0.066
Papola	0.422653926801345	0.530155373838606	1	0.181	0.145	0.036
Rabep1	0.422957514951109	0.486486578635725	1	0.137	0.097	0.04
Epc2	0.423019760716765	-0.303864554932454	1	0.088	0.116	0.028
Kif2a	0.423891664857766	0.568445213167393	1	0.15	0.121	0.029
Herc2	0.425610017315416	0.232277896177236	1	0.216	0.174	0.042
Chchd3	0.425662858163393	0.362974953551531	1	0.119	0.106	0.013
Wasf2	0.427695714014372	0.291298686350683	1	0.432	0.367	0.065
Tmtc4	0.428482939979625	-0.86965271653525	1	0.097	0.145	0.048
Dcaf6	0.430174039898141	-0.712269175154964	1	0.066	0.111	0.045
Exoc4	0.432606955150295	-0.145896029343654	1	0.608	0.609	0.001
Ankrd11	0.432723051595846	0.388404178442048	1	0.317	0.28	0.037
Tpr	0.43313013460298	0.107797006729335	1	0.137	0.116	0.021
H2-Q6	0.4333024377159	0.374351644393968	1	0.11	0.111	0.001
Niban2	0.437421386472656	0.175156449039161	1	0.132	0.155	0.023
Zmynd11	0.437494827333709	-0.169485439950077	1	0.159	0.155	0.004
Sash1	0.438261002796078	0.150401179573219	1	0.498	0.435	0.063
Afap1	0.44112905936025	0.463604236001074	1	0.106	0.077	0.029
Tmem87a	0.442092964658574	-0.505303000055272	1	0.11	0.135	0.025
Csad	0.442616319164826	-0.464287393869757	1	0.062	0.101	0.039
Xiap	0.442640855103619	-0.139338836588723	1	0.264	0.333	0.069
Rapgef2	0.443481022528329	-0.347654388857337	1	0.683	0.749	0.0659999999999999
Prkag2	0.443650288746531	0.305977450921917	1	0.216	0.155	0.061
Elmo1	0.44365914053903	-0.119868361877951	1	0.542	0.609	0.0669999999999999
Gpatch2	0.443894225255101	0.371784739332173	1	0.185	0.155	0.03
Fars2	0.443983818191096	-0.447785327112016	1	0.106	0.135	0.029
Cd200	0.444399697075513	-0.452746685122273	1	0.247	0.309	0.062
Efna5	0.444784802989946	-0.189281794193379	1	0.115	0.116	0.001
Lrrtm4	0.445020942180433	-0.845873443949053	1	0.339	0.357	0.018
Rab14	0.445979450638427	0.144291033964897	1	0.123	0.101	0.022
Ncoa6	0.445997541633118	0.937902085420194	1	0.132	0.077	0.055
Dnm3	0.446243016232953	0.151046141708968	1	0.855	0.797	0.0579999999999999
Gmds	0.446728514602334	-0.156006548897783	1	0.476	0.502	0.026
Cflar	0.447369714241677	0.732026336931292	1	0.154	0.111	0.043
Phactr4	0.44809504998363	-0.484055813084777	1	0.189	0.227	0.038
Frmd4b	0.449465082228327	-0.277488414690044	1	0.485	0.56	0.0750000000000001
Anks1	0.450717528158	-0.225574227924804	1	0.357	0.357	0
Phc3	0.4510166642395	0.537658033117286	1	0.145	0.116	0.029
Edn1	0.451550943191262	-0.565877608815591	1	0.11	0.169	0.059
Slc3a2	0.451619116243123	-0.277415717859559	1	0.106	0.145	0.039
Stat3	0.451641405914031	-0.317738110575044	1	0.198	0.256	0.058
Ldlrad3	0.451819795479169	-0.256291601768069	1	0.344	0.406	0.0620000000000001
Plekhg5	0.453203140344538	0.194048058276568	1	0.106	0.077	0.029
Spopl	0.45320582289733	0.310559788097413	1	0.211	0.15	0.061
Wls	0.453221948059127	-0.342658186895503	1	0.128	0.179	0.051
Slk	0.453589211576397	0.173962817567225	1	0.172	0.15	0.022
Hipk1	0.454101314883305	-0.258205307247839	1	0.115	0.121	0.00599999999999999
Ptma	0.455322473366203	-0.407188642070208	1	0.115	0.13	0.015
Lnx2	0.455453036297112	0.28061795570164	1	0.181	0.169	0.012
Ube2h	0.456498361851235	0.102598074612747	1	0.163	0.179	0.016
Adcy4	0.457245806147766	0.256330646421407	1	0.137	0.135	0.002
Bicra	0.458006709685411	0.227100503373349	1	0.141	0.135	0.00599999999999998
Hdac7	0.459289585506769	-0.315363709675537	1	0.242	0.319	0.077
Map4k4	0.459893265786109	-0.350280465780904	1	0.185	0.237	0.052
Hs3st1	0.461363031335429	-0.483517885866217	1	0.198	0.208	0.00999999999999998
Rheb	0.46140048097055	-0.123915234453814	1	0.163	0.15	0.013
Supt20	0.461874654264229	0.307861612207204	1	0.145	0.106	0.039
Dyrk1a	0.4620091571978	0.478115924429096	1	0.251	0.198	0.053
Tec	0.462263178678315	0.165638857147962	1	0.137	0.116	0.021
Pir	0.46314976876666	-0.182001864311694	1	0.379	0.406	0.027
Hycc1	0.467722945992417	-0.710355455140177	1	0.101	0.15	0.049
Snx9	0.46797077266476	-0.344899332916798	1	0.088	0.13	0.042
Sp1	0.46816208173182	0.105246728360827	1	0.163	0.14	0.023
Slc40a1	0.471977867297777	-0.289454276421899	1	0.203	0.271	0.068
Flnb	0.472372173208422	0.23387942722727	1	0.436	0.425	0.011
Apod	0.47266293446869	0.507762192870423	1	0.159	0.121	0.038
Wdr44	0.47309741505258	0.31546587510445	1	0.11	0.082	0.028
Pcdh7	0.473930887851961	-0.41550278546561	1	0.141	0.15	0.00900000000000001
Pxn	0.473971276922692	0.310448902696244	1	0.119	0.116	0.00299999999999999
Eea1	0.473991165739102	0.213040017951007	1	0.225	0.213	0.012
Lyst	0.475187185740945	0.132407213150629	1	0.128	0.106	0.022
Fam117b	0.475228061912555	0.460296967120255	1	0.194	0.169	0.025
Gtdc1	0.475633015520203	0.233483163612806	1	0.348	0.304	0.044
Lims1	0.475721775893946	0.191284575565672	1	0.304	0.3	0.004
Ankrd12	0.476138112844724	0.590139470050939	1	0.251	0.184	0.067
Tmem204	0.476179021419645	0.198971128807815	1	0.119	0.097	0.022
Megf6	0.476259850769211	0.19899164775703	1	0.084	0.106	0.022
Esr1	0.476291891491291	0.604086308011349	1	0.15	0.14	0.00999999999999998
Itch	0.476336452935212	0.355525478242259	1	0.207	0.155	0.052
Znrf1	0.47662357548495	0.189848277264799	1	0.467	0.43	0.037
Rnf38	0.477669671008148	0.490651618744323	1	0.278	0.222	0.056
Nf1	0.478557392947589	0.530913739119323	1	0.11	0.087	0.023
Shb	0.479224192868389	0.63271368730553	1	0.101	0.077	0.024
Lcor	0.47982632805311	-0.299947834494	1	0.145	0.203	0.058
Prkag1	0.480996728010858	-0.335763153728855	1	0.066	0.101	0.035
Ube2g1	0.482597616413802	0.557416394989521	1	0.207	0.14	0.067
Syt1	0.483106078045414	-0.311513875906876	1	0.458	0.483	0.025
Tbc1d4	0.483631475000607	0.117285555277605	1	0.537	0.469	0.0680000000000001
Fut8	0.483795993341238	-0.157198361045688	1	0.551	0.551	0
Tle1	0.484464322436007	0.59601137893294	1	0.194	0.15	0.044
Rttn	0.485378204225106	-1.00306530056716	1	0.062	0.111	0.049
Arhgap23	0.485457892371854	0.475186564075717	1	0.123	0.082	0.041
Ythdf3	0.487009130300367	-0.184268922812167	1	0.154	0.169	0.015
Srcap	0.487025949856675	0.125956372689888	1	0.101	0.087	0.014
Skap2	0.487133422526816	0.65277257548262	1	0.119	0.101	0.018
Arfip1	0.487243134727113	-0.282078557940915	1	0.128	0.14	0.012
Wdr70	0.487544062121306	0.286842119921012	1	0.106	0.111	0.005
Stx6	0.487577263688688	0.698916363279735	1	0.123	0.087	0.036
Dennd3	0.490330458531396	0.252161836063262	1	0.247	0.203	0.044
Stat5b	0.490395248187598	-0.325096432488515	1	0.123	0.159	0.036
Eif4h	0.492188366318083	0.478970905024484	1	0.11	0.087	0.023
Parp4	0.492400760427859	-0.434671955043176	1	0.097	0.13	0.033
Mdga2	0.492458311989318	-0.221730035123912	1	0.463	0.502	0.039
Nup160	0.492786362669091	-0.533775980465366	1	0.106	0.135	0.029
Marf1	0.492858080938347	0.194313550850796	1	0.115	0.097	0.018
Slc38a2	0.492942948206992	-0.119546249018283	1	0.101	0.116	0.015
Mtus1	0.494525282739096	-0.225993604231736	1	0.489	0.512	0.023
Tjp2	0.494535747160528	-0.17175855296408	1	0.348	0.357	0.00900000000000001
Eif4g3	0.49453879247886	-0.497388837415617	1	0.101	0.126	0.025
Zfc3h1	0.495126463516278	0.771166479925358	1	0.189	0.14	0.049
Tmsb4x	0.497442184989457	-0.361957332109802	1	0.141	0.179	0.038
Btg3	0.498056877903878	0.619777535769876	1	0.154	0.121	0.033
Parva	0.499725881015481	-0.190684561781186	1	0.106	0.14	0.034
Dipk2b	0.500192407611652	-0.391832746843928	1	0.286	0.348	0.062
Anp32a	0.50109429998353	-0.8264655404949	1	0.088	0.135	0.047
Klf12	0.501518334099767	-0.155463190479033	1	0.833	0.821	0.012
Cept1	0.502659510255222	-0.498762249344602	1	0.154	0.184	0.03
Alcam	0.502700057388735	-0.614623858848218	1	0.106	0.15	0.044
Slc7a5	0.503789463041922	-0.18935179122435	1	0.203	0.203	0
St6galnac3	0.503841177405518	0.217781264584102	1	0.855	0.802	0.0529999999999999
Phkb	0.504882374504117	0.244917423314566	1	0.185	0.164	0.021
Usp34	0.50532998506255	0.342462417650626	1	0.449	0.372	0.077
Il1rapl1	0.505915153802983	-0.124068161399268	1	0.449	0.473	0.024
Ncl	0.50789039379174	0.561311962119877	1	0.106	0.077	0.029
Nhsl2	0.50898574103486	-0.207611403929882	1	0.132	0.184	0.052
Ppp1r12b	0.510106188603386	0.972739706051006	1	0.106	0.077	0.029
Trpm7	0.510159196922595	0.570668511835286	1	0.198	0.13	0.068
Msl2	0.511822936002512	0.756364148818632	1	0.101	0.068	0.033
Zadh2	0.513065928991904	-0.41656821517497	1	0.115	0.169	0.054
Ip6k1	0.514274352561971	0.229113097144055	1	0.167	0.135	0.032
Atp1a2	0.514619398786722	-0.584841196547167	1	0.07	0.101	0.031
Grb14	0.515941006292089	0.475996452098864	1	0.3	0.275	0.025
Plcg1	0.516241670954819	-0.342284746951147	1	0.225	0.246	0.021
Tspan14	0.517849166255197	-0.542662525714862	1	0.088	0.111	0.023
Stox2	0.518098123504201	0.280254524827906	1	0.722	0.676	0.0459999999999999
Trappc9	0.519825893785589	-0.676614230711361	1	0.075	0.111	0.036
Pdgfb	0.520165828050293	-0.551066317783348	1	0.203	0.251	0.048
Cfh	0.52178065781193	0.263799255119096	1	0.515	0.483	0.032
Numa1	0.522619597500295	-0.341144764678465	1	0.079	0.121	0.042
Itpr2	0.522842873832501	-0.18531969618047	1	0.278	0.266	0.012
Plscr1	0.523002391148065	0.231067070851197	1	0.106	0.072	0.034
Fus	0.523095971326022	0.450280475924589	1	0.361	0.285	0.076
Nhsl1	0.524749899193304	-0.143079008797605	1	0.383	0.449	0.066
Kif13b	0.524915857527437	0.210566743183103	1	0.286	0.251	0.035
Mbd2	0.525119052768925	0.38598275134825	1	0.123	0.087	0.036
A4galt	0.525504166129024	0.359548403265491	1	0.286	0.232	0.054
Jmy	0.527037568234994	0.497807081702823	1	0.132	0.101	0.031
Tmod3	0.527216732379456	0.177084999956426	1	0.313	0.246	0.067
Dipk1a	0.527652400458617	-0.234059252370858	1	0.15	0.198	0.048
Sntb2	0.527773973954747	0.645691021833496	1	0.137	0.097	0.04
Hnrnpc	0.528181701397154	0.898937830817919	1	0.163	0.116	0.047
Smchd1	0.529425382802904	-0.156966314601444	1	0.269	0.314	0.045
Gnb1	0.530225696122907	-0.282711745095415	1	0.326	0.372	0.046
Fbln5	0.530968397666308	0.569827723556297	1	0.128	0.097	0.031
Foxp1	0.53118856027079	-0.107224139316845	1	0.925	0.942	0.0169999999999999
Slmap	0.532678158489306	0.289078498123596	1	0.141	0.116	0.025
Sgpp2	0.534145320135456	-0.51990725404834	1	0.335	0.449	0.114
2510009E07Rik	0.534331618271236	-0.482714579756499	1	0.128	0.179	0.051
Atp10d	0.535224113671764	0.214157125352734	1	0.436	0.42	0.016
Prdm16	0.535939827221775	-0.530026266775381	1	0.15	0.203	0.053
Stau1	0.535957590288919	0.589148551127438	1	0.115	0.068	0.047
Arglu1	0.536349060934403	-0.177756435826492	1	0.181	0.193	0.012
Slain2	0.536800330882024	0.400070759377623	1	0.141	0.121	0.02
Gnb4	0.53695098081951	-0.207851336167869	1	0.106	0.106	0
Zfyve9	0.537250715465429	0.267634539858537	1	0.189	0.159	0.03
Agap1	0.537896736585317	-0.23938584734501	1	0.132	0.13	0.002
Snx13	0.540411577686104	0.46583348348226	1	0.181	0.14	0.041
Elovl5	0.540601294966625	0.392373754377463	1	0.115	0.087	0.028
Jag1	0.540711677446035	-0.435549018866766	1	0.172	0.188	0.016
B2m	0.541077184978871	-0.456688610038577	1	0.145	0.164	0.019
Pacsin2	0.541136642846612	-0.666258757776452	1	0.084	0.106	0.022
St3gal6	0.54302509876113	0.100379549937009	1	0.705	0.705	0
Grm7	0.544510045650985	-0.169730201824815	1	0.304	0.338	0.034
Dusp16	0.5451424478277	0.888932930353434	1	0.106	0.072	0.034
Smc6	0.545671220042523	1.42113551997401	1	0.119	0.048	0.071
Ppp2r2a	0.547817081691703	-0.175855139978793	1	0.115	0.116	0.001
Nostrin	0.548448930378701	-0.158681013757159	1	0.392	0.362	0.03
Ildr2	0.548479600217168	-0.8986567155546	1	0.079	0.13	0.051
Pde7b	0.548707748813962	0.227249532991161	1	0.396	0.324	0.072
Stk3	0.550396738378537	0.263319075103493	1	0.524	0.469	0.055
Cmss1	0.552480397342613	-0.100618061805957	1	0.145	0.188	0.043
Slc16a2	0.552675167309893	-0.372461845459521	1	0.396	0.435	0.039
Arap3	0.552994564406455	-0.267803798449891	1	0.11	0.14	0.03
Bcar3	0.553470044964626	0.449608491310225	1	0.137	0.116	0.021
Klhl4	0.553591191352974	-0.261400694384734	1	0.172	0.179	0.00700000000000001
Tmtc2	0.554506857062758	-0.137980041006557	1	0.621	0.643	0.022
Peli1	0.55489883814334	-0.389778459003557	1	0.33	0.411	0.081
Gjc1	0.555583287416764	-0.250991565191189	1	0.163	0.174	0.011
R3hcc1l	0.556424201485186	0.379888390026471	1	0.185	0.145	0.04
Tlk2	0.556674327201887	-0.114431390212382	1	0.154	0.174	0.02
Pla2g4a	0.558770877005037	0.196414471718215	1	0.379	0.314	0.065
Sp3	0.559211705387278	0.108845024081604	1	0.247	0.261	0.014
Afdn	0.560409653635734	0.13369705174879	1	0.507	0.493	0.014
Herc6	0.561232027519049	0.31341008487634	1	0.194	0.164	0.03
Ash1l	0.562565449147809	0.229280516720694	1	0.322	0.285	0.037
Ly6c1	0.563170282553449	-0.417486459221847	1	0.137	0.208	0.071
Selenop	0.563622415434683	0.347469105650016	1	0.189	0.155	0.034
Tcf25	0.56538120498749	0.319077795005528	1	0.194	0.155	0.039
Slc10a7	0.565705288181485	-0.18948412651617	1	0.251	0.261	0.01
Tsc22d1	0.566172134504266	-0.130871023693458	1	0.194	0.179	0.015
Dach2	0.569160007575128	0.251981378993624	1	0.181	0.135	0.046
Inpp5f	0.569642815710966	-0.225831990283718	1	0.159	0.155	0.004
Clec2d	0.569742321564942	-0.230236405965638	1	0.515	0.594	0.079
Ptbp3	0.570223260747038	0.179304263912881	1	0.304	0.285	0.019
Cav1	0.576343429627711	0.314542306048574	1	0.291	0.232	0.059
Trim24	0.579462835033123	0.112043195865561	1	0.203	0.208	0.00499999999999998
Atp11c	0.580010726288005	0.179752821202622	1	0.405	0.372	0.033
Cyb5b	0.581171801670344	0.514561980507539	1	0.159	0.126	0.033
Pgm5	0.581876714255693	0.172969700516665	1	0.269	0.29	0.021
Utrn	0.58237300494871	-0.133406184329522	1	0.965	0.966	0.001
Myo9a	0.582419434588045	0.191733385868619	1	0.115	0.106	0.00900000000000001
Nf2	0.582781804382871	-0.837708095550136	1	0.075	0.126	0.051
B230219D22Rik	0.584239594520639	0.493147346042102	1	0.128	0.097	0.031
Tmem243	0.584284378786045	-0.36147204479097	1	0.159	0.217	0.058
Stard13	0.585768184536191	0.130590010712198	1	0.524	0.531	0.00700000000000001
Acacb	0.589374738150775	-0.220158716210648	1	0.141	0.174	0.033
Cep350	0.589743095080047	-0.240120983672963	1	0.154	0.184	0.03
Map4k3	0.58977674277479	0.176627664553293	1	0.524	0.493	0.031
Nos3	0.590800216295947	-0.388169848368063	1	0.256	0.338	0.082
Slc7a1	0.592371402380385	-0.128758189722781	1	0.291	0.304	0.013
Tm6sf1	0.595344055989995	-0.139186175927372	1	0.123	0.145	0.022
Nfatc3	0.595400237537853	0.126558083555632	1	0.15	0.135	0.015
N4bp2l2	0.59594086818624	-0.557130425266803	1	0.088	0.135	0.047
Sgms2	0.596494755869174	0.218063769806582	1	0.211	0.184	0.027
Nsd3	0.596533875824405	0.380993850595152	1	0.269	0.227	0.042
Dysf	0.597736358123652	-1.02010482156207	1	0.053	0.101	0.048
Smurf2	0.597994953937998	0.370992564261366	1	0.339	0.304	0.035
Cd9	0.59956005435227	-0.181309125094891	1	0.079	0.101	0.022
Ppp2r5a	0.599678525943304	-0.312991078215779	1	0.269	0.343	0.074
Lsr	0.599754691742515	-0.103004851629602	1	0.189	0.232	0.043
Bcas3	0.599880972376716	-0.158071170429483	1	0.344	0.372	0.028
Gdi2	0.60048930420112	-0.147172472365152	1	0.128	0.15	0.022
Dennd2b	0.601815537920328	-0.325723592980289	1	0.194	0.227	0.033
Skil	0.603222874100809	-0.588541974982834	1	0.106	0.15	0.044
Septin10	0.603423284204171	-0.575557797389539	1	0.057	0.101	0.044
Spidr	0.604457698719259	0.211112368859199	1	0.128	0.155	0.027
Mkln1	0.606561669675559	0.267466282546694	1	0.388	0.319	0.069
Xpr1	0.606800595186094	-0.233661959581679	1	0.198	0.213	0.015
Virma	0.607664940434666	-0.150310853424996	1	0.106	0.111	0.005
Atp9b	0.60803963584578	0.242851647038	1	0.11	0.092	0.018
Naa16	0.608715088956676	1.12691303075986	1	0.154	0.092	0.062
Palmd	0.609232912653797	0.38706989127964	1	0.33	0.266	0.064
Snhg11	0.609279073304053	-0.126690720968871	1	0.414	0.435	0.021
Ski	0.609682771669471	-0.243244372323854	1	0.198	0.232	0.034
Slc38a6	0.609928196717582	-0.547399493393542	1	0.093	0.116	0.023
Arhgef12	0.611587698003468	-0.156485355023726	1	0.559	0.58	0.0209999999999999
Ube2r2	0.611939612338744	0.963024834365717	1	0.101	0.053	0.048
Atg10	0.612389561070847	0.473802687297914	1	0.167	0.121	0.046
Rap1a	0.612807654502635	0.172371054344267	1	0.291	0.29	0.001
Kansl1l	0.613477766083219	-0.110988087441307	1	0.242	0.261	0.019
Ppp1cb	0.614391900185851	-0.387680650660449	1	0.242	0.304	0.062
Aftph	0.615064001575343	-0.37709051017689	1	0.181	0.213	0.032
Kat2b	0.615761121169297	0.118893994981571	1	0.176	0.188	0.012
Cltc	0.617103220799152	0.536368735879669	1	0.106	0.072	0.034
Eml6	0.617830552530266	-0.218094912937899	1	0.115	0.13	0.015
Tgfbr1	0.61794951383308	-0.19853447304059	1	0.115	0.155	0.04
Cdk11b	0.618783154575663	-0.456604395861146	1	0.084	0.106	0.022
Pard3	0.620491577594481	0.166418945818867	1	0.674	0.638	0.036
Cxcl12	0.621411212894833	-0.239884060290874	1	0.141	0.145	0.004
Wac	0.62345332549931	0.246361920845983	1	0.33	0.309	0.021
Gm5127	0.625300226726615	0.313091307689233	1	0.357	0.329	0.028
Rph3al	0.625815817910902	0.518663709302305	1	0.106	0.082	0.024
Gtf2i	0.626095054992754	-0.300052826421126	1	0.167	0.174	0.00699999999999998
Tns1	0.627128625111125	0.214410849061049	1	0.476	0.42	0.056
Slc39a8	0.62776634817624	-0.327217857736506	1	0.119	0.121	0.002
Nebl	0.627787565068009	-0.211479566456893	1	0.868	0.845	0.023
Lrp1b	0.628696645664035	-0.174958527957603	1	0.471	0.493	0.022
Slc31a1	0.629399765335653	-0.220966171614372	1	0.11	0.111	0.001
Hpcal1	0.629954497280583	-0.423339696052487	1	0.141	0.159	0.018
Creb1	0.629970510048179	-0.340382295269384	1	0.264	0.304	0.04
Gulp1	0.630256452124885	-0.179022664856874	1	0.555	0.565	0.0099999999999999
Plscr4	0.630460983834883	-0.190261052997044	1	0.361	0.391	0.03
Zfp148	0.633613783286491	0.45600518625441	1	0.242	0.188	0.054
Atp10a	0.63417845570751	0.148078411133191	1	0.784	0.758	0.026
Ntn1	0.634374281794287	-0.106073673693112	1	0.216	0.213	0.003
Sh3d19	0.636783560499597	-0.696527909370402	1	0.088	0.145	0.057
Flrt2	0.63845050330124	0.429053613135222	1	0.388	0.309	0.079
Ankrd17	0.6384669910503	-0.126332523517063	1	0.225	0.256	0.031
Ccm2	0.638625768517897	-0.451791222093285	1	0.088	0.13	0.042
Tnfsf10	0.640389345497107	0.456294805069883	1	0.22	0.179	0.041
Slc22a8	0.640510854305017	-0.293757016735751	1	0.198	0.213	0.015
Socs5	0.641273995676311	0.259299819619938	1	0.101	0.092	0.00900000000000001
Cntrl	0.641881134087446	-0.573581507229592	1	0.07	0.101	0.031
H3f3a	0.641885570431558	-0.288159934357694	1	0.123	0.159	0.036
Rasip1	0.642731345436729	0.244655537088196	1	0.181	0.155	0.026
Adgrg6	0.643479576643009	0.143209259139271	1	0.229	0.217	0.012
Dpp10	0.643706100253268	-0.152707014831736	1	0.414	0.43	0.016
Yy1	0.644252583984684	0.85280312599707	1	0.128	0.082	0.046
Sipa1l2	0.644602749554058	-0.290224679005454	1	0.093	0.106	0.013
Fam193a	0.644758050098313	-0.173743906208789	1	0.211	0.237	0.026
Prr5l	0.645040206774077	0.575698167168951	1	0.233	0.164	0.069
Ptprb	0.648309103626637	-0.102778987764043	1	0.934	0.913	0.021
H2-Q7	0.650173801559058	-0.503193819939258	1	0.075	0.101	0.026
Arid2	0.6568246510509	0.150953729140819	1	0.326	0.3	0.026
Erbin	0.657216801924971	-0.19517245155648	1	0.233	0.271	0.038
Fat4	0.657739144985255	-0.169101025649067	1	0.159	0.145	0.014
Zdhhc20	0.658145903680272	-0.18538016475638	1	0.123	0.159	0.036
Plekhg1	0.659323929284264	0.100435894828649	1	0.511	0.502	0.00900000000000001
Lyn	0.659558022679825	-0.481173479926026	1	0.22	0.275	0.055
Eif2ak2	0.660477150446987	0.274190855470951	1	0.15	0.126	0.024
Mtmr3	0.661954658278773	-0.161241642425584	1	0.194	0.232	0.038
Fmo1	0.662325412227994	0.563732055823508	1	0.167	0.126	0.041
Kmt5b	0.66521134319343	0.315597271662177	1	0.233	0.213	0.02
Vps36	0.665820081356567	-0.333677289468489	1	0.088	0.106	0.018
Ndufs4	0.668041404180243	-0.835076346715573	1	0.07	0.111	0.041
Fam135a	0.668770646587779	-0.274795563281456	1	0.233	0.237	0.00399999999999998
Nxpe2	0.668842526301554	-0.152839682491052	1	0.335	0.372	0.037
H2-Q4	0.669849972821881	-0.37330213793254	1	0.123	0.164	0.041
Syne1	0.6730013407544	-0.243157267966119	1	0.621	0.691	0.07
Crispld1	0.673164049375405	0.181361172919046	1	0.176	0.184	0.00800000000000001
Swap70	0.673414595931024	-0.277030517349572	1	0.256	0.275	0.019
Ripk1	0.674326711236251	0.125575045189754	1	0.097	0.101	0.004
Prickle1	0.677536350914267	0.331954241965649	1	0.203	0.155	0.048
Grb10	0.678133873547035	0.717274816077918	1	0.189	0.13	0.059
Tgfbr2	0.68027571397399	-0.345197464650348	1	0.264	0.29	0.026
Rims1	0.680761100069749	0.193900494214784	1	0.15	0.14	0.00999999999999998
Cd2ap	0.682101617704542	0.154740899041009	1	0.63	0.623	0.00700000000000001
Ltbp4	0.682616884644874	-0.141092141444734	1	0.238	0.271	0.033
Cep68	0.683008984522463	0.118140498319982	1	0.115	0.116	0.001
Acin1	0.683060997562039	0.43788205318638	1	0.159	0.126	0.033
Pggt1b	0.683726804410531	0.399809729275082	1	0.132	0.121	0.011
Tnfaip8	0.684190610250012	0.163587538944853	1	0.141	0.145	0.004
Ephb4	0.686184363066676	-0.583965874155153	1	0.079	0.116	0.037
Abcc6	0.689374859871308	-0.267296345555105	1	0.101	0.106	0.00499999999999999
Mpp7	0.690892806726216	0.150666944441073	1	0.26	0.227	0.033
Ranbp9	0.691660691870968	0.172296706136564	1	0.181	0.169	0.012
Ptp4a2	0.694515132254325	0.200692122778086	1	0.229	0.222	0.00700000000000001
Mgp	0.694712012951626	-0.835886589053281	1	0.101	0.15	0.049
Ehd4	0.696144353341027	0.236161065100445	1	0.163	0.159	0.004
Trps1	0.69656996749347	0.215969299455451	1	0.264	0.208	0.056
Igfbp7	0.69690203203834	-0.375754763881854	1	0.229	0.271	0.042
Hnrnpu	0.69706965642293	-0.332121747172609	1	0.093	0.121	0.028
Lrba	0.69814550790861	0.406702043829787	1	0.392	0.343	0.049
Anks1b	0.698452219178911	-0.171596118046468	1	0.352	0.362	0.01
Myo1d	0.698530408808417	-0.127576211464061	1	0.687	0.676	0.011
Luzp1	0.699036591886464	0.11648352209146	1	0.498	0.473	0.025
Nckap5	0.699639706741118	0.103013333953954	1	0.238	0.208	0.03
Baz2b	0.701245182097056	-0.147478279023892	1	0.617	0.647	0.03
Apoe	0.702771034415194	0.581734522831777	1	0.159	0.126	0.033
Tasor2	0.703442221759208	-0.33543303249335	1	0.097	0.111	0.014
Kcnd2	0.703697853789644	-0.524340113828837	1	0.427	0.444	0.017
Eng	0.704083195552537	-0.271552201133427	1	0.423	0.483	0.06
Herc1	0.704562589021541	0.338226639536299	1	0.189	0.164	0.025
Slco2b1	0.705417468711611	-0.107367649365216	1	0.251	0.232	0.019
Ets1	0.705615377501248	-0.26560582412901	1	0.317	0.372	0.055
Plcg2	0.705960671871684	0.440488395949697	1	0.163	0.135	0.028
Khnyn	0.706166873397605	0.444095993385204	1	0.11	0.087	0.023
Akap12	0.71045733987455	-0.452387532932376	1	0.101	0.121	0.02
Parp14	0.711054670729637	-0.323959043566081	1	0.145	0.188	0.043
Gps2	0.712129855033519	0.674394898998456	1	0.11	0.072	0.038
Itpkb	0.71349248135116	-0.122398825527636	1	0.339	0.372	0.033
Slc19a3	0.714419359240278	-0.570804608375214	1	0.075	0.116	0.041
Prex2	0.716749554576231	-0.119178208054558	1	0.775	0.768	0.00700000000000001
Vsig2	0.718295475202415	-0.131420760342982	1	0.084	0.101	0.017
Slc30a7	0.71929093056398	-1.0613935989426	1	0.062	0.111	0.049
Pwwp2a	0.720430316498378	0.5777389413201	1	0.145	0.111	0.034
Cwf19l2	0.720619434412491	0.280652193430339	1	0.141	0.145	0.004
Cpt1a	0.72242683871831	0.432901540964005	1	0.11	0.097	0.013
Tbc1d12	0.724249651090299	0.141028444243808	1	0.163	0.159	0.004
Arhgef3	0.726936256063235	0.154767168878203	1	0.348	0.353	0.005
Ddc	0.727824251950331	0.390137025590949	1	0.115	0.101	0.014
Pde5a	0.727853870732089	-0.248905165486423	1	0.084	0.116	0.032
Herc4	0.728010584578565	0.121163889626932	1	0.317	0.3	0.017
Rsbn1l	0.728137933500709	0.164807536096011	1	0.203	0.203	0
Tamalin	0.729614230674722	-0.295470631269013	1	0.115	0.13	0.015
Atox1	0.730979712135094	-0.463614782877245	1	0.07	0.101	0.031
Ppp1r16b	0.731601866730666	0.180380441023555	1	0.207	0.213	0.00600000000000001
Mysm1	0.731703597975728	0.272578783815575	1	0.207	0.164	0.043
Ccm2l	0.732477507195145	-0.50009175227897	1	0.185	0.242	0.057
Ubr1	0.733701387683776	0.127848823817272	1	0.216	0.169	0.047
Nt5c2	0.73391368210101	-0.199259933671337	1	0.141	0.179	0.038
Negr1	0.735108637280422	-0.127327586034607	1	0.339	0.357	0.018
Sfpq	0.736846519221737	0.136363946669658	1	0.141	0.14	0.000999999999999973
Rcan2	0.736924937034125	-0.70536310311256	1	0.137	0.198	0.061
Reep3	0.73737819248688	-0.144770177619685	1	0.207	0.242	0.035
Adam17	0.738081319367019	-0.229097811162782	1	0.11	0.126	0.016
Tpm1	0.739336135714996	0.374193170252643	1	0.123	0.116	0.00699999999999999
Tm4sf1	0.739638997397902	-0.352746082831497	1	0.137	0.179	0.042
Xpo1	0.740724977335573	-0.400500540534018	1	0.093	0.106	0.013
Cnot6l	0.742559671571278	0.217067286873169	1	0.388	0.343	0.045
Ubr5	0.742843367114929	-0.405828945713272	1	0.11	0.126	0.016
Fgf12	0.743869695014962	-0.127801296530513	1	0.242	0.261	0.019
Ly6e	0.744420622943514	-0.188904253830151	1	0.256	0.309	0.053
Uimc1	0.746607334003733	-0.446530905596467	1	0.075	0.111	0.036
Fign	0.746995031770045	0.266086462037649	1	0.084	0.101	0.017
Arpc1b	0.747182632322883	-0.144748993906974	1	0.088	0.106	0.018
Commd1	0.748392418101336	-0.233466686545828	1	0.088	0.111	0.023
Dnm2	0.748510364241574	-0.124121678087201	1	0.185	0.188	0.003
Wwp1	0.750786086164703	-0.100506898796262	1	0.185	0.193	0.00800000000000001
Crebbp	0.751925328290071	0.158491487799555	1	0.449	0.396	0.053
Cdk19	0.753892122563199	-0.284635324289376	1	0.33	0.43	0.1
Kank2	0.75427442817084	-0.124732463140471	1	0.145	0.159	0.014
Smad6	0.756986739945041	-0.617984040300375	1	0.159	0.217	0.058
Hmcn1	0.757371622954476	-0.253474630536005	1	0.379	0.401	0.022
Garre1	0.75744603770426	-0.106247444355607	1	0.546	0.546	0
Baiap2l1	0.759811009368543	-0.272442527500369	1	0.11	0.135	0.025
Glg1	0.76025620618119	0.145171531320007	1	0.128	0.145	0.017
Flvcr2	0.76268608910134	0.281674371773535	1	0.189	0.188	0.001
Mertk	0.764469179712136	-0.373993105936072	1	0.269	0.348	0.079
Hivep2	0.764634226981287	-0.279513608503224	1	0.176	0.193	0.017
Ets2	0.764785644580963	0.63763452715426	1	0.101	0.077	0.024
Prrc2b	0.764868800270549	0.973646487396126	1	0.101	0.053	0.048
Rsbn1	0.765099895278854	-0.544638515940305	1	0.084	0.126	0.042
Fkbp15	0.766221714789585	0.277960515536575	1	0.119	0.097	0.022
Pik3c2a	0.768035710955965	0.303014849888982	1	0.379	0.357	0.022
Cd200l1	0.76864345653423	-0.145404278110444	1	0.242	0.266	0.024
Taok2	0.768760449421339	-0.799850295821153	1	0.075	0.121	0.046
Taok1	0.769955545567523	-0.220902145974761	1	0.093	0.106	0.013
Plcb1	0.77220841075192	-0.120115524977892	1	0.93	0.942	0.0119999999999999
Fndc3b	0.774640358813766	-0.120482369708353	1	0.207	0.222	0.015
Gria2	0.774841472045569	-0.102307162526365	1	0.225	0.237	0.012
Tax1bp1	0.775512302658029	-0.289738106097058	1	0.132	0.15	0.018
Pum1	0.778853784151571	-0.317618128614479	1	0.159	0.184	0.025
Hmg20a	0.779597552477165	-0.408629782038509	1	0.163	0.217	0.054
Cdk6	0.779812861557227	0.126867484057422	1	0.141	0.121	0.02
Parp12	0.780383951006757	0.424611452166522	1	0.128	0.101	0.027
Akap9	0.781741059974331	0.128602805606182	1	0.141	0.145	0.004
Ptpra	0.782493194928856	-0.280492337270604	1	0.088	0.106	0.018
Tmcc3	0.782598701134673	-0.553862617110451	1	0.211	0.295	0.084
Cntnap2	0.783278822274842	-0.168251547551854	1	0.392	0.401	0.00900000000000001
Mndal	0.783819738043592	-0.258368638983632	1	0.106	0.111	0.005
Epha4	0.784441841307087	0.216945143431616	1	0.233	0.213	0.02
Ptprj	0.785062042140777	-0.153957150675305	1	0.533	0.517	0.016
Pot1a	0.7855212599374	-0.663427257690326	1	0.07	0.111	0.041
Rsu1	0.786664547694478	-0.19944255448292	1	0.33	0.357	0.027
Fam222b	0.78737498630659	0.501784199789918	1	0.159	0.15	0.00900000000000001
Shld1	0.788776753245947	-0.113100646190706	1	0.123	0.15	0.027
Crim1	0.788899466706899	0.27948372417508	1	0.361	0.348	0.013
Aopep	0.79052091570328	0.400570913968513	1	0.476	0.396	0.08
Bltp1	0.791169254669171	-0.397730902512635	1	0.115	0.155	0.04
2900026A02Rik	0.791701915007254	-0.19331756813289	1	0.233	0.256	0.023
Lrrc4c	0.795993226743131	-0.239340021943729	1	0.441	0.444	0.003
Parvb	0.796025738967446	-0.229387708142413	1	0.26	0.29	0.03
Nfkb1	0.79716096110642	-0.102629910552212	1	0.242	0.246	0.004
Abcb7	0.799565485166964	-0.207041125754926	1	0.15	0.169	0.019
Itpr3	0.799599438583184	-0.223327955602913	1	0.128	0.159	0.031
Arl15	0.799667946002576	-0.306583732332946	1	0.652	0.7	0.0479999999999999
Myo1b	0.799867120040494	0.262417827963953	1	0.286	0.266	0.02
Col6a6	0.800353169188169	-0.172422622281326	1	0.128	0.13	0.002
Tshz1	0.802831159455502	-0.162699522173189	1	0.163	0.193	0.03
Ttc3	0.803126889598919	0.159118567858025	1	0.145	0.14	0.00499999999999998
Map4k2	0.805699804362277	0.102063351706258	1	0.163	0.145	0.018
Dmd	0.805834675407361	0.109129290572101	1	0.207	0.203	0.00399999999999998
Vwa8	0.806928756911971	-0.28552304073887	1	0.093	0.106	0.013
Lypla1	0.807461542226319	0.26199791882565	1	0.115	0.097	0.018
Yap1	0.808888540771753	0.209073484079983	1	0.154	0.145	0.00900000000000001
Adgrl3	0.809091776039702	-0.119448707821568	1	0.322	0.343	0.021
Pik3cb	0.809185329340301	-0.389362233275651	1	0.119	0.164	0.045
Bach1	0.80925750508009	-0.115025626765087	1	0.084	0.101	0.017
Akap7	0.815753397668765	-0.226088132879781	1	0.11	0.13	0.02
Srsf4	0.816301910465478	0.244538956457944	1	0.123	0.126	0.003
Cr1l	0.817463524885058	-0.246734864188607	1	0.225	0.266	0.041
Stx5a	0.820490411266321	-0.530800122648434	1	0.093	0.14	0.047
Myl12b	0.820979951685633	-0.104633083731364	1	0.101	0.121	0.02
Usp3	0.821587760921953	0.143613663983188	1	0.225	0.227	0.002
H2-K1	0.823662375496609	-0.122099489499355	1	0.264	0.266	0.002
Zbtb46	0.824616591608569	-0.139527964616968	1	0.207	0.246	0.039
Tango6	0.824750496666963	0.430537705449488	1	0.128	0.106	0.022
Camkmt	0.824931010429059	0.541845435071548	1	0.115	0.087	0.028
Nampt	0.825806046852285	0.219639323070703	1	0.229	0.203	0.026
Trim12a	0.826757318128013	-0.123525479701672	1	0.167	0.159	0.00800000000000001
Slco1c1	0.827394850500805	-0.310063102938432	1	0.511	0.531	0.02
Nudcd3	0.829734321233588	0.173862989858458	1	0.123	0.106	0.017
Dram2	0.830159292135916	-0.312577784279676	1	0.172	0.198	0.026
Rsrc1	0.833821981091691	-0.162257072055184	1	0.242	0.275	0.033
Ppp6r3	0.834670696396994	0.407159669211634	1	0.273	0.217	0.056
Arhgap28	0.835083070908925	-0.213030323904309	1	0.115	0.106	0.00900000000000001
Hmgcs2	0.835634723450498	-0.582109384477895	1	0.093	0.13	0.037
Exoc2	0.835896765107071	0.16483465212844	1	0.264	0.251	0.013
Atf7ip	0.837150867778444	0.428004847271293	1	0.247	0.193	0.054
Aqp11	0.837824312689554	0.211532068796473	1	0.132	0.126	0.00600000000000001
Cers4	0.837906853988301	-0.487458512314315	1	0.088	0.106	0.018
Ppp4r1	0.839559049988518	0.400288387624983	1	0.119	0.087	0.032
Arhgef28	0.839710236844721	-0.574973218963404	1	0.225	0.309	0.084
Rbpj	0.839827425851358	0.407395581804468	1	0.106	0.097	0.00899999999999999
Ctnna2	0.840353624820316	-0.114787527257956	1	0.379	0.382	0.003
Ext1	0.840676104563831	-0.25156305043324	1	0.11	0.14	0.03
Trpm6	0.8410228554795	-0.217064741083563	1	0.15	0.155	0.005
Tmem44	0.841047843310692	-0.558327234074929	1	0.075	0.116	0.041
Ifih1	0.842085053462762	-0.337746303583955	1	0.128	0.15	0.022
Stard8	0.8425163220367	-0.335238493879339	1	0.128	0.14	0.012
Arhgef2	0.842736814394935	0.284767053037607	1	0.238	0.213	0.025
Galnt15	0.845711607879396	0.440885676174346	1	0.101	0.082	0.019
Ano6	0.845902897877002	-0.157185716840926	1	0.344	0.372	0.028
Arhgef1	0.848504171308401	-0.327486502538531	1	0.137	0.174	0.037
Nr3c1	0.849047490105625	0.192555794412198	1	0.432	0.406	0.026
Braf	0.850923610476291	0.159175425673946	1	0.167	0.14	0.027
Clk1	0.851190308402642	-0.279282803871616	1	0.247	0.285	0.038
Dab2	0.852527619245374	-0.160022992385356	1	0.22	0.227	0.00700000000000001
Cul3	0.852555431392465	0.347177150429283	1	0.154	0.126	0.028
Cpne8	0.853056039764043	0.151580029197921	1	0.322	0.309	0.013
Gcc2	0.853146008890694	0.162008779393003	1	0.172	0.145	0.027
Mylk	0.854365549833188	-0.423734185701391	1	0.11	0.135	0.025
Tln2	0.855917008587909	0.21477012073636	1	0.11	0.101	0.00899999999999999
Rdx	0.856582707095769	-0.302742521475424	1	0.238	0.285	0.047
Mbnl2	0.856823823995005	0.146698732491051	1	0.352	0.353	0.001
Kdr	0.856824497253402	0.187535169143714	1	0.185	0.188	0.003
Map3k1	0.856948940590175	-0.170667038636548	1	0.198	0.217	0.019
Spata13	0.858099612232784	0.177611477006527	1	0.181	0.188	0.00700000000000001
Rnf144b	0.859032105200918	-0.454434537688553	1	0.216	0.256	0.04
Zbtb44	0.859338722338891	0.263982736666545	1	0.101	0.077	0.024
Cttnbp2nl	0.861722686859807	-0.234697698588882	1	0.251	0.261	0.01
Colgalt2	0.864404196230273	0.164429930327352	1	0.137	0.116	0.021
Hspa4	0.864553021549577	0.260419326415621	1	0.101	0.087	0.014
Hnrnpm	0.867482549056964	0.307158613179313	1	0.141	0.126	0.015
Gigyf2	0.86751561196745	-0.227712001278388	1	0.115	0.13	0.015
Pcp4l1	0.868494642486377	-0.107750733818841	1	0.203	0.213	0.00999999999999998
Rin2	0.86867368988826	-0.159641640891227	1	0.361	0.362	0.001
Iigp1	0.868683240734826	0.472430822088488	1	0.145	0.145	0
Dennd1b	0.868896010682832	0.103363291209031	1	0.225	0.208	0.017
Pan3	0.871087108114155	0.107359890723308	1	0.568	0.556	0.0119999999999999
Ddx46	0.874371752830721	0.873840214354725	1	0.106	0.068	0.038
Fcho2	0.876754876829868	-0.173711375419374	1	0.568	0.618	0.05
Pnpla6	0.878109686102489	0.401198864598238	1	0.185	0.164	0.021
Cald1	0.87903191617332	-0.226301474645691	1	0.159	0.188	0.029
Nktr	0.879378436327715	0.147851919826964	1	0.11	0.097	0.013
Clic5	0.881093800774595	0.245383042618334	1	0.172	0.155	0.017
Tnpo3	0.881900469247803	0.308880996058021	1	0.115	0.101	0.014
Usp46	0.884668756762166	0.291104256048025	1	0.145	0.13	0.015
Mecp2	0.888509802705876	0.131918513696901	1	0.167	0.164	0.003
Pds5b	0.890427614511831	0.18342118581684	1	0.256	0.246	0.01
Rac1	0.890703900372909	-0.282689771904115	1	0.128	0.155	0.027
Lrrc49	0.891681686166094	0.193285218430052	1	0.115	0.092	0.023
Asic2	0.894050374089457	0.107027830138957	1	0.137	0.126	0.011
Zfp950	0.894858185832539	-0.332591947551496	1	0.132	0.188	0.056
Top1	0.896061402524629	0.129970286777607	1	0.097	0.111	0.014
Grm5	0.898092797762764	0.11443836454596	1	0.15	0.135	0.015
St8sia6	0.898722509744834	0.104259848577015	1	0.172	0.179	0.00700000000000001
St6gal1	0.898837049765737	-0.129138515721585	1	0.361	0.367	0.00600000000000001
Car4	0.89931780475892	-0.326051257394723	1	0.097	0.111	0.014
Snx3	0.901440840684792	-0.335748323330446	1	0.15	0.198	0.048
Ccnl2	0.901626475005302	0.359525900545938	1	0.154	0.13	0.024
Elk3	0.901956915355686	0.20039041466301	1	0.441	0.425	0.016
Gch1	0.90708517712006	-0.289903544815324	1	0.106	0.13	0.024
Elovl7	0.907722389644436	-0.1195882290839	1	0.326	0.348	0.022
Lnpep	0.908433681347513	0.431001374104508	1	0.238	0.179	0.059
Vps54	0.908816123111425	-0.27442862084272	1	0.167	0.208	0.041
Vwa1	0.9093180035566	0.114432286882486	1	0.119	0.111	0.00799999999999999
Itm2a	0.910212476044298	-0.117674911808604	1	0.181	0.193	0.012
Ifnar1	0.910605702610948	-0.22311036676103	1	0.216	0.232	0.016
Pnisr	0.913297237068326	-0.177456797559259	1	0.11	0.135	0.025
Cwc27	0.913602381433487	-0.550397302610678	1	0.062	0.101	0.039
Il6ra	0.914202888351351	0.188540460850513	1	0.154	0.14	0.014
Tmcc1	0.914239117914909	0.183312177502078	1	0.22	0.222	0.002
Klf6	0.914835912156224	-0.414068763346263	1	0.084	0.101	0.017
Ece1	0.917456255342378	0.2266838839949	1	0.132	0.121	0.011
Sned1	0.918732397417326	0.290543609864422	1	0.123	0.111	0.012
Il6st	0.920326990661637	0.103503017251051	1	0.247	0.261	0.014
Mob3b	0.922041916169413	-0.130646072956336	1	0.242	0.261	0.019
Umad1	0.922917957637671	0.143364030671506	1	0.132	0.116	0.016
Supt3	0.924486847106928	-0.295165676646466	1	0.101	0.121	0.02
Mcc	0.926466919891352	-0.171615284856482	1	0.551	0.589	0.0379999999999999
Hmgxb4	0.926665221603578	0.312695458659449	1	0.123	0.101	0.022
Zfp52	0.926884888471886	-0.312278634110311	1	0.088	0.106	0.018
Sfswap	0.92779903110819	0.256705690086087	1	0.101	0.077	0.024
Slc16a9	0.930340552015888	0.244152446147038	1	0.141	0.121	0.02
Wwc2	0.930604107322484	0.280219004333996	1	0.449	0.411	0.038
Lrrk1	0.931436832834773	0.151377090757836	1	0.322	0.309	0.013
Fyco1	0.932643305378355	0.258098635929875	1	0.137	0.13	0.00700000000000001
Trim14	0.932996400643072	0.440745480236027	1	0.11	0.106	0.004
Ppfibp1	0.935894975746554	0.119256614904021	1	0.467	0.44	0.027
Slc35d2	0.936418855384474	-0.317249554458138	1	0.079	0.101	0.022
Mia3	0.93662534987898	0.519258444023282	1	0.101	0.101	0
Cux1	0.937147042792942	0.177355402836632	1	0.233	0.208	0.025
Eif4a2	0.938040503507373	0.137606786884942	1	0.132	0.135	0.003
Fgd5	0.938213877322606	-0.104079196483992	1	0.485	0.507	0.022
Lsm14a	0.938274288790882	-0.173864556189516	1	0.119	0.145	0.026
Cyyr1	0.938541899569587	-0.10706325071902	1	0.696	0.691	0.005
Ly6a	0.938849831039918	-0.145770318252341	1	0.15	0.169	0.019
Hnrnpf	0.940648871215504	0.315409712043705	1	0.141	0.126	0.015
Lama5	0.941148392660652	-0.270167247401298	1	0.084	0.101	0.017
Rin3	0.941590641800381	-0.119267489419264	1	0.154	0.164	0.01
8030462N17Rik	0.941622384082179	-0.350186386353419	1	0.093	0.121	0.028
Susd6	0.943178195017809	0.200431824027198	1	0.348	0.338	0.00999999999999995
Il15	0.943505703346168	-0.182011768573351	1	0.185	0.203	0.018
Epb41l4a	0.945567964030353	0.310082803450871	1	0.115	0.111	0.004
Pspc1	0.945809312276127	0.602485107082555	1	0.106	0.082	0.024
Acvrl1	0.947431804945646	0.12608361680512	1	0.194	0.193	0.001
Slc35f2	0.947930024298349	-0.238814619823564	1	0.088	0.106	0.018
Gnas	0.948024174036815	0.292382513490204	1	0.313	0.29	0.023
Tfrc	0.948361059529073	-0.154237818005964	1	0.251	0.251	0
Ctsc	0.94922358019114	0.183610324984546	1	0.163	0.15	0.013
Specc1l	0.950589463670039	0.202011810851821	1	0.159	0.14	0.019
Tfeb	0.95070719065388	0.144972108323609	1	0.123	0.111	0.012
Itih5	0.951467972477938	0.102051481078787	1	0.383	0.362	0.021
Erc2	0.953339183407005	0.117752210331882	1	0.145	0.135	0.00999999999999998
Rybp	0.953390434588149	0.310941869715643	1	0.163	0.155	0.00800000000000001
Epc1	0.955072374861344	0.147195318492354	1	0.172	0.164	0.00799999999999998
Maob	0.95593397240997	-0.259714671244053	1	0.119	0.14	0.021
Ostf1	0.956869412149464	-0.171365596847402	1	0.203	0.222	0.019
Sema7a	0.957104381521466	-0.115077860047775	1	0.198	0.213	0.015
Exoc5	0.957415829233174	0.232750744951004	1	0.163	0.15	0.013
Marchf7	0.9594562392288	0.494079540521011	1	0.278	0.217	0.061
Cnot1	0.959797871144428	-0.186455127218611	1	0.11	0.121	0.011
Tut4	0.962967490552743	0.163222654067948	1	0.11	0.106	0.004
Gbp5	0.963252520844318	-0.45178435676534	1	0.106	0.14	0.034
Usp54	0.96402983951074	0.113421911405141	1	0.198	0.184	0.014
Itgb1	0.964964579409554	-0.10040911286008	1	0.207	0.222	0.015
Gatad2a	0.965834479881672	-0.301259074444233	1	0.163	0.174	0.011
Ubap2	0.966875943941944	0.787060528227415	1	0.128	0.101	0.027
Pced1b	0.967832819035153	-0.474321028908706	1	0.154	0.193	0.039
Dennd5b	0.967843166716076	0.152448626384441	1	0.383	0.338	0.045
Spop	0.968202768042686	0.209995991568939	1	0.189	0.174	0.015
Cbx1	0.968532928058278	-0.21058775116794	1	0.167	0.184	0.017
Kcnq1	0.969463073372269	0.134658040814803	1	0.106	0.097	0.00899999999999999
Dock6	0.969551201205725	0.182585496163582	1	0.269	0.246	0.023
Ptprm	0.972364197734886	-0.135375034560124	1	0.938	0.957	0.019
Zfp808	0.973535158887526	0.275555332774039	1	0.106	0.092	0.014
Cmtm8	0.974969601390409	-0.2038912023381	1	0.101	0.116	0.015
Znfx1	0.975938650393762	-0.319395783621037	1	0.079	0.101	0.022
Nr3c2	0.979073857268284	0.313951894654114	1	0.577	0.541	0.0359999999999999
Il17rd	0.984201206243536	-0.117001209436591	1	0.167	0.164	0.003
Ube2k	0.984459975566806	0.173348868133507	1	0.128	0.13	0.002
Gls	0.985830428429333	-0.436839124549144	1	0.172	0.217	0.045
Tie1	0.986118047118649	-0.162823504444141	1	0.216	0.232	0.016
Zfp326	0.988467624432908	-0.109628629930773	1	0.101	0.106	0.00499999999999999
Lef1	0.988628407497479	-0.132113605554313	1	0.736	0.758	0.022
Smad7	0.989679906182576	0.100294717768103	1	0.229	0.246	0.017
Acadl	0.99316840325859	-0.292206245560397	1	0.084	0.106	0.022
Layn	0.993944091235683	-0.346565776255769	1	0.176	0.227	0.051
Mcl1	0.994242726097189	-0.316961631652201	1	0.101	0.13	0.029
Arid4a	0.994900140813311	-0.134008112796793	1	0.145	0.164	0.019
Frmd4a	0.99712210639795	-0.113235679716064	1	0.15	0.159	0.00900000000000001
Mtdh	1	-0.326376511103748	1	0.145	0.174	0.029
