gene	p_val	avg_log2FC	p_val_adj	percent_PS19	percent_WT	percent_difference
Rasgrf2	9.59479380666909e-10	-1.76275508390582	1.71919515427897e-05	0.116	0.29	0.174
Magi1	1.35322591371214e-07	-0.628405508794952	0.00242471019218941	0.429	0.544	0.115
Rsrp1	1.67706042049902e-07	-1.57945183454269	0.00300495686145015	0.053	0.164	0.111
Zbtb16	7.87850257657958e-07	0.918348715666609	0.0141167009167153	0.388	0.254	0.134
Ddx50	2.80591140108484e-06	-0.760229837798001	0.0502763204846382	0.147	0.221	0.074
Galnt18	3.38477084865603e-06	-1.8124177056257	0.0606483240662188	0.043	0.128	0.085
Dgkh	3.76378241257453e-06	-1.51184882073744	0.0674394532685103	0.089	0.2	0.111
Cadps2	4.47171145678174e-06	2.12727044653845	0.0801241258826152	0.123	0.038	0.085
Fbxl20	6.92570116036912e-06	-1.58415912873844	0.124094713391494	0.065	0.131	0.066
9930021J03Rik	7.74375449865498e-06	-1.25507951683885	0.1387525931069	0.08	0.179	0.099
Thoc2	8.59020652069427e-06	-1.23544348599499	0.1539193204378	0.137	0.269	0.132
Nedd4l	1.22937739385574e-05	-0.847368878122829	0.220279841431071	0.2	0.285	0.085
Rock2	1.60339136649915e-05	-0.675528316133219	0.287295665049318	0.337	0.423	0.086
Phip	1.99446304929835e-05	-0.923462328438795	0.357367889173278	0.246	0.356	0.11
Flrt2	3.21455983876748e-05	0.821688488189269	0.575984831910358	0.434	0.292	0.142
Ube2d3	3.26041950180782e-05	-1.03422498589734	0.584201966333924	0.161	0.267	0.106
Arglu1	3.49974490333835e-05	-0.882879467071333	0.627084291780166	0.157	0.256	0.099
Fgf13	4.72638888282917e-05	-2.0484218726148	0.84687436002533	0.053	0.126	0.073
Nfyc	5.04259522511019e-05	-1.90233451007821	0.903532212435243	0.043	0.118	0.075
Il1r1	5.21944205698582e-05	0.675782959662769	0.935219627770719	0.448	0.333	0.115
Cfh	5.26355309737633e-05	0.626675272255362	0.943123443987891	0.564	0.451	0.113
Dmtf1	6.2781221624391e-05	-1.30404440742638	1	0.075	0.149	0.074
Phf14	6.61031691246862e-05	-1.04091372840524	1	0.125	0.208	0.083
Ptprk	7.69447781074575e-05	0.772062016551811	1	0.46	0.318	0.142
Rc3h2	9.6881506649295e-05	-1.48866957374188	1	0.051	0.11	0.059
Abcc4	9.86345875050252e-05	0.403046681006339	1	0.754	0.685	0.069
Mrtfb	0.000100803491420725	0.391115567549508	1	0.771	0.667	0.104
Ythdf2	0.000107091670240666	-1.60238962775291	1	0.046	0.103	0.057
Kdm7a	0.000112266326673593	-1.59345788129628	1	0.046	0.128	0.082
Acvr2a	0.000127630186075988	-1.83759818940424	1	0.043	0.115	0.072
Osbpl8	0.000131449899015193	-1.44625452288909	1	0.08	0.169	0.089
Sparcl1	0.000200047615822334	1.02520779148696	1	0.26	0.151	0.109
Efr3b	0.000229376907900902	-0.740550996297292	1	0.231	0.338	0.107
Prkg1	0.000249191907597914	0.339095712848529	1	0.858	0.815	0.043
Pam	0.000265413155770064	-0.709025363863005	1	0.251	0.354	0.103
Rundc3b	0.000313108553680809	-0.439408050980424	1	0.672	0.662	0.01
Nckap5	0.00034723420419237	0.668200914446931	1	0.313	0.208	0.105
Adipor2	0.00038473782317172	0.494962903683808	1	0.581	0.469	0.112
Fubp1	0.000442346179350819	-1.00356711677683	1	0.089	0.141	0.052
Kat6b	0.00045484015604879	-0.732124315190588	1	0.166	0.262	0.096
Sppl3	0.000470837358407102	-1.08668152324523	1	0.145	0.241	0.096
Atrnl1	0.000475183711277705	-0.607258581858243	1	0.222	0.3	0.078
Arhgap26	0.000478223939513674	0.673449806802557	1	0.496	0.372	0.124
Vwf	0.00052473986039044	0.481829418770552	1	0.542	0.428	0.114
Adgrl4	0.000538143190925672	0.403598952517536	1	0.896	0.821	0.0750000000000001
Capn7	0.000677118062931531	-1.32975041864423	1	0.048	0.1	0.052
Cul1	0.000689088601468646	-1.05699626602	1	0.116	0.182	0.066
Hif1a	0.000742232845347792	0.957186848888302	1	0.173	0.108	0.065
Tjp1	0.00087417950794749	0.279688020431065	1	0.923	0.854	0.0690000000000001
Dst	0.000879570937642074	0.496908357330638	1	0.308	0.218	0.09
Wdpcp	0.00102460135526842	1.73900794278965	1	0.101	0.044	0.057
Ctps	0.00112733915481557	1.86607516749902	1	0.108	0.041	0.067
Retreg3	0.00113723586736937	-1.76714468129519	1	0.031	0.103	0.072
Btaf1	0.00116463604198353	-1.40567902207728	1	0.065	0.149	0.084
Aplp2	0.00120745593337733	-0.853966996611136	1	0.169	0.267	0.098
Immp1l	0.0012315695634392	-1.35861669662618	1	0.048	0.1	0.052
Zfp592	0.00123300975472803	1.28426266381351	1	0.137	0.064	0.073
Apobec3	0.00123654624414921	0.759992718490321	1	0.253	0.172	0.081
Rhobtb1	0.00132072835405071	0.678774281468516	1	0.318	0.251	0.067
Zfp644	0.0013433318481389	-0.698550088720998	1	0.193	0.285	0.092
Ggnbp2	0.00136400695962556	-1.0234052334072	1	0.092	0.159	0.067
Stx16	0.00140049910435663	-1.36802439389746	1	0.06	0.113	0.053
Septin11	0.00140050865143519	-1.0122700161315	1	0.125	0.223	0.098
Huwe1	0.00152741377870673	-0.689448412031127	1	0.224	0.274	0.05
Asb3	0.00154615534498541	-0.952423468789676	1	0.087	0.141	0.054
Casd1	0.00162900472357351	-1.36599187687481	1	0.046	0.1	0.054
Nxpe2	0.00163436646567878	-0.571480308052463	1	0.323	0.426	0.103
Evi5	0.00169444149669799	-1.08273601654286	1	0.048	0.113	0.065
Tgfb2	0.00171336929881005	0.118654427998788	1	0.159	0.21	0.051
Zranb1	0.00175883109815516	-0.906493916217309	1	0.08	0.141	0.061
Drg1	0.00180277405922275	-1.28989969523616	1	0.072	0.141	0.069
Cop1	0.00187992739412998	-1.09702285726111	1	0.101	0.149	0.048
Osbpl9	0.00190761596454873	0.518714161266826	1	0.434	0.331	0.103
Rapgef4	0.0019609695212492	-0.497702834576818	1	0.357	0.421	0.064
Stox2	0.00204330600548093	0.315618713666269	1	0.728	0.633	0.095
Thrap3	0.00206160342763743	-0.508148920447249	1	0.214	0.246	0.032
Cdk14	0.00207993221226284	0.388461337051794	1	0.364	0.254	0.11
Dnm3	0.00217693478632689	0.235893409203208	1	0.875	0.792	0.083
Tspan5	0.00230168591972689	0.13109816528541	1	0.742	0.641	0.101
Ppp1r2	0.00242948477260692	0.82132947322343	1	0.26	0.169	0.091
Zfp521	0.0026134001591202	0.598810012184576	1	0.369	0.303	0.066
Zhx3	0.00264863635353964	0.639513341111523	1	0.439	0.323	0.116
Ttc7b	0.00267711915376886	-0.744180042323502	1	0.157	0.205	0.048
Tanc2	0.00282442765356718	-1.47065488998027	1	0.034	0.108	0.074
Sgms1	0.00282792442191597	0.293923827671833	1	0.916	0.874	0.042
Dync1h1	0.00285960810787979	-0.978301992172865	1	0.063	0.103	0.04
Kif5b	0.00291012317156456	0.634460958352481	1	0.277	0.218	0.059
Brd4	0.00295020497400654	-0.614780368580687	1	0.243	0.31	0.067
Tacc1	0.00300136515523732	0.541758141817652	1	0.422	0.308	0.114
Commd10	0.00306457408508318	-1.33996362220154	1	0.058	0.108	0.05
Usp54	0.00314887338625168	0.759588951582363	1	0.267	0.195	0.072
Xrn2	0.00325056269071878	-0.647499599016829	1	0.135	0.162	0.027
Klhl24	0.00330779555393843	-0.955009950920883	1	0.104	0.144	0.04
Tmsb4x	0.00335996330520947	-0.686580725390509	1	0.137	0.228	0.091
Etv6	0.00356984912452486	0.336229681464264	1	0.528	0.49	0.038
Tra2a	0.003586543791122	-0.708264203505205	1	0.178	0.262	0.084
Gfod1	0.00373481511876597	1.413870116511	1	0.12	0.051	0.069
Zmynd11	0.00388108491532964	-0.776296124910402	1	0.128	0.174	0.046
Ly6c1	0.00391451044533965	-0.678761952122301	1	0.166	0.249	0.083
Anapc1	0.00393563515518836	-0.931656164458813	1	0.089	0.146	0.057
Relch	0.00397188920425109	-0.882715710101955	1	0.08	0.133	0.053
Prpf39	0.00427148228132787	-0.885174239436335	1	0.111	0.154	0.043
Cnbp	0.00455875150780368	1.01118729358284	1	0.111	0.062	0.049
Sarnp	0.00458285950545436	-0.941573376981392	1	0.099	0.149	0.05
Tbl1xr1	0.00475173354095971	-1.05708630614744	1	0.072	0.144	0.072
Bach2	0.00479779685458274	-0.878784578089484	1	0.051	0.11	0.059
Srrm2	0.00481175297282749	-0.540888443691925	1	0.21	0.233	0.023
Stim2	0.00492217479209136	0.550861984300188	1	0.306	0.215	0.091
Smurf1	0.00501132855841969	-0.688516469000003	1	0.111	0.136	0.025
Acer2	0.00504230644680882	0.40993487955766	1	0.402	0.326	0.076
Adgrf5	0.00504272754645462	0.297347104551249	1	0.713	0.644	0.069
Gsk3b	0.00521384365976088	-0.525111596844705	1	0.311	0.351	0.04
Ptn	0.00528977473232352	0.240411925932421	1	0.422	0.436	0.014
Samd12	0.00535170339221412	-0.373564482760393	1	0.631	0.697	0.0659999999999999
Add1	0.00542186539456765	-0.934097477323473	1	0.067	0.123	0.056
Svil	0.00543099006458775	0.388862962009481	1	0.402	0.333	0.069
Clint1	0.0054614030936156	0.549318737599227	1	0.381	0.295	0.086
Lef1	0.00550070713470866	0.215393307823954	1	0.773	0.728	0.045
Maml2	0.0055027256662805	0.297923517861182	1	0.713	0.664	0.0489999999999999
Nrp1	0.00554717116064345	-0.608999365899458	1	0.253	0.346	0.093
Ints6l	0.00554897310331016	-1.05989176851023	1	0.067	0.115	0.048
Trim30a	0.00596425202015367	0.449294769843307	1	0.231	0.218	0.013
Fn1	0.00619880458796976	0.578909156803036	1	0.378	0.315	0.063
Epb41	0.00627657939700228	-0.551900425627189	1	0.171	0.231	0.06
Rps6ka3	0.00659720201334366	-0.987407971710499	1	0.123	0.187	0.064
Rap1gds1	0.00694155536923323	-0.411959100584831	1	0.296	0.349	0.053
Ptma	0.00705976609399584	-1.0233706473649	1	0.082	0.154	0.072
Sec62	0.00710353190054097	-0.860405516504967	1	0.125	0.177	0.052
Git2	0.00725140187081449	0.337540337251938	1	0.381	0.308	0.073
Armh3	0.00740063043043637	-0.570081095323292	1	0.111	0.141	0.03
Gdpd5	0.00759609851300089	1.20653015102606	1	0.118	0.062	0.056
Zmym2	0.00764751565625975	-0.895616846907175	1	0.104	0.169	0.065
Helz	0.00791458319977646	-0.903501057445269	1	0.094	0.154	0.06
Trak1	0.00794639106455336	-1.14402064869346	1	0.077	0.133	0.056
Ambra1	0.00816756012394237	-0.359432396649691	1	0.222	0.254	0.032
Elp4	0.008341725470914	1.17276430093464	1	0.135	0.072	0.063
Chd1	0.0093402622980782	-0.607712722857116	1	0.128	0.151	0.023
Tom1l2	0.00943001396489991	-0.628495850888231	1	0.14	0.197	0.057
Xdh	0.0094669104693899	0.458784595061758	1	0.361	0.272	0.089
Gtf2i	0.00955491721620868	-0.71416444167144	1	0.161	0.203	0.042
Tpm3	0.00973376937001949	0.737489488700746	1	0.217	0.133	0.084
Zeb1	0.00980261101652892	0.284549940412731	1	0.578	0.526	0.0519999999999999
Exoc6	0.00987653975159733	0.45716624831542	1	0.393	0.308	0.085
Ddx17	0.00992921810607799	-0.491946628049003	1	0.231	0.331	0.1
Atxn7	0.0100096379211883	-0.461721505456577	1	0.202	0.226	0.024
Nktr	0.0102365043285135	-0.823113372975677	1	0.082	0.131	0.049
H2-Q6	0.0102383627443525	1.04312096123746	1	0.13	0.082	0.048
Serinc3	0.0102551643176693	0.497028087958395	1	0.378	0.287	0.091
Ubn1	0.0103222423009404	1.21919859812531	1	0.106	0.059	0.047
Pdpk1	0.0104115315728867	-1.38765642459672	1	0.053	0.113	0.06
Myof	0.0104227460940752	0.33472272672719	1	0.357	0.282	0.075
Mboat1	0.0108747178879661	1.13427587685851	1	0.111	0.062	0.049
Smim14	0.0109315341316126	-0.786257041593325	1	0.08	0.141	0.061
Adcy9	0.0110975418980813	-1.12092592036518	1	0.08	0.151	0.071
Fmo2	0.011399301915149	0.612909439833588	1	0.229	0.177	0.052
Znrf1	0.0114181235369784	0.257612359580403	1	0.482	0.392	0.09
Prr5l	0.0114284262691456	0.842943444467038	1	0.243	0.162	0.081
Arfgef1	0.0114991650210325	-0.525042158210619	1	0.205	0.249	0.044
Gapvd1	0.0116688456854865	-0.186961631770176	1	0.2	0.169	0.031
Aff4	0.0118563853069315	-0.58057723586572	1	0.205	0.259	0.054
Zfp280d	0.0121544542575359	-0.319268036458269	1	0.19	0.19	0
Plxna2	0.0126345594031788	-0.456039488488289	1	0.313	0.377	0.064
Gtf2e2	0.0132419245881588	-0.917893559295702	1	0.058	0.108	0.05
Rbm25	0.0133108598203862	-0.53287617236244	1	0.239	0.3	0.061
Hprt	0.0133405104545918	-0.782615882410808	1	0.089	0.154	0.065
Plcb4	0.0136049591446701	0.217587329902255	1	0.752	0.697	0.055
Dennd1b	0.0136726065390998	0.459105301607824	1	0.304	0.221	0.083
Birc6	0.0137493024246716	-0.543987950531319	1	0.236	0.297	0.061
Rhoj	0.0140289835225914	0.300021239075865	1	0.289	0.218	0.071
Tmem87a	0.0142446327868777	-0.768608996999658	1	0.106	0.141	0.035
Kcmf1	0.0145116851827881	-0.333691582890848	1	0.166	0.213	0.047
Faf1	0.0145287252071173	-0.542588692942996	1	0.166	0.187	0.021
Sash1	0.0147996451994002	0.357682323058396	1	0.499	0.395	0.104
Nufip2	0.0152990536320276	-0.888878950799165	1	0.101	0.154	0.053
Vcam1	0.0153150364566396	0.741804873026621	1	0.255	0.179	0.076
Ptk2	0.0153637515957943	-0.324744971429557	1	0.39	0.436	0.046
Fryl	0.0158943099112896	0.181261071244998	1	0.747	0.69	0.0570000000000001
Kif2a	0.0159089863825873	-0.886602885732616	1	0.108	0.179	0.071
Usp8	0.0160365342099796	-0.842289783528192	1	0.06	0.105	0.045
B4galt5	0.0161228418542553	-1.19120003238112	1	0.058	0.113	0.055
Ppm1h	0.0167872582706373	-0.509597478958354	1	0.229	0.305	0.076
Dock9	0.0172433649714819	0.176637564188981	1	0.788	0.718	0.0700000000000001
Pot1b	0.0176081973432964	0.267951343936517	1	0.113	0.072	0.041
Clasp1	0.017854180415511	-0.920755559067332	1	0.063	0.108	0.045
Son	0.0182425865283429	0.39709311868201	1	0.53	0.456	0.074
Acox1	0.0182801715493508	-0.836761293211958	1	0.092	0.126	0.034
Phf3	0.018293013590935	-0.963549784376807	1	0.082	0.128	0.046
Dach1	0.018488442793313	0.241998381823985	1	0.643	0.572	0.0710000000000001
Megf6	0.0185202359677909	0.761086258079805	1	0.123	0.097	0.026
Cers4	0.0186062388819252	-1.09554656876929	1	0.084	0.144	0.06
Cdc14a	0.01870814323169	0.794823365969704	1	0.212	0.154	0.058
Arnt	0.0188609393800644	-0.626838340492081	1	0.118	0.154	0.036
Pla2g4a	0.0190243597740087	0.467603695480482	1	0.371	0.274	0.097
Rif1	0.0192007111451756	-0.693985745695255	1	0.104	0.115	0.011
Fars2	0.0193184285875684	-0.814146633604268	1	0.096	0.149	0.053
Asap1	0.0193987241107387	-0.382167291925937	1	0.337	0.415	0.078
Zfp277	0.0194746047659288	-1.02886595455838	1	0.094	0.131	0.037
Ppp1r13b	0.0195163667024976	-0.175791374858803	1	0.289	0.367	0.078
Nek7	0.0200200004046767	0.390085394906628	1	0.4	0.326	0.074
Sik2	0.0202030733773489	-0.749398567014297	1	0.133	0.208	0.075
Tm9sf3	0.0205188901990084	-0.996181157339231	1	0.067	0.113	0.046
Snapc3	0.0206525464303613	-0.932231342792623	1	0.101	0.159	0.058
Rnf103	0.020674393888357	0.907201356258532	1	0.125	0.069	0.056
Smyd3	0.0211330058847142	-0.588259739577974	1	0.236	0.321	0.085
Serbp1	0.0211517076155288	0.640182709785081	1	0.149	0.097	0.052
Tmem243	0.0211694535996571	-0.534816872749449	1	0.159	0.238	0.079
Zmiz1	0.0212591558184175	0.367079026050666	1	0.373	0.29	0.083
Scamp1	0.0215207282219781	-1.23847292955279	1	0.058	0.105	0.047
Cecr2	0.021847973051402	0.603672489272521	1	0.212	0.149	0.063
Mcf2l	0.0222837521150196	0.544553119537683	1	0.243	0.167	0.076
Il10rb	0.0225268557985399	-0.608853812133352	1	0.104	0.138	0.034
Ccnt2	0.022826472974679	-1.05064754700728	1	0.07	0.113	0.043
Terf1	0.0228820109698257	0.777812696964518	1	0.2	0.115	0.085
Ep400	0.0239142747740071	0.241222750106285	1	0.173	0.121	0.052
Net1	0.0239522554677548	0.612969974219105	1	0.152	0.136	0.016
Rspry1	0.0243464435284215	-1.03376554381874	1	0.067	0.115	0.048
Invs	0.0244636818507826	0.518976951502038	1	0.106	0.069	0.037
Ccdc141	0.0245380637573718	0.153295562471621	1	0.708	0.623	0.085
Tspan13	0.0247674123142268	-0.530897960893076	1	0.186	0.236	0.05
Rab7	0.0248322945881913	-0.561278608000593	1	0.096	0.126	0.03
Crk	0.0248791122279565	0.681405287217704	1	0.171	0.105	0.066
Tra2b	0.0250615874857343	-1.00258122916704	1	0.072	0.123	0.051
Map3k2	0.0252356818169025	-0.74147241792073	1	0.065	0.105	0.04
Dock4	0.0256633975690889	-0.208488769694987	1	0.781	0.797	0.016
Evl	0.0256764088431115	-0.615747539700021	1	0.113	0.174	0.061
Pkn2	0.0259437766516605	0.363538165856697	1	0.248	0.218	0.03
Arl4a	0.026152894324718	0.636633190833515	1	0.178	0.118	0.06
Top1	0.0262400885302874	-0.766659680937354	1	0.108	0.172	0.064
Apoe	0.0266082483595072	0.516994392388209	1	0.19	0.154	0.036
Tpm4	0.0269102013460338	0.840891872705469	1	0.104	0.062	0.042
Tnpo1	0.0269578073557763	-0.787348548441722	1	0.089	0.133	0.044
Scaf4	0.027253422741123	-1.14148383347755	1	0.067	0.108	0.041
Nedd9	0.0274028331255696	-0.358625870138218	1	0.202	0.282	0.08
Mga	0.0279630995936437	-0.883745186998324	1	0.072	0.113	0.041
Mipol1	0.0282566628198365	1.01783957883123	1	0.14	0.074	0.066
Zc3h13	0.0286310405542562	-1.16756072638016	1	0.07	0.105	0.035
Fmnl2	0.0286786325791659	0.380010024539843	1	0.496	0.415	0.081
Fmo1	0.0287383690158402	0.642296812631742	1	0.202	0.138	0.064
Sec24b	0.029039165932594	0.393953989267529	1	0.188	0.123	0.065
Cyth1	0.0295431771950048	0.226009159955674	1	0.214	0.164	0.05
Cltc	0.0296710876107177	-0.37292912719024	1	0.111	0.121	0.01
Zc3h7a	0.0299498376407534	0.350533985589899	1	0.275	0.238	0.037
Crlf3	0.0301581631643846	0.671170707919421	1	0.145	0.1	0.045
Ap1g1	0.0305809628872009	0.78487600535487	1	0.149	0.085	0.064
Gm5127	0.0306584483393326	0.430292740176362	1	0.373	0.29	0.083
Tulp4	0.0308565643490748	0.436616033050223	1	0.19	0.144	0.046
Mecom	0.0311343171124806	0.192000915282113	1	0.961	0.936	0.0249999999999999
Dcun1d3	0.0312432583269577	0.511316083878833	1	0.255	0.187	0.068
Cpne1	0.031253796261697	0.909347870916709	1	0.125	0.082	0.043
Cdkal1	0.0314610263371798	0.511203474710778	1	0.371	0.279	0.092
Nckap1	0.0318360894087752	-0.506019120327449	1	0.183	0.236	0.053
Ywhae	0.0318727992209632	-0.399035022089284	1	0.188	0.205	0.017
Cdc42bpb	0.032036889438903	-0.667934158658047	1	0.154	0.233	0.079
Scfd1	0.0321311683999083	1.35355637853218	1	0.101	0.044	0.057
Pard3	0.0324724947896547	0.265322314511915	1	0.689	0.621	0.0679999999999999
Hipk3	0.0325980757948072	0.409276576542948	1	0.2	0.146	0.054
Anxa3	0.0334459030223275	-0.498711385064892	1	0.239	0.3	0.061
Pafah1b1	0.0338217071600895	0.641017344518503	1	0.267	0.197	0.07
Wnk1	0.0338853426408358	-0.246572813703428	1	0.311	0.318	0.00700000000000001
Fgd6	0.0348913270127802	0.456334785704947	1	0.239	0.169	0.07
Pdcd6ip	0.0351617426797221	-0.710270261410388	1	0.077	0.121	0.044
Fas	0.0351946102387073	0.138246728835364	1	0.147	0.11	0.037
Atad2b	0.0354372433311808	-0.385584747122012	1	0.176	0.177	0.001
Tasor2	0.037221429954704	-0.81686278558784	1	0.084	0.108	0.024
Bbx	0.0374749660242949	-0.182843087857288	1	0.2	0.221	0.021
Selenop	0.0375093157775178	0.661394145239146	1	0.212	0.159	0.053
Fxr1	0.0389417749540025	-0.698123329216917	1	0.075	0.103	0.028
Samhd1	0.0389610528035197	0.59628443931471	1	0.212	0.167	0.045
St3gal1	0.0395455223511329	0.494019552013486	1	0.231	0.203	0.028
Plxna4	0.0397056479333512	-0.936581364731827	1	0.065	0.113	0.048
Med13l	0.0400100240816481	0.546001632956114	1	0.263	0.197	0.066
Ccnd3	0.0401153025499282	0.508422918365231	1	0.316	0.233	0.083
Dapk1	0.0401230115728603	0.768491155275519	1	0.142	0.1	0.042
Ube3c	0.0404865661499988	-0.541181995206445	1	0.094	0.105	0.011
Mib1	0.0408588377157409	-0.780022661765009	1	0.089	0.115	0.026
Zbtb20	0.0412565532317648	0.123115839148082	1	0.986	0.972	0.014
Cd2ap	0.0413995275443353	0.254018144924801	1	0.651	0.585	0.0660000000000001
Tln2	0.0416130509223827	0.5516050348357	1	0.13	0.105	0.025
Tet3	0.0419264944215285	-0.948535797411883	1	0.099	0.149	0.05
Prrg1	0.0420200054174905	0.394612038775855	1	0.265	0.213	0.052
Myrip	0.0426983640142914	0.316280121813728	1	0.443	0.374	0.069
Rnf213	0.0429901491614966	-0.512419386900005	1	0.154	0.226	0.072
Nuak1	0.0430116251725841	-0.724428591946501	1	0.116	0.154	0.038
Ccny	0.0437505018831349	0.404372112639301	1	0.484	0.415	0.069
Lims2	0.0440285626099218	0.292243072975508	1	0.33	0.279	0.051
Cnksr3	0.044098724777624	0.864427898513021	1	0.101	0.077	0.024
Ctsc	0.0441149122968111	0.643163735637648	1	0.2	0.133	0.067
Man2a1	0.0441257538272198	-0.516495793399309	1	0.111	0.141	0.03
Arhgap18	0.0449522827099412	-0.479344470737785	1	0.075	0.121	0.046
Csnk1a1	0.0449837610436181	-0.445695027826976	1	0.248	0.326	0.078
Rsf1	0.0451787794424756	-0.759765968077274	1	0.099	0.151	0.052
Srsf2	0.0455666187218364	-0.972087760705868	1	0.087	0.138	0.051
Glcci1	0.0468925031258146	-0.481755182983416	1	0.188	0.21	0.022
Col5a2	0.0475144982869954	-0.613870606461589	1	0.154	0.19	0.036
Apod	0.0475724992628545	0.622609606187387	1	0.137	0.097	0.04
Xpo7	0.0476414990949137	-0.923813869313618	1	0.094	0.156	0.062
Lmntd1	0.0479990850757902	-0.495396792778178	1	0.241	0.308	0.067
Rbpms	0.0481068261503648	0.225945532503018	1	0.598	0.536	0.0619999999999999
Myo10	0.0490430285935487	0.344037834925858	1	0.4	0.344	0.056
Itsn2	0.0494186416412279	0.374128171850935	1	0.373	0.295	0.078
Dipk1a	0.0496510188435829	-0.53491337101858	1	0.13	0.195	0.065
Arid4b	0.049686837769321	-0.887612660973247	1	0.111	0.179	0.068
Frs2	0.0497256344310396	-0.719122607891467	1	0.106	0.146	0.04
Rsrc1	0.0497488167025383	-0.551385586609199	1	0.231	0.303	0.072
Kdm2a	0.0500445056161436	-0.39885007144174	1	0.171	0.233	0.062
Srek1	0.050168557903946	-0.701091706325462	1	0.096	0.141	0.045
Kat6a	0.0530598276110152	0.429921295587461	1	0.27	0.208	0.062
Sos1	0.0533061691742304	0.417940216956659	1	0.253	0.208	0.045
Otud7b	0.0538413731042149	0.387770564807359	1	0.176	0.154	0.022
Rbm26	0.0543464354682878	-0.814981101858379	1	0.077	0.126	0.049
Ddx6	0.0543511329807048	0.41743839387329	1	0.282	0.215	0.067
Cpt1a	0.0545210535042732	0.534231324016318	1	0.111	0.105	0.00600000000000001
Fry	0.0551115416282607	0.213650284208466	1	0.877	0.849	0.028
Dennd6a	0.0560965145358318	-0.609964801714272	1	0.149	0.215	0.066
Ets1	0.0572731187649563	-0.502540490726617	1	0.304	0.374	0.07
Wbp1l	0.0580103698296914	0.765453811899675	1	0.152	0.108	0.044
Etl4	0.0580423195221418	-0.861007675490299	1	0.096	0.121	0.025
Zswim6	0.0582078937968802	-0.665003121833346	1	0.188	0.256	0.068
Vamp4	0.0584471787727488	0.328515549664935	1	0.118	0.077	0.041
Spaca6	0.0584855147315379	1.03365445523932	1	0.13	0.074	0.056
Rps6ka5	0.0586886199326151	0.223256971687972	1	0.381	0.385	0.004
Lcorl	0.0591310810837899	-0.44485286751279	1	0.154	0.208	0.054
Auts2	0.0593163171863878	0.206110958498718	1	0.554	0.508	0.046
Bltp1	0.0594461797961467	-0.63220227711226	1	0.116	0.172	0.056
Tut7	0.0602631424594522	0.576419890197606	1	0.212	0.149	0.063
St6galnac3	0.0610530418611741	0.290592682945276	1	0.831	0.777	0.0539999999999999
Rbm6	0.0617529758163837	-0.260726922418133	1	0.231	0.249	0.018
Cul3	0.0620093498314259	-0.424022359129271	1	0.142	0.169	0.027
Hectd1	0.0628220614831534	0.337760620195298	1	0.335	0.264	0.071
Ube2g1	0.0629692230593968	0.415985600836119	1	0.241	0.174	0.067
Ldb2	0.0632909154247615	-0.930167353369174	1	0.181	0.269	0.088
Zbtb4	0.0637369704699105	-1.12344876989777	1	0.053	0.11	0.057
Adnp	0.063888623531408	-0.828221587155111	1	0.07	0.11	0.04
Uimc1	0.0642233570430354	-0.695760071286355	1	0.084	0.138	0.054
Ap3b1	0.0646156768405319	-0.508696100739502	1	0.157	0.203	0.046
Mtss1	0.0648725332775058	0.292461660549344	1	0.436	0.385	0.051
Stard13	0.0654630790645903	0.279002784481558	1	0.53	0.515	0.015
Fnbp1l	0.0658760528009064	0.418906772043381	1	0.422	0.356	0.066
Kmt2c	0.0663794500076735	0.348300627084743	1	0.383	0.303	0.08
Rfc1	0.0664172495698043	0.747664352901733	1	0.101	0.062	0.039
Vcl	0.0670118509744428	0.589642435709298	1	0.239	0.2	0.039
Septin7	0.0673949318234403	0.370306410364306	1	0.13	0.092	0.038
Abcg2	0.0674052292642218	0.303583516042976	1	0.694	0.631	0.0629999999999999
Calcrl	0.0677751759219275	-0.323863631384643	1	0.354	0.333	0.021
Clip1	0.0680069030715662	0.440684219580862	1	0.246	0.192	0.054
Vps13d	0.0685604511698085	-0.512350159402573	1	0.202	0.246	0.044
Cflar	0.0687139227554238	0.799011306714856	1	0.14	0.095	0.045
Pls3	0.0693131061291985	0.39655348360828	1	0.335	0.29	0.045
Eml4	0.0694456622424254	-0.502286839030092	1	0.152	0.208	0.056
Phlpp1	0.0700239487387512	0.562169363797845	1	0.176	0.149	0.027
Lonp2	0.0706723331526604	-0.709151694216576	1	0.096	0.133	0.037
Wasf2	0.0707082523152975	0.312229228123612	1	0.422	0.338	0.084
St3gal6	0.0708897088080467	0.204515738189397	1	0.687	0.679	0.00800000000000001
Vwa1	0.0717098154651954	-0.20002779473123	1	0.104	0.138	0.034
Tll1	0.0717938273003531	0.64788280321781	1	0.166	0.123	0.043
Pkig	0.0718026706378801	0.521935456913212	1	0.195	0.151	0.044
Eln	0.0719218560522644	-0.624746698531696	1	0.284	0.315	0.031
Ythdc1	0.0720404101379545	-0.466093377345549	1	0.181	0.244	0.063
Atp11b	0.0720466063004375	-0.792998073813094	1	0.108	0.154	0.046
Hdac9	0.0723911937169036	0.205608461373433	1	0.419	0.413	0.00600000000000001
Lamc1	0.0727300460360664	0.656180623935557	1	0.12	0.072	0.048
Pard3b	0.0730103592061498	0.240453687238186	1	0.605	0.536	0.069
Rmdn1	0.0732221872333322	0.593371301024875	1	0.113	0.067	0.046
Fto	0.073747899481373	0.293152257269443	1	0.267	0.254	0.013
Lcor	0.0737487975786274	-0.415722093291646	1	0.157	0.19	0.033
Rbm39	0.074396874197474	-0.1288004908635	1	0.581	0.592	0.011
Gas6	0.0755806624395652	-0.634391472224216	1	0.077	0.118	0.041
Ddi2	0.0759311298933495	-0.595076172117289	1	0.096	0.151	0.055
Klf13	0.0762319131323351	0.517458748966548	1	0.217	0.174	0.043
Nsd3	0.0770546896123913	0.277399938157818	1	0.301	0.241	0.06
Ube2v2	0.0772800508073238	-0.830589708466147	1	0.075	0.1	0.025
Wdfy3	0.077324047437256	0.131476085168162	1	0.251	0.203	0.048
Nlk	0.0773623130379757	-0.784999614572817	1	0.082	0.128	0.046
Cadm1	0.0785278384272742	-0.559249787303468	1	0.164	0.21	0.046
Pcf11	0.079156195784353	-0.568112719145677	1	0.094	0.115	0.021
Map4k3	0.0791915085826536	0.271080843359908	1	0.511	0.464	0.047
Pbx3	0.0791926244750895	0.362535962449833	1	0.292	0.259	0.033
Nt5dc1	0.0792463912373659	-0.193419629248911	1	0.161	0.156	0.005
Nampt	0.079868259661988	0.411510987075545	1	0.251	0.213	0.038
Bend7	0.0798903834244119	0.795257218567454	1	0.123	0.082	0.041
Prpf4b	0.0806198269643146	-0.308590457054633	1	0.275	0.305	0.03
Sumo1	0.0807719635478025	-0.77073668003477	1	0.092	0.136	0.044
Cd93	0.0812667952198022	0.750790244648238	1	0.128	0.085	0.043
Trip11	0.0813652296940765	-0.35490381195946	1	0.077	0.126	0.049
Ccser2	0.0823626430544637	0.239439687347342	1	0.231	0.241	0.00999999999999998
Ankfy1	0.0823956490296425	-0.185605287950282	1	0.106	0.103	0.003
Usp53	0.082433486549967	0.160860773331399	1	0.537	0.492	0.045
Uhrf2	0.0824864417970422	0.303266096590731	1	0.193	0.169	0.024
Ppp4r3a	0.0832696998090045	-0.264108712255253	1	0.106	0.097	0.00899999999999999
Eps8	0.0833582358943786	0.238863879050977	1	0.202	0.19	0.012
Tle1	0.0837012962297357	0.767103076810379	1	0.212	0.151	0.061
Fli1	0.0837280652176907	0.153755096623961	1	0.749	0.695	0.054
Ldlrad4	0.0846320480352701	-0.266047436975875	1	0.323	0.326	0.003
Clybl	0.0848590923878673	0.65842698878835	1	0.147	0.103	0.044
Nherf2	0.0861777834330788	0.489403674909562	1	0.166	0.123	0.043
Nr3c2	0.0862840113965324	0.313934352900787	1	0.588	0.508	0.08
Zfp638	0.0867178152957168	-0.525079574942829	1	0.154	0.215	0.061
Exoc5	0.0867974153441488	-0.446332723193422	1	0.173	0.21	0.037
Myo6	0.0870858559625515	0.434888802843044	1	0.28	0.228	0.052
Cp	0.0871967521233574	0.268193701778498	1	0.451	0.39	0.061
Arid1a	0.0875501312078682	-0.619233967377225	1	0.145	0.185	0.04
Upf2	0.0878544239229966	-0.71426797633986	1	0.067	0.105	0.038
She	0.0884242782355081	0.385644063152107	1	0.183	0.146	0.037
Glul	0.0885879206754843	0.587226272495161	1	0.142	0.105	0.037
Chn2	0.0888305926992002	0.183247610825714	1	0.72	0.656	0.0639999999999999
Scaper	0.0889784425414127	0.59404721458007	1	0.176	0.128	0.048
Wdr26	0.0889823811392468	-0.574291876680481	1	0.12	0.156	0.036
Alpk1	0.0891136572838689	0.763722391793737	1	0.128	0.09	0.038
Atp8a1	0.0900127742631408	-0.225995053290067	1	0.487	0.515	0.028
Numa1	0.0905655275778878	-0.950942614964005	1	0.067	0.118	0.051
Cep350	0.0909072630793653	-0.451011772209344	1	0.186	0.218	0.032
Zfp182	0.0914236605617531	-0.305530913016579	1	0.13	0.133	0.003
Cnot6	0.0914895100801713	0.630697087409932	1	0.13	0.105	0.025
Dip2b	0.0915533493673949	-0.113132635880075	1	0.287	0.272	0.015
Shroom4	0.0917090336589268	-0.146061330387365	1	0.422	0.41	0.012
Tm6sf1	0.0919082780792116	-0.455570561336252	1	0.108	0.131	0.023
Ptprb	0.0929161027540357	0.103418538878522	1	0.916	0.872	0.044
Rreb1	0.0937268464978718	0.365144559097618	1	0.352	0.3	0.052
Cyth3	0.0940069698256444	0.414913652202219	1	0.402	0.326	0.076
Mgp	0.0949201065783042	-0.955260411726876	1	0.101	0.146	0.045
Fam133b	0.0950234430440832	0.742602845335423	1	0.104	0.069	0.035
Nos3	0.0954786511602733	-0.476950110311841	1	0.241	0.321	0.08
Galnt15	0.0970174762817014	0.743276195718988	1	0.118	0.077	0.041
Akr1a1	0.0970772236138753	-0.465286030403245	1	0.08	0.121	0.041
Rasal2	0.0972244351785344	0.243049192130346	1	0.793	0.774	0.019
Akap7	0.0972526219921135	0.515203876976193	1	0.164	0.115	0.049
Stk3	0.0977015305280667	0.317250914274855	1	0.523	0.449	0.074
Cxcl12	0.0979484178304499	-0.460663209860212	1	0.159	0.203	0.044
Krcc1	0.0979582904603456	-0.162233350333435	1	0.111	0.108	0.003
Mpzl1	0.0981650774814794	-0.20799416329787	1	0.381	0.4	0.019
Rnf19a	0.098479971094148	0.441787703215539	1	0.195	0.174	0.021
Spata6	0.0987580815049009	-0.149470411446762	1	0.202	0.19	0.012
Rnf125	0.0988148349120528	0.501100679730457	1	0.137	0.108	0.029
Palm	0.0988712387996487	-0.407135576705344	1	0.171	0.185	0.014
Rc3h1	0.0991150356878921	-0.362982565260604	1	0.176	0.19	0.014
Hmg20a	0.0992798178708261	-0.339946427312793	1	0.193	0.21	0.017
Sf3b1	0.0992822875236557	0.605567926995692	1	0.214	0.151	0.063
Wwtr1	0.0994618783724649	0.332529256035072	1	0.417	0.351	0.066
Ppp4r1	0.0995224837177467	-0.565540702639085	1	0.084	0.1	0.016
Slc7a5	0.0998826165084509	0.372443263567063	1	0.248	0.208	0.04
Lats2	0.100248032838136	-0.274353849921083	1	0.137	0.138	0.001
Podxl	0.100618258203925	-0.344656093308773	1	0.284	0.374	0.09
Tgfbr1	0.100874631382	0.286789841636818	1	0.125	0.131	0.00600000000000001
Fer	0.100876014469965	0.466911354790162	1	0.248	0.19	0.058
Arih1	0.10123924673367	0.326662362183473	1	0.366	0.285	0.081
Larp4b	0.101418842481079	-0.532067309169492	1	0.133	0.162	0.029
Ttyh2	0.101579812475081	0.172156805220698	1	0.084	0.103	0.019
Pggt1b	0.10218093082115	0.577236833315209	1	0.147	0.123	0.024
Jmjd1c	0.102376626105712	-0.16746732712259	1	0.506	0.551	0.045
Btbd9	0.103973389891438	-0.318782755307168	1	0.248	0.256	0.00800000000000001
Parp12	0.104623324935649	0.668647426950413	1	0.147	0.113	0.034
Akap8	0.104930348324468	-1.0048781745947	1	0.06	0.103	0.043
Pbrm1	0.104979464354773	-0.380980552994026	1	0.173	0.218	0.045
Syncrip	0.105104361963644	0.842913878451122	1	0.137	0.085	0.052
Atxn1	0.105128350398962	0.206566121475494	1	0.395	0.341	0.054
Hook3	0.105481023382339	-0.532626082915979	1	0.118	0.138	0.02
Arhgef11	0.105815778386929	0.594270394698339	1	0.125	0.095	0.03
Csgalnact1	0.105885823758428	0.3167646441856	1	0.52	0.469	0.051
Dennd5a	0.106413206107628	0.517395436980951	1	0.202	0.131	0.071
Maml3	0.10730850105998	-0.377777037142665	1	0.173	0.21	0.037
Ube2d2a	0.107531002855186	-0.605232793052811	1	0.084	0.113	0.029
Nav1	0.107892700268701	-0.243286785179081	1	0.381	0.4	0.019
Foxo1	0.107932660150437	0.261354174215446	1	0.381	0.346	0.035
Tead4	0.108108942745247	0.496698300508172	1	0.14	0.115	0.025
Dop1a	0.108293055404598	0.471703431161161	1	0.239	0.172	0.067
Id3	0.109092241663225	-0.413181013219493	1	0.101	0.133	0.032
Foxo3	0.109174258363592	0.505307912513838	1	0.154	0.118	0.036
Nrp2	0.109627920877688	0.248215179378523	1	0.304	0.241	0.063
Tbc1d22a	0.109702846896943	-0.163633573327662	1	0.135	0.123	0.012
Nhsl1	0.109856249304091	0.204657786082836	1	0.412	0.4	0.012
Cep112	0.110549826531284	-0.555106949942259	1	0.176	0.221	0.045
Ppp3cb	0.110578781270126	-0.354351265159968	1	0.096	0.126	0.03
Gm4951	0.110792650888542	0.500506819732438	1	0.13	0.085	0.045
Krit1	0.111060481839404	0.590719287605297	1	0.101	0.064	0.037
Jam2	0.111188652040606	0.297761480377974	1	0.301	0.267	0.034
St3gal4	0.111787216750259	-0.694433562436674	1	0.137	0.192	0.055
Chchd3	0.112026799340694	-0.341261048383209	1	0.108	0.128	0.02
Col4a1	0.112334234736883	0.296671451521296	1	0.178	0.138	0.04
Ccdc91	0.112705037066421	-0.755467923409709	1	0.087	0.118	0.031
ENSMUSG00000121513	0.113039819638355	0.113494862449606	1	0.99	0.982	0.00800000000000001
Cpd	0.113327611037227	0.219308848366694	1	0.113	0.079	0.034
Arhgap31	0.113362849792321	0.151582332506872	1	0.771	0.731	0.04
Lmo2	0.113897191483703	-0.559571396576116	1	0.214	0.274	0.06
Asxl2	0.113939872943732	-0.949256826006629	1	0.063	0.103	0.04
Lpp	0.114478808819635	0.216267066426484	1	0.395	0.333	0.062
Arhgap23	0.114879351331895	0.444931148907052	1	0.116	0.074	0.042
Anapc5	0.117971241830929	-1.08199223324127	1	0.051	0.1	0.049
Ephb4	0.118316502854623	-1.09446981162534	1	0.058	0.103	0.045
Mideas	0.118690446412464	0.831390755639515	1	0.106	0.069	0.037
Mtmr2	0.119009431437485	0.626621992045908	1	0.125	0.087	0.038
Sav1	0.119167318428435	0.815911238785478	1	0.111	0.09	0.021
Cstf3	0.11928065015769	-0.377498140081697	1	0.104	0.118	0.014
Eps15	0.119515143098906	0.683134712068016	1	0.157	0.115	0.042
Ric1	0.119722381240693	0.564529367077474	1	0.125	0.079	0.046
Fus	0.120352078667923	0.389453739593975	1	0.361	0.277	0.084
Rab14	0.120586259468112	-0.335003250106973	1	0.108	0.121	0.013
Wwox	0.120841763650132	-0.273046113583503	1	0.381	0.436	0.055
Myo1e	0.120998334480459	-0.397788422685551	1	0.287	0.362	0.075
Plpp1	0.122072474648888	-0.448446981342578	1	0.152	0.167	0.015
Clec14a	0.122147077476257	0.540571080046757	1	0.14	0.11	0.03
Ocln	0.122400836637209	0.202607605934863	1	0.41	0.387	0.023
Rsrc2	0.123369965417936	-0.524405125955093	1	0.101	0.118	0.017
Slc38a6	0.123542447470394	-0.672355080628351	1	0.092	0.113	0.021
Lrmda	0.123902624260738	0.403913672533015	1	0.484	0.433	0.051
Timp3	0.123917065978016	0.549965679465237	1	0.198	0.164	0.034
Tbc1d5	0.123987396822295	-0.289673118263705	1	0.48	0.503	0.023
Kdm6a	0.12433629462202	-0.140564785761394	1	0.299	0.362	0.063
Ly75	0.125214755463116	-0.476020548091005	1	0.075	0.105	0.03
Slc2a1	0.125537824977173	0.292426008573122	1	0.463	0.426	0.037
Degs2	0.125604529600342	-0.522096116433327	1	0.133	0.182	0.049
Ndrg1	0.126836417625287	0.304779018653855	1	0.258	0.213	0.045
Lrch3	0.126988203977337	0.25758742584519	1	0.347	0.287	0.06
Id1	0.127407761852882	-0.455282240123812	1	0.116	0.167	0.051
Smg1	0.127821620835638	-0.531065913948725	1	0.166	0.2	0.034
H3f3b	0.128821220054636	-0.40414294330124	1	0.164	0.172	0.00799999999999998
Mospd2	0.128823786856087	0.907752188849647	1	0.13	0.079	0.051
Thada	0.129068962532824	-0.314612089824027	1	0.133	0.138	0.005
Rbms2	0.129166154871852	0.425264786398764	1	0.222	0.162	0.06
Fmnl3	0.129527682961386	-0.228385021635673	1	0.193	0.251	0.058
Rab2a	0.130305197292531	-0.275546820294425	1	0.193	0.223	0.03
Parp4	0.130350682717166	-0.558559784654108	1	0.096	0.149	0.053
Srsf5	0.130561365012635	0.270136342232792	1	0.26	0.205	0.055
Nova2	0.130841490266217	0.596155187620428	1	0.164	0.113	0.051
Rcsd1	0.131898155521268	0.434073613949571	1	0.149	0.128	0.021
Ccnl1	0.132469584703378	-0.337722054592901	1	0.176	0.19	0.014
Resf1	0.132643864698111	-0.406517252878716	1	0.084	0.115	0.031
Pitpna	0.135778392621841	-0.445891827734169	1	0.157	0.185	0.028
Rftn1	0.135974757826502	0.77273018456257	1	0.118	0.09	0.028
Lmbr1	0.13653425533455	-0.360712338654545	1	0.118	0.118	0
Pum1	0.137896412027164	-0.641123836577393	1	0.164	0.223	0.059
Aqp11	0.138566656152959	0.447904148293475	1	0.157	0.121	0.036
Itm2b	0.138775326101206	0.199906693006561	1	0.234	0.233	0.001
Cast	0.139317609378865	0.302926647007205	1	0.253	0.213	0.04
Gnai2	0.139491899212771	-0.39140390168182	1	0.113	0.144	0.031
Cdk6	0.139730286454775	0.377639595633106	1	0.171	0.121	0.05
Stt3b	0.140062836273568	0.658465507789953	1	0.21	0.151	0.059
Arhgap12	0.140384278669127	0.317245715300012	1	0.251	0.213	0.038
Pdzd2	0.140988956780873	0.215503718305975	1	0.296	0.292	0.004
Cmss1	0.141268654337222	0.540054624383391	1	0.171	0.149	0.022
Magi3	0.141484296720633	-0.181233390365173	1	0.34	0.346	0.00599999999999995
Tanc1	0.142171450786384	0.260119616831495	1	0.451	0.41	0.041
Tdrd7	0.144349305259815	-0.409608805633098	1	0.094	0.105	0.011
Pacs1	0.144435706119335	-0.437349595919969	1	0.255	0.3	0.045
Dlg1	0.146912230138522	0.631700409269698	1	0.104	0.069	0.035
Rbm20	0.14776810784294	0.318209634136892	1	0.171	0.131	0.04
Akap9	0.147820733201669	-0.136935598372814	1	0.14	0.174	0.034
Pcbp2	0.148425724244154	-0.353634062465861	1	0.099	0.103	0.00399999999999999
Amn1	0.148548595848259	-0.986023984317002	1	0.065	0.1	0.035
Rab10	0.148975954528264	-0.428946812832043	1	0.147	0.197	0.05
Strn3	0.149787929810658	-0.102719920313892	1	0.619	0.605	0.014
Senp6	0.15063707583123	-0.414164601278697	1	0.13	0.177	0.047
Virma	0.151129097292134	-1.02385142557078	1	0.08	0.126	0.046
Zmym5	0.15150001342596	-0.260418830120451	1	0.123	0.123	0
Kansl1	0.152063834780926	-0.170439051793089	1	0.48	0.549	0.0690000000000001
Sorbs1	0.153301058772727	0.175906705152957	1	0.694	0.682	0.0119999999999999
Myh9	0.153355555298032	0.223476029245132	1	0.251	0.208	0.043
Cdc42	0.153745234891217	-0.167789647558332	1	0.275	0.295	0.02
Slc16a9	0.155911184532078	0.698279720884028	1	0.135	0.087	0.048
Tpt1	0.156827348947048	-0.494621870713208	1	0.077	0.11	0.033
Pias1	0.158123107255473	-0.12398911501129	1	0.169	0.156	0.013
Tcf7l2	0.160267066710367	0.307849645142269	1	0.236	0.21	0.026
Prkd3	0.160600124174336	0.258781053899975	1	0.219	0.164	0.055
Gls	0.16219312978736	-0.36771384208512	1	0.154	0.21	0.056
Tasor	0.162760738501268	0.285408834187771	1	0.386	0.338	0.048
Tead1	0.16359304506657	0.526017065898463	1	0.19	0.167	0.023
Klf9	0.163618848838897	0.512403262159462	1	0.169	0.121	0.048
Pear1	0.163955643634256	0.518043081963893	1	0.108	0.074	0.034
Scaf11	0.164784508992848	0.423463716665954	1	0.142	0.108	0.034
Arhgef3	0.165063973683671	0.413223028623812	1	0.357	0.313	0.044
Myl6	0.165283841786653	0.449384721902746	1	0.14	0.113	0.027
Mms19	0.165618324509047	0.239405842672362	1	0.123	0.095	0.028
Slc3a2	0.166955043275844	-0.200052142336884	1	0.096	0.128	0.032
Snd1	0.16702514224704	-0.592564364979582	1	0.113	0.159	0.046
Vps13b	0.167640712823626	-0.168130065509888	1	0.292	0.287	0.005
BC028528	0.168077302672147	0.850275346572365	1	0.137	0.082	0.055
B4galt4	0.168196297706579	0.727464606467668	1	0.106	0.074	0.032
Ino80	0.168491721896326	-0.499164155183459	1	0.07	0.103	0.033
Mon2	0.168994833423297	0.317446449114971	1	0.113	0.11	0.003
Clasp2	0.169790186145275	0.528633251765189	1	0.106	0.064	0.042
Nf1	0.17060842926058	0.760459946395044	1	0.116	0.079	0.037
Pgm5	0.170988811126932	0.253838912240399	1	0.265	0.285	0.02
Eml6	0.17152480973754	-0.493072390041258	1	0.101	0.141	0.04
Ehmt1	0.172186522382449	-0.664059095287976	1	0.116	0.172	0.056
Akap10	0.1724684941168	0.32683436545644	1	0.171	0.131	0.04
Creb1	0.17308463547799	-0.47669568957396	1	0.227	0.287	0.06
Ggact	0.173703506966485	0.570510774527643	1	0.181	0.162	0.019
Atp10a	0.174129354261979	0.195038012961204	1	0.817	0.782	0.0349999999999999
Ubr3	0.174363168735645	-0.323994565776941	1	0.159	0.174	0.015
Vps54	0.174482423604468	-0.550982473247708	1	0.166	0.238	0.072
Ccnyl1	0.175426992641619	0.422010340763781	1	0.181	0.151	0.03
Tut4	0.175884905818434	-0.55943576187889	1	0.13	0.164	0.034
Nup160	0.175892436905935	-0.636334938887399	1	0.084	0.115	0.031
Ppp4r3b	0.177201637972945	0.248371358992552	1	0.154	0.115	0.039
Srsf11	0.178035742910547	-0.484583028331372	1	0.12	0.136	0.016
Erc1	0.179054636805358	0.132996266978245	1	0.202	0.169	0.033
Mllt3	0.179831958179685	0.12122583616865	1	0.718	0.705	0.013
Smad2	0.180182254524815	-0.280703674746296	1	0.12	0.131	0.011
Cep85l	0.180281363776643	0.290550732462105	1	0.248	0.187	0.061
Cdk11b	0.180619349435133	-0.633397392189774	1	0.084	0.115	0.031
Max	0.181111623328003	-0.721979175972778	1	0.077	0.11	0.033
Adgre5	0.182443529063434	-0.119125178020895	1	0.289	0.269	0.02
Pibf1	0.18281730624969	0.427551414452129	1	0.154	0.118	0.036
Tnrc6c	0.183112230278567	-0.249101785489977	1	0.318	0.356	0.038
Wipf1	0.183648189027352	-0.353010377615164	1	0.128	0.179	0.051
Sfswap	0.18439938472705	0.653328020114395	1	0.123	0.085	0.038
Irf2	0.184498902084531	0.240074924127138	1	0.414	0.4	0.014
Ext1	0.18475210793074	-0.548322102830955	1	0.092	0.126	0.034
Dach2	0.18481651622144	0.400782607259935	1	0.173	0.126	0.047
Smarca2	0.184860762548914	-0.247364393563581	1	0.446	0.492	0.046
Sptan1	0.185210484885699	-0.21105935248517	1	0.308	0.331	0.023
Ddx46	0.185676010105997	0.975798691327391	1	0.111	0.069	0.042
Pcbd2	0.18608125357605	0.523601935253704	1	0.106	0.072	0.034
Nxn	0.186150122245385	-0.115100585914565	1	0.506	0.485	0.021
Bnip2	0.18747776594838	-0.131176694982392	1	0.077	0.1	0.023
Mbnl2	0.187478842856661	0.343298726515783	1	0.386	0.349	0.037
Colgalt2	0.187627123132779	-0.601914452651809	1	0.123	0.149	0.026
Zkscan3	0.187769575580876	0.18061100601073	1	0.108	0.105	0.003
Aff1	0.188118564141376	0.304359401640184	1	0.342	0.315	0.027
Paqr5	0.188326286491969	0.23541957315569	1	0.542	0.495	0.047
Pcnx	0.188617401559419	0.25367568746962	1	0.313	0.262	0.051
Slc22a8	0.189056452312536	-0.438774097123989	1	0.193	0.228	0.035
Cdh5	0.19043752093648	0.380815662402004	1	0.258	0.2	0.058
Tpr	0.191806777511585	-0.356251437565635	1	0.145	0.149	0.004
Prrc2c	0.191908015608543	-0.324650617942865	1	0.231	0.267	0.036
Def6	0.193448561042251	0.734132145898014	1	0.101	0.069	0.032
Pxk	0.194772609420721	-0.722472811143754	1	0.077	0.108	0.031
Slc12a6	0.19528379190222	-0.158560083298577	1	0.311	0.31	0.001
Tab2	0.19564157599262	0.259736875719091	1	0.116	0.09	0.026
Dpp8	0.196209995495071	0.473570160416381	1	0.173	0.128	0.045
Tal1	0.196836325625965	-0.488378057430827	1	0.082	0.11	0.028
Piezo1	0.19698671864108	0.350003297448387	1	0.186	0.169	0.017
Ttc23	0.198029527576413	-0.453384166024877	1	0.123	0.174	0.051
Usp15	0.198593261099664	0.522021863396185	1	0.145	0.105	0.04
Frmd5	0.199188807408669	0.185639364418161	1	0.749	0.7	0.049
Tle4	0.199437502008555	0.696425572478389	1	0.108	0.079	0.029
Rsbn1	0.199664370664466	-0.701928761189347	1	0.08	0.123	0.043
Igsf5	0.200623444974556	0.5008702235221	1	0.113	0.108	0.005
Ccdc82	0.200654860235143	-0.413453009043964	1	0.173	0.226	0.053
Mast4	0.20124299748304	0.14454296429756	1	0.636	0.579	0.0570000000000001
Tcf25	0.201603955654751	-0.12847489071733	1	0.188	0.187	0.001
Smg6	0.20242909405831	-0.146662247685493	1	0.373	0.379	0.00600000000000001
Adcy4	0.202885958816833	0.369029878097002	1	0.137	0.126	0.011
Bcar3	0.204052207659419	0.629437164502663	1	0.145	0.118	0.027
Asxl1	0.204374692806067	-0.434206788042978	1	0.202	0.249	0.047
Pcmtd1	0.204698962166221	0.131126734261587	1	0.588	0.582	0.00600000000000001
Gnaq	0.204768440881362	-0.121423162855644	1	0.706	0.723	0.017
Tbc1d12	0.20542302473796	-0.459654966464476	1	0.145	0.167	0.022
Prickle1	0.205564533193514	-0.290196319475049	1	0.193	0.215	0.022
Sesn1	0.205573388536724	0.136259948593335	1	0.255	0.215	0.04
Tnfsf10	0.206244660500107	0.345324310485608	1	0.231	0.203	0.028
Ephx1	0.207623382721508	0.476771618886243	1	0.111	0.079	0.032
Numb	0.207927115154507	-0.100026599759066	1	0.352	0.338	0.014
Sh2d3c	0.208321069735866	0.701886817716564	1	0.104	0.072	0.032
Fam120a	0.208485936634691	-0.645327857276412	1	0.096	0.128	0.032
Msrb3	0.210102743178282	0.148512456311014	1	0.275	0.249	0.026
Hnrnpm	0.210153014252619	-0.429245379552268	1	0.135	0.172	0.037
Car4	0.210442398529577	-0.405869358174717	1	0.08	0.115	0.035
Arid2	0.210868829298869	0.291884358696493	1	0.323	0.269	0.054
Tshz2	0.211166776439449	0.1888283249661	1	0.682	0.667	0.015
Prkch	0.211822441215842	0.154541639069919	1	0.607	0.556	0.0509999999999999
Supt3	0.211949279297659	-0.783691251418922	1	0.08	0.126	0.046
Mxd4	0.212919644846871	-0.731119927111644	1	0.077	0.108	0.031
Dysf	0.213651296705159	-0.495425457169187	1	0.065	0.103	0.038
Mdm4	0.213766560967609	-0.612357745169184	1	0.125	0.177	0.052
Kif13b	0.213779122545559	0.526196160621317	1	0.272	0.21	0.062
Elavl1	0.21407695119959	-0.57344613634357	1	0.072	0.1	0.028
Atg10	0.214114309255805	0.349202647441951	1	0.186	0.138	0.048
Wwp2	0.215225226032538	-0.249994395455048	1	0.113	0.11	0.003
Cnot1	0.216016015663316	-0.491271719505335	1	0.118	0.141	0.023
Cab39l	0.216344817952275	-0.366532460568577	1	0.087	0.118	0.031
Fam117b	0.216386033912807	0.377918569038173	1	0.251	0.205	0.046
Lrrc8c	0.217216064588534	0.286184889588876	1	0.296	0.244	0.052
Pan3	0.217666257081919	0.149146982968454	1	0.564	0.518	0.0459999999999999
Suz12	0.218005141804224	-0.443737026972783	1	0.092	0.121	0.029
Eml1	0.218005610164294	0.25612257750132	1	0.181	0.179	0.002
St6gal1	0.218312196591491	0.152952317183213	1	0.359	0.321	0.038
Lamb2	0.218418851678165	0.50046104593116	1	0.106	0.09	0.016
Cped1	0.218959539547242	-0.125870678691159	1	0.171	0.218	0.047
Pde4d	0.219953677730009	0.288492707551775	1	0.395	0.372	0.023
Cnot4	0.220068387638647	-0.144904039399136	1	0.287	0.328	0.041
Eif2ak2	0.22033591666645	0.422075050604974	1	0.123	0.097	0.026
Cert1	0.220420325896018	0.195385882278276	1	0.718	0.669	0.0489999999999999
Dennd2b	0.220423058247812	-0.317357090674098	1	0.176	0.205	0.029
R3hcc1l	0.220623642784486	0.457227326732894	1	0.178	0.136	0.042
Fchsd2	0.221235384340541	-0.121217714756459	1	0.388	0.372	0.016
Trim24	0.221358855610923	0.127232335148209	1	0.181	0.197	0.016
Tdrd3	0.221928366527534	-0.655356762525331	1	0.07	0.108	0.038
Ctif	0.222260354230029	-0.581500127265019	1	0.07	0.108	0.038
Cysltr1	0.222665298643362	0.522287641842507	1	0.183	0.141	0.042
Dixdc1	0.223437781975915	-0.251698249698169	1	0.106	0.1	0.00599999999999999
Agfg1	0.225265822496347	-0.18875597825754	1	0.294	0.303	0.00900000000000001
Rbbp6	0.225855904998407	-0.507811135578172	1	0.116	0.146	0.03
Arap2	0.227208063373013	-0.313315337645252	1	0.26	0.297	0.037
Klf2	0.227466094442704	0.437064440649064	1	0.133	0.113	0.02
Actr3	0.22812168063156	0.205347133867627	1	0.154	0.162	0.00800000000000001
Nrxn1	0.228682185193671	-0.556772697069948	1	0.598	0.613	0.015
Pde8a	0.228754841497021	0.160682765806014	1	0.405	0.351	0.054
Gab1	0.228761969143387	-0.230363177453044	1	0.345	0.397	0.052
Sec14l1	0.229347778743031	0.50427496774685	1	0.157	0.126	0.031
Adgrg6	0.229483266445563	0.486816896751081	1	0.26	0.223	0.037
Gk5	0.22954766252324	-0.54892509398244	1	0.094	0.11	0.016
Kdm4c	0.229644704167512	-0.245762102116791	1	0.19	0.205	0.015
Lama3	0.229647754603556	-0.621099848401505	1	0.125	0.182	0.057
Rock1	0.230359585940384	0.176315261574812	1	0.395	0.336	0.059
Dlc1	0.231266848384994	0.265031843592919	1	0.258	0.254	0.004
Gpd2	0.232504252992955	0.166578310258453	1	0.407	0.362	0.045
Epc1	0.233793162805055	-0.317202926503156	1	0.164	0.197	0.033
Phactr2	0.23500276008997	-0.29967943069945	1	0.26	0.321	0.061
Smc1a	0.235677446996188	-0.304622500383503	1	0.123	0.154	0.031
Ngly1	0.236677490737006	-0.289288937030095	1	0.092	0.105	0.013
Eif3a	0.23675411190594	0.328075761547536	1	0.176	0.131	0.045
Zc3hav1	0.23705113771278	0.304542942199163	1	0.123	0.108	0.015
Bcam	0.237251822243462	-0.151487596116604	1	0.094	0.118	0.024
Tmem245	0.238026834475777	-0.210598253716644	1	0.164	0.182	0.018
Fam135a	0.239487836565661	-0.501821839209118	1	0.193	0.213	0.02
Ip6k1	0.239590515698249	-0.20145782745487	1	0.181	0.172	0.00900000000000001
Epn2	0.240259428273329	0.139485372713955	1	0.506	0.464	0.042
Agap1	0.240354918080537	-0.502955634780675	1	0.142	0.164	0.022
Hip1r	0.240708761789451	0.478274633616366	1	0.113	0.095	0.018
Rapgef1	0.2409177002016	0.1650368432629	1	0.284	0.277	0.00699999999999995
Gbp5	0.241561071835697	-0.218989946453941	1	0.137	0.126	0.011
Gpbp1l1	0.242522364633357	-0.26335649541942	1	0.133	0.167	0.034
Stard8	0.242752152668092	-0.510032366492742	1	0.108	0.131	0.023
Smad3	0.243469555815832	-0.105612107572654	1	0.135	0.169	0.034
Plekhg5	0.244031471796558	-0.101959579215042	1	0.101	0.087	0.014
Ssh2	0.244164945807091	-0.117815102599521	1	0.427	0.438	0.011
Papola	0.244178274995735	-0.338439012872617	1	0.135	0.156	0.021
Zdhhc20	0.247007422536691	-0.386542038326573	1	0.135	0.172	0.037
Scarf1	0.247165255232948	0.601667181682669	1	0.128	0.079	0.049
Slc12a7	0.247325377165021	0.250510553045614	1	0.106	0.079	0.027
Ifi203	0.247388421174937	-0.691000367413175	1	0.084	0.133	0.049
Dab2	0.248176555308616	0.305780519317167	1	0.236	0.195	0.041
Ranbp2	0.24836633449378	-0.613529605056828	1	0.084	0.113	0.029
Rsbn1l	0.248414604737986	0.217215235429296	1	0.217	0.215	0.002
Nr1d2	0.24950717881591	0.30875823662478	1	0.205	0.162	0.043
Efhc2	0.249556570665171	0.753733573976236	1	0.101	0.064	0.037
Il6st	0.249930319179606	0.372382684274279	1	0.253	0.218	0.035
Cd200l1	0.250071100461495	-0.195126656769643	1	0.26	0.254	0.00600000000000001
Zup1	0.250118871047522	-0.418903977749236	1	0.092	0.131	0.039
Rhoa	0.250455164373314	0.237097869808426	1	0.214	0.205	0.00900000000000001
Nedd4	0.250988523563896	-0.267917847922652	1	0.277	0.315	0.038
Capzb	0.252180667845721	-0.700874651955477	1	0.087	0.121	0.034
Phf20l1	0.252330509546842	-0.143600824586126	1	0.219	0.21	0.00900000000000001
Serpinb6a	0.252565250823116	-0.605524089552765	1	0.084	0.11	0.026
Msi2	0.252610012462075	-0.227256026394773	1	0.643	0.669	0.026
Vwa8	0.254216896036916	-0.398677927772291	1	0.101	0.123	0.022
Srsf3	0.254440374953226	0.129990763887618	1	0.142	0.128	0.014
Zfp609	0.255254797700968	-0.583288659505231	1	0.108	0.141	0.033
Gtdc1	0.255745534727209	-0.137843291997801	1	0.304	0.336	0.032
Ctnnb1	0.256046819001421	-0.306227760428054	1	0.2	0.221	0.021
Tbl1x	0.256786654842762	-0.351855415640277	1	0.239	0.277	0.038
Kmt2e	0.2572178075283	0.308155448448637	1	0.434	0.372	0.062
Pds5a	0.258298614718679	-0.179965041511509	1	0.207	0.205	0.002
Zbtb46	0.259848456567474	-0.457629536330102	1	0.205	0.269	0.064
Myl12b	0.261509166695373	-0.291600589331662	1	0.113	0.146	0.033
Ube2e2	0.261936882953216	0.204136245580539	1	0.154	0.123	0.031
Prkd2	0.26271501768255	0.440478270989862	1	0.154	0.118	0.036
Mmrn2	0.262915754212793	-0.151827595656835	1	0.104	0.097	0.00699999999999999
Rap1b	0.263572824854593	0.271005141907906	1	0.205	0.192	0.013
Srgap1	0.263600157552758	0.534260711177438	1	0.157	0.123	0.034
Gng12	0.263737308852078	0.616308896353021	1	0.181	0.138	0.043
Kank2	0.264330357265645	0.282779762497187	1	0.147	0.128	0.019
Rb1cc1	0.264942928172679	-0.41042522599046	1	0.193	0.251	0.058
Adam15	0.264984665282221	-0.556825210249972	1	0.077	0.113	0.036
Irak2	0.265046479776787	0.325827130255503	1	0.14	0.118	0.022
Erg	0.265560322635683	0.141297056596567	1	0.393	0.413	0.02
Plcg2	0.266070403267663	0.524736002233375	1	0.149	0.115	0.034
Cdk19	0.266251846660552	-0.353955678069082	1	0.33	0.41	0.08
Rprd1b	0.266267654954795	0.599560989841873	1	0.104	0.067	0.037
Cttnbp2nl	0.267867499412395	0.190296871450102	1	0.246	0.205	0.041
Cgnl1	0.268020407945579	-0.239789670158443	1	0.337	0.395	0.058
Zfp207	0.268150029399298	-0.694214608111842	1	0.089	0.118	0.029
Ubxn7	0.268994646826274	-0.41489336326239	1	0.104	0.131	0.027
Mark2	0.269213645826521	-0.602049917203522	1	0.082	0.11	0.028
Phactr1	0.270287955980259	0.111923069392947	1	0.477	0.436	0.041
Tef	0.270698843927378	-0.78676644555856	1	0.067	0.1	0.033
Taf3	0.271443163792095	-0.37902850222821	1	0.169	0.195	0.026
Psma3	0.271815560659666	-0.343611617619393	1	0.101	0.115	0.014
Parvb	0.271988287480179	-0.174104868730522	1	0.243	0.292	0.049
Lrrc49	0.272813975919987	-0.359709630785608	1	0.128	0.138	0.01
Elovl5	0.273641006296482	0.456699102064843	1	0.111	0.082	0.029
Trpm6	0.275105111621582	0.193946295978146	1	0.159	0.123	0.036
Sfpq	0.275693206573255	-0.322434485319143	1	0.137	0.174	0.037
Pik3ca	0.276271167959877	-0.230294376726953	1	0.125	0.131	0.00600000000000001
Gbp7	0.276545515668946	-0.197385284635964	1	0.099	0.121	0.022
Cers5	0.278295616349285	0.230869874165513	1	0.12	0.087	0.033
Pou2f1	0.278468893107449	-0.492937168419594	1	0.116	0.154	0.038
Epc2	0.278651791994697	0.519767061505226	1	0.113	0.095	0.018
Rnf115	0.278836457530166	-0.502988808158646	1	0.07	0.1	0.03
Ophn1	0.279133206578341	-0.239083483604396	1	0.301	0.354	0.053
Myo9a	0.280956327943886	-0.449110404344982	1	0.108	0.136	0.028
Stx3	0.281242833281888	0.382182491667115	1	0.14	0.1	0.04
Ern1	0.281598306184062	-0.431876947476212	1	0.116	0.172	0.056
Nr3c1	0.281626988181372	-0.121818282225999	1	0.405	0.426	0.021
Sptlc2	0.282892654720317	0.235710175210288	1	0.299	0.274	0.025
Tlk1	0.28346863804211	-0.27365368065154	1	0.137	0.177	0.04
Cwf19l2	0.284712039164286	0.391138234310399	1	0.166	0.151	0.015
Fam193a	0.284839415620861	-0.240106373264645	1	0.219	0.236	0.017
Gse1	0.284955418472525	0.286836941788301	1	0.265	0.256	0.00900000000000001
Abl2	0.28501690578556	-0.449520553770136	1	0.07	0.1	0.03
Grb2	0.286607914291282	0.265075261194116	1	0.159	0.128	0.031
Usp47	0.288032960346927	-0.137635798593862	1	0.188	0.182	0.00600000000000001
Cept1	0.28825810133846	-0.539160303630829	1	0.13	0.162	0.032
Heatr5a	0.290179885237956	0.245478543071329	1	0.152	0.131	0.021
N4bp1	0.290551283288034	-0.480146126550681	1	0.099	0.123	0.024
Zhx2	0.290667799868073	0.460735716036884	1	0.104	0.085	0.019
Rap1a	0.292243937586168	0.330785970383091	1	0.275	0.241	0.034
Zfand3	0.293053153084139	0.142817064866402	1	0.494	0.446	0.048
Rora	0.293948215334439	0.174389575670711	1	0.578	0.526	0.0519999999999999
Ythdf3	0.295321011431799	0.263359656980622	1	0.176	0.141	0.035
Top2b	0.296348165477697	-0.317450850294457	1	0.101	0.118	0.017
Sh3glb1	0.297311147274848	0.383299034105373	1	0.227	0.179	0.048
Kank3	0.301417905014769	-0.111630183316305	1	0.347	0.346	0.001
Rlf	0.302163361162335	-0.331381127735992	1	0.113	0.128	0.015
Adgrl3	0.302744962798948	0.20749520994246	1	0.395	0.369	0.026
Tmeff1	0.302939409688372	0.353121552386503	1	0.123	0.092	0.031
Herc2	0.303513580062438	0.484348795456999	1	0.212	0.167	0.045
Por	0.303917500183171	0.631214963047407	1	0.111	0.077	0.034
Cpq	0.304343772177551	0.226772982365425	1	0.277	0.241	0.036
Snx2	0.305114726268493	-0.46520746420611	1	0.089	0.105	0.016
Bmpr2	0.305634391270515	-0.175811326608183	1	0.677	0.685	0.00800000000000001
Pdxdc1	0.307765883661516	0.373216255098614	1	0.152	0.115	0.037
Elf2	0.308390068864063	0.33373620915165	1	0.296	0.254	0.042
Ep300	0.309157202061684	-0.372929892073257	1	0.099	0.128	0.029
Maoa	0.309250837655061	0.169876647046257	1	0.376	0.333	0.043
Cuedc1	0.309549068630645	0.130007243138913	1	0.181	0.156	0.025
Prpf40a	0.3111571966022	0.298906067653397	1	0.106	0.079	0.027
Lcp1	0.311187081932292	-0.267069797972142	1	0.084	0.126	0.042
Slc40a1	0.311816030109171	-0.288933146937598	1	0.205	0.259	0.054
Matr3	0.31363963020171	-0.306383389082087	1	0.13	0.149	0.019
Suclg2	0.314317107861638	-0.106204102567262	1	0.12	0.138	0.018
Slc31a1	0.3143478833366	0.126070669655301	1	0.142	0.123	0.019
Elovl7	0.314834061877158	0.159948194038213	1	0.342	0.292	0.05
Atp8b1	0.314903138063912	0.322390394619324	1	0.111	0.095	0.016
Pecam1	0.31599416198353	0.134596196155868	1	0.554	0.523	0.031
Lnx2	0.317016625403283	0.332168637861444	1	0.2	0.167	0.033
Tmpo	0.317731215350288	0.320941745452992	1	0.181	0.151	0.03
Stk10	0.318188373000837	-0.714906448199485	1	0.067	0.108	0.041
Fat4	0.318661400350419	-0.31475501454496	1	0.14	0.144	0.00399999999999998
Ppfibp1	0.319446627650619	0.238011379414592	1	0.453	0.408	0.045
Hdac8	0.320466887748133	0.657090587377354	1	0.108	0.074	0.034
Wls	0.321247950380457	-0.191998496037284	1	0.133	0.167	0.034
Shroom2	0.321282179487177	-0.298804590079595	1	0.224	0.254	0.03
Trim12a	0.322407431411719	0.212618662331492	1	0.178	0.138	0.04
Cldn5	0.322718026750284	-0.197099160909302	1	0.4	0.431	0.031
Trpm7	0.324076467718984	0.179009213357036	1	0.2	0.164	0.036
Synj2bp	0.324946620100899	-0.232015744197329	1	0.096	0.103	0.00699999999999999
Dstn	0.325832989787414	-0.464917794537465	1	0.07	0.108	0.038
Cradd	0.327878549275985	-0.450154265996323	1	0.19	0.213	0.023
Arhgap27	0.328203274823706	0.213571340354096	1	0.101	0.082	0.019
Rcan2	0.329505701261084	-0.558343371590519	1	0.149	0.195	0.046
Gpatch8	0.329737515078967	0.502376477031109	1	0.219	0.167	0.052
Xpr1	0.330247719396633	-0.334169423537172	1	0.205	0.241	0.036
Tpm1	0.330449727427297	0.298792761398041	1	0.128	0.128	0
Edn1	0.331955578437543	-0.512943140083086	1	0.089	0.128	0.039
Klf7	0.332560913451235	0.135040968884176	1	0.407	0.372	0.035
Mal	0.335492814763299	0.107888168878098	1	0.108	0.09	0.018
Sgpp2	0.335677788194736	-0.417747322983607	1	0.342	0.418	0.076
Slain2	0.336323764605466	0.448461867549507	1	0.154	0.123	0.031
Srgn	0.336420254360789	0.368540416728265	1	0.128	0.126	0.002
Umad1	0.336473389743307	0.47595422447745	1	0.13	0.097	0.033
Enox2	0.338407348803617	0.211033556959552	1	0.241	0.203	0.038
Eif4a2	0.339375259016903	0.40391093939516	1	0.13	0.11	0.02
Bnip3l	0.339738622793575	0.5867880819353	1	0.104	0.074	0.03
Dnajb6	0.339886470533685	-0.423577024791315	1	0.092	0.11	0.018
Ankrd17	0.34086364292377	-0.225874311379832	1	0.265	0.292	0.027
Herc4	0.342472120390887	0.219456655320973	1	0.337	0.313	0.024
Dnajc10	0.342590518717941	-0.118935658924568	1	0.106	0.105	0.001
Syne2	0.342720108210397	0.175305405235785	1	0.402	0.395	0.00700000000000001
Psd3	0.342865801781724	0.140968078649632	1	0.52	0.487	0.033
Crispld1	0.344481809912736	0.311554153455649	1	0.21	0.195	0.015
Peli2	0.3445277877424	0.258140648368172	1	0.145	0.136	0.00899999999999998
Limch1	0.345989345102019	0.202315417168812	1	0.612	0.595	0.017
Dicer1	0.346117738256154	-0.52875011087827	1	0.075	0.103	0.028
Cog5	0.347194647991975	0.278274650805713	1	0.318	0.262	0.056
Cfdp1	0.347729439096702	-0.618864212362973	1	0.104	0.167	0.063
Ccar1	0.347874369828699	-0.415954909464296	1	0.075	0.105	0.03
Sipa1l2	0.349233856772601	-0.50396403013136	1	0.099	0.118	0.019
Gpbp1	0.3504981056507	0.363455605266617	1	0.154	0.136	0.018
Cd34	0.350812140948919	0.196241999202332	1	0.145	0.115	0.03
Hnrnpu	0.351631265852874	-0.155283000405285	1	0.099	0.126	0.027
Dyrk1a	0.352081431224933	0.348298705596116	1	0.253	0.213	0.04
Taok1	0.353011579133241	-0.350356384177652	1	0.135	0.162	0.027
Slc39a10	0.355078001072508	0.285584375900826	1	0.482	0.423	0.059
Cdc42bpa	0.355196773823287	-0.183309215372086	1	0.227	0.244	0.017
Pcdh19	0.356574571292452	0.457463941559877	1	0.13	0.123	0.00700000000000001
Nt5c2	0.356752664565398	-0.158799673872291	1	0.227	0.228	0.001
Col6a6	0.35819922451609	0.336259360309419	1	0.135	0.105	0.03
Adgrl2	0.359063606305088	0.191513352888736	1	0.489	0.467	0.022
Cdyl	0.359400922713065	0.245943738197151	1	0.13	0.103	0.027
Pik3c2a	0.359999820895704	0.347897219664667	1	0.393	0.346	0.047
Cav1	0.360177301513571	0.115781070124836	1	0.272	0.241	0.031
Bptf	0.362019901913555	-0.149880176762809	1	0.159	0.159	0
Ss18	0.36290562216441	0.313879588568629	1	0.193	0.162	0.031
Cyb5b	0.363112000117181	0.507249309984211	1	0.166	0.123	0.043
Wdr37	0.363353909080125	0.286653368372552	1	0.231	0.213	0.018
Mark3	0.363376451218172	-0.191770032509992	1	0.251	0.285	0.034
Stag2	0.363533916817626	-0.162622987895634	1	0.234	0.228	0.00600000000000001
Casp12	0.365006064774784	0.330592595583475	1	0.123	0.097	0.026
Spop	0.365273535130124	0.367885442461984	1	0.212	0.177	0.035
Eif4g3	0.365745975463135	-0.358935908760544	1	0.092	0.105	0.013
Stau1	0.366264180735784	0.630783597647148	1	0.101	0.064	0.037
Ube2r2	0.367551528208647	-0.196532310245906	1	0.106	0.108	0.002
Hnrnpf	0.367706938942096	0.298138659119293	1	0.145	0.136	0.00899999999999998
Smap1	0.371607860057383	0.134214913500527	1	0.125	0.1	0.025
Tjp2	0.373673751555062	-0.119728464054374	1	0.313	0.31	0.003
Hnrnpa3	0.3736852999914	0.364590321217204	1	0.246	0.2	0.046
Rtn3	0.374342009228795	-0.157611932518386	1	0.2	0.236	0.036
Sipa1l3	0.37548279267196	0.434222842746092	1	0.128	0.09	0.038
Sema3c	0.376097220237621	0.10290066826946	1	0.443	0.462	0.019
Coro2a	0.376998882612478	0.492204115317535	1	0.123	0.1	0.023
Macrod2	0.377151090416726	-0.183421157582086	1	0.306	0.326	0.02
Gbe1	0.37826222567494	0.239914741357949	1	0.417	0.397	0.02
Gatm	0.378617446194806	-0.294892312981652	1	0.195	0.231	0.036
Jag2	0.38103575683205	-0.187810788881223	1	0.137	0.141	0.00399999999999998
Zfp36l1	0.381412935412991	-0.342021741101629	1	0.157	0.197	0.04
Thsd1	0.382742324120414	-0.213770830287948	1	0.337	0.362	0.025
Sec63	0.382951298711874	0.327356044723678	1	0.152	0.128	0.024
Eci2	0.384076333236804	-0.326526653948882	1	0.089	0.118	0.029
Tfrc	0.384837010270674	-0.235383678768246	1	0.263	0.303	0.04
Phkb	0.385724882928775	0.343153382511936	1	0.188	0.146	0.042
Rrbp1	0.385729977078308	0.177526214467516	1	0.263	0.238	0.025
Hnrnph3	0.386035893373336	0.121396501599016	1	0.118	0.103	0.015
Hivep2	0.387042807653013	-0.526536703619772	1	0.157	0.192	0.035
Tgfbr2	0.387870985884385	-0.167207259393394	1	0.243	0.241	0.002
Slc38a2	0.388614354304822	-0.37382269196601	1	0.104	0.136	0.032
Asap2	0.388638983691355	0.472557345012866	1	0.128	0.092	0.036
Znrf3	0.389087531484513	0.251897224279501	1	0.388	0.359	0.029
Reck	0.392155941369696	0.105762970113634	1	0.267	0.233	0.034
Iqgap1	0.39244553139981	0.184742914862963	1	0.436	0.39	0.046
Rnf38	0.392648699319595	0.386726963734302	1	0.246	0.2	0.046
Stxbp6	0.393181729088749	0.106532306352924	1	0.504	0.495	0.00900000000000001
Myo1b	0.393462373185652	0.309763473412618	1	0.265	0.244	0.021
Ncl	0.395165815515266	0.674689343790508	1	0.108	0.079	0.029
Baz1b	0.395316778392553	0.23336737542374	1	0.13	0.108	0.022
Abca1	0.39681416659462	-0.335280739923759	1	0.133	0.136	0.003
Rai1	0.398188008266967	0.252637071416874	1	0.145	0.115	0.03
Ncoa2	0.398976113015051	0.479668514000082	1	0.241	0.19	0.051
Zfp950	0.399297002069293	-0.2941243603493	1	0.181	0.205	0.024
A4galt	0.402075174489292	0.356679719503231	1	0.277	0.231	0.046
Ttc3	0.402295939177626	0.601898386963408	1	0.142	0.108	0.034
Ranbp9	0.40230209931544	0.235640589674244	1	0.251	0.213	0.038
Ap2b1	0.403680168596211	0.394277732251359	1	0.217	0.159	0.058
Cd200	0.404372415488614	-0.33950541283182	1	0.246	0.303	0.057
Trps1	0.405859424507928	0.209869897234404	1	0.282	0.256	0.026
Fnip2	0.407640679615892	-0.558762634587912	1	0.135	0.182	0.047
Rheb	0.408098845588686	-0.102440285802859	1	0.135	0.123	0.012
Atox1	0.409633400388748	-0.486497942501377	1	0.075	0.103	0.028
Cdk17	0.410062032327371	0.212507252751496	1	0.458	0.456	0.002
Flvcr2	0.410794133109651	0.17426118381061	1	0.183	0.195	0.012
Tpd52l1	0.412114383282492	0.258844804000442	1	0.113	0.085	0.028
Erbin	0.412416990627638	0.160036817163629	1	0.265	0.267	0.002
Lgals8	0.412546471024016	0.142610141445079	1	0.101	0.103	0.00199999999999999
Prdm5	0.413436109231378	0.143790409248746	1	0.265	0.251	0.014
Nod1	0.41344256282516	0.174207199650372	1	0.205	0.203	0.00199999999999997
H3f3a	0.414424878100305	-0.142728630167226	1	0.108	0.133	0.025
Ehd4	0.415026825087303	0.237219802788074	1	0.133	0.133	0
Ccm2l	0.418865092356874	-0.292862913900223	1	0.19	0.213	0.023
Vim	0.419290948450511	-0.296120638325657	1	0.096	0.115	0.019
Tnrc6b	0.420783978554158	0.258787915675621	1	0.337	0.292	0.045
Zfp704	0.422018679711071	-0.253377531240182	1	0.159	0.172	0.013
Uty	0.422842343226461	0.510943675334655	1	0.125	0.079	0.046
Pum2	0.42290323201312	0.227048203638785	1	0.306	0.277	0.029
Tor1aip1	0.423153310495439	0.347396612661243	1	0.2	0.167	0.033
Cst3	0.423965961414553	-0.119318341144029	1	0.147	0.146	0.001
Rcor1	0.424269204217803	0.139087513819874	1	0.113	0.108	0.005
Prrc2b	0.424473723882054	0.25969102855422	1	0.123	0.095	0.028
Chd6	0.425753081498221	0.305570268972777	1	0.149	0.115	0.034
Jarid2	0.426785850176399	0.36250962495281	1	0.195	0.172	0.023
Capza1	0.42689142335786	0.514815773473683	1	0.108	0.087	0.021
Susd6	0.427812440844905	0.337000244625923	1	0.39	0.346	0.044
Adam10	0.428129565446561	-0.171108003079197	1	0.398	0.431	0.033
Tpd52	0.429204358785127	0.360041645337044	1	0.258	0.215	0.043
Hnrnpc	0.429876555592763	-0.232109130741573	1	0.13	0.144	0.014
Pik3cb	0.431987958841826	-0.421422220694037	1	0.089	0.128	0.039
Ndufs4	0.433788564451198	-0.45119094172744	1	0.099	0.115	0.016
Atp10d	0.434407786597737	0.207951748974623	1	0.41	0.39	0.02
Ptp4a2	0.434573952309928	-0.193929771323731	1	0.193	0.215	0.022
Snx13	0.4349830408735	0.162143896412185	1	0.181	0.156	0.025
Tmcc1	0.435469267584881	0.268528786078854	1	0.2	0.197	0.003
Niban1	0.436454935716814	-0.262747724932528	1	0.099	0.128	0.029
Skil	0.440286604194079	-0.61517770829178	1	0.104	0.149	0.045
Tnrc18	0.440321695443483	0.328306911470699	1	0.161	0.128	0.033
Eng	0.441233797590044	-0.252823103612986	1	0.388	0.433	0.045
Crim1	0.442726274439771	0.282581195381582	1	0.386	0.346	0.04
Adamts10	0.443566507017834	0.246685369275421	1	0.219	0.203	0.016
Arhgef1	0.445949518059121	-0.314240204186994	1	0.137	0.169	0.032
Bod1l	0.446828104603575	0.147783931115396	1	0.106	0.09	0.016
Nkain2	0.44856393436161	0.150684322718427	1	0.402	0.379	0.023
Atp6v0a1	0.449152948351221	-0.25944041130443	1	0.092	0.11	0.018
Dennd5b	0.452760355800128	0.293910738397915	1	0.369	0.331	0.038
Glg1	0.453407920894112	-0.285897484901394	1	0.125	0.167	0.042
Pnisr	0.454665713571272	0.207689156515058	1	0.118	0.128	0.01
Rin2	0.456516379466957	0.129023604337942	1	0.369	0.338	0.031
Laptm4a	0.456517862586188	0.348574848119152	1	0.133	0.118	0.015
Celf1	0.458601326114633	0.368839853666648	1	0.123	0.097	0.026
Elmo1	0.458644662485129	0.108147819768488	1	0.573	0.551	0.0219999999999999
Btg3	0.458894307611462	0.487856169201255	1	0.145	0.113	0.032
Efna5	0.459916153838128	-0.215845716344682	1	0.106	0.105	0.001
Ppp1r16b	0.46039129043643	-0.150770902942045	1	0.169	0.192	0.023
Rbm27	0.461255738462932	-0.266443470421011	1	0.101	0.103	0.00199999999999999
Cbx5	0.463758555849046	0.137764384134205	1	0.13	0.11	0.02
Nipbl	0.464512862527778	0.11270113243558	1	0.48	0.444	0.036
Tbc1d1	0.466431371344507	-0.169652451486418	1	0.087	0.108	0.021
Pir	0.466890654305531	0.116221636735713	1	0.39	0.356	0.034
B4galt1	0.467652679241308	-0.354883017142964	1	0.135	0.172	0.037
Bclaf1	0.468751521601306	0.154039541487433	1	0.13	0.126	0.004
Nfatc3	0.468980284798761	-0.123755166715426	1	0.147	0.146	0.001
Fermt2	0.470756054301673	0.203892310982697	1	0.263	0.246	0.017
Snx3	0.471098588962802	-0.424061097272312	1	0.147	0.192	0.045
Herc6	0.471379143845806	0.251751809997674	1	0.173	0.156	0.017
Map3k3	0.47278964259245	0.135549587117111	1	0.32	0.292	0.028
Bcas3	0.473517589918261	-0.280792986155397	1	0.342	0.372	0.03
Fkbp15	0.473846925441237	0.351988737928715	1	0.12	0.092	0.028
Ldlrad3	0.47653506136371	-0.121777909649965	1	0.354	0.39	0.036
Wdr70	0.47794377282005	-0.259662537367133	1	0.106	0.131	0.025
Sned1	0.478467087133024	0.444313566694743	1	0.128	0.108	0.02
Bcl2l1	0.478528118003943	0.223157225076477	1	0.347	0.315	0.032
Fnbp4	0.479184637541877	-0.175798992164147	1	0.111	0.136	0.025
Rapgef2	0.480114467941068	-0.17704588911242	1	0.694	0.736	0.042
Ubr2	0.480333025083886	-0.371811698802149	1	0.099	0.118	0.019
Cnot2	0.481240278893353	0.323529292091789	1	0.159	0.123	0.036
Snx29	0.481605489964122	-0.561502064764151	1	0.096	0.11	0.014
Nrd1	0.482804124929305	-0.225414509964037	1	0.135	0.151	0.016
Ptbp3	0.482828772479338	0.200008401527804	1	0.284	0.274	0.00999999999999995
Tbc1d14	0.483052258370981	0.153474044960793	1	0.123	0.11	0.013
Gtf3c2	0.485284415661729	0.129187581651778	1	0.106	0.105	0.001
Map4k4	0.485410108837396	0.106516429129534	1	0.21	0.221	0.011
Spidr	0.485829587799569	0.294389139635152	1	0.125	0.136	0.011
Sbf2	0.487186770026633	0.115142618974609	1	0.511	0.477	0.034
Smchd1	0.487212047171076	-0.195430554411569	1	0.243	0.274	0.031
Sertad2	0.487631483218843	0.144820218383805	1	0.113	0.095	0.018
Chic2	0.487937029797786	0.271398587018193	1	0.169	0.141	0.028
Nostrin	0.488035756960668	0.107623523309694	1	0.424	0.418	0.00600000000000001
Fbxo11	0.488225138372981	0.21845395041441	1	0.308	0.262	0.046
Ctcf	0.489297955809064	0.357539958861816	1	0.161	0.128	0.033
Ly6a	0.489948102106271	-0.234120362853437	1	0.154	0.192	0.038
Avl9	0.490550585213101	0.365056694024185	1	0.104	0.09	0.014
Dis3l2	0.492858785325686	-0.294492717821248	1	0.116	0.151	0.035
Naa16	0.493097106082567	0.869713635580051	1	0.125	0.085	0.04
Ap3s1	0.493999553307165	-0.113576545111076	1	0.133	0.126	0.00700000000000001
Rras2	0.494533386320364	-0.478261257248025	1	0.096	0.123	0.027
Lrrtm4	0.496776150801089	-0.512799826837228	1	0.337	0.338	0.001
Nfat5	0.498049161535858	-0.216963172074795	1	0.614	0.656	0.042
Cux1	0.49948464200106	0.359331320706674	1	0.248	0.208	0.04
Nxpe4	0.500921923151737	0.150242778814896	1	0.66	0.654	0.00600000000000001
Ube2k	0.502522478852464	0.231499586730947	1	0.161	0.159	0.002
Pcp4l1	0.504465990538936	-0.156336357845621	1	0.214	0.238	0.024
Babam2	0.505719441281938	-0.279008255452626	1	0.301	0.341	0.04
Ankrd12	0.506967217483315	0.264643568484304	1	0.328	0.274	0.054
Vgll4	0.507739844371671	-0.251547242436112	1	0.164	0.164	0
Itpkb	0.508728220778506	-0.141560102775756	1	0.335	0.351	0.016
Rnf169	0.508807169256744	-0.272233043228768	1	0.178	0.218	0.04
Scaf8	0.509714195002325	-0.134138096107172	1	0.188	0.192	0.004
Nf2	0.510587244837758	-0.50522425038458	1	0.084	0.105	0.021
Dipk2b	0.510913927940215	-0.15897593432002	1	0.296	0.333	0.037
Arl15	0.512443693513677	-0.176070006706666	1	0.639	0.682	0.043
B3gnt2	0.513040102111306	-0.317723954268746	1	0.183	0.218	0.035
Arid5b	0.515031787295296	-0.213028737094528	1	0.28	0.287	0.00699999999999995
Tshz1	0.515511329860222	-0.347343039408184	1	0.152	0.192	0.04
Dip2c	0.518220388575833	-0.184991026613058	1	0.369	0.379	0.01
Cmtm8	0.518593792737448	-0.383707136319161	1	0.096	0.118	0.022
Prom1	0.519248881472353	0.209129846033651	1	0.427	0.395	0.032
Extl3	0.520389495096707	-0.178133662860281	1	0.342	0.369	0.027
Tgfa	0.520682855230737	-0.394480885328232	1	0.101	0.11	0.00899999999999999
Dock6	0.521224316705418	0.333788304804118	1	0.277	0.228	0.049
Lypla1	0.523122935378364	0.452693751457567	1	0.123	0.103	0.02
Ccnt1	0.524873680244821	-0.368216343178386	1	0.123	0.133	0.01
Elk4	0.526142886303875	0.292783251681139	1	0.118	0.092	0.026
Ppp3ca	0.527506424576391	0.162935486048287	1	0.525	0.518	0.00700000000000001
Raf1	0.527986438924212	-0.443229465843323	1	0.092	0.103	0.011
Rps14	0.531542746487221	0.37524758129965	1	0.116	0.092	0.024
Tmem184b	0.53243020568898	0.136203886715888	1	0.152	0.128	0.024
Lrrk1	0.532614915335361	0.22497157123313	1	0.333	0.313	0.02
Amotl1	0.533006964487401	-0.473678880282551	1	0.087	0.115	0.028
Ezh1	0.533369310977241	-0.204392413635099	1	0.176	0.174	0.002
Peak1	0.535417410269595	0.112288910314973	1	0.325	0.297	0.028
Specc1l	0.535745610983198	-0.146770527563001	1	0.161	0.154	0.00700000000000001
Rprd2	0.535757890490795	0.269797456685046	1	0.111	0.095	0.016
Maob	0.536661808346956	0.197119051219309	1	0.12	0.105	0.015
Plcg1	0.537530417037031	0.194206557145886	1	0.243	0.208	0.035
Gcc2	0.539191960994213	-0.201928578955318	1	0.178	0.177	0.001
Hmbox1	0.539752374085291	0.13720024815144	1	0.34	0.321	0.019
Rasip1	0.539978502337968	-0.228020805631576	1	0.166	0.19	0.024
Pdgfb	0.542090465077165	-0.258748814976975	1	0.212	0.221	0.00900000000000001
Tmtc4	0.543186638043304	-0.5629399647703	1	0.116	0.159	0.043
Morf4l1	0.543328484081768	0.255769926984367	1	0.101	0.082	0.019
Ddx3x	0.543459364479995	-0.129372025756476	1	0.123	0.144	0.021
Gcnt2	0.544039745287772	0.121323980939515	1	0.253	0.256	0.003
Nrip1	0.544917797893526	-0.226511836373761	1	0.171	0.192	0.021
Osmr	0.544985096707629	0.194616876080335	1	0.217	0.208	0.00900000000000001
Csnk1g3	0.546960374464602	-0.223208848782113	1	0.096	0.113	0.017
Commd1	0.547298442208724	0.366100457583103	1	0.101	0.09	0.011
Abcc6	0.54771746381257	0.164822878211418	1	0.12	0.097	0.023
Itga6	0.548995898190698	0.252594836060101	1	0.4	0.354	0.046
Ash1l	0.549415528364811	0.195140407440557	1	0.357	0.321	0.036
Ppard	0.550682439928764	0.320619984661945	1	0.224	0.182	0.042
Rictor	0.553215136094371	0.129043612160952	1	0.248	0.241	0.00700000000000001
Pkn1	0.553949218837894	0.331093803686296	1	0.133	0.115	0.018
Ctsh	0.554249074998256	0.353024805367746	1	0.152	0.126	0.026
Mtus1	0.555985689143728	-0.118744067973352	1	0.487	0.497	0.01
Ndel1	0.556650500366327	0.470534985053503	1	0.106	0.087	0.019
Hpcal1	0.557529276182773	-0.498452889444155	1	0.123	0.149	0.026
Esam	0.558534724767225	-0.265902291046616	1	0.21	0.231	0.021
Vti1a	0.55946292370381	0.188385353376632	1	0.347	0.333	0.014
Snx9	0.560124530226324	-0.360888873143859	1	0.084	0.113	0.029
Anxa7	0.560700706622774	0.370497713086723	1	0.101	0.082	0.019
Alas1	0.561956358294029	-0.531762053056789	1	0.118	0.154	0.036
Pros1	0.563615131019507	0.327527589062917	1	0.149	0.126	0.023
Cbl	0.563806338228182	-0.179334421314828	1	0.128	0.141	0.013
S1pr1	0.56598285862805	0.102711260932365	1	0.173	0.162	0.011
Sgk3	0.566239311219556	-0.587600338683335	1	0.077	0.11	0.033
Lyst	0.566836789558878	0.267979770993203	1	0.142	0.121	0.021
Wtap	0.56861875333993	0.522398141071919	1	0.101	0.077	0.024
Rac1	0.570374048569954	-0.268854549156481	1	0.111	0.121	0.01
Tax1bp1	0.570689690220785	-0.267581509500421	1	0.133	0.159	0.026
Ssu72	0.571336761291946	-0.388565863931528	1	0.092	0.108	0.016
Ly6e	0.571420344700708	0.171126923953403	1	0.289	0.282	0.00700000000000001
Fam13c	0.57532977468661	0.222567033928168	1	0.352	0.326	0.026
Srsf4	0.577174067944345	0.145598653154796	1	0.099	0.103	0.00399999999999999
Ppp1cb	0.57858553142191	-0.285611977549227	1	0.229	0.279	0.05
Bbs9	0.584958725732194	-0.305299346800434	1	0.133	0.146	0.013
Phf21a	0.58541485773539	-0.184047514200957	1	0.345	0.377	0.032
Kitl	0.585513586644579	-0.19006271743745	1	0.593	0.59	0.003
Dram2	0.585835220932944	-0.154929974641369	1	0.173	0.197	0.024
Pak2	0.588450030881608	0.255516014532346	1	0.253	0.226	0.027
Atp9b	0.590034347130447	-0.183561292697774	1	0.101	0.11	0.00899999999999999
Rassf8	0.591203670453649	-0.25801364579917	1	0.207	0.233	0.026
Kcnip4	0.591329352603128	-0.132239949638465	1	0.53	0.546	0.016
Vps13a	0.593106231058716	0.231288264440524	1	0.229	0.195	0.034
Polk	0.593168617890258	0.209691060932141	1	0.552	0.505	0.047
Pik3r1	0.593951167503326	-0.173187750847145	1	0.111	0.115	0.004
Dennd4c	0.594703867481516	0.122776302001542	1	0.318	0.318	0
Tec	0.595226357630869	-0.232518586221179	1	0.125	0.126	0.001
Phactr4	0.599505906481735	-0.20169611598867	1	0.212	0.223	0.011
Cald1	0.599994426752582	-0.351486207499455	1	0.13	0.154	0.024
Gpatch2	0.60140082220981	0.348412063408457	1	0.212	0.185	0.027
Anp32a	0.601468257922192	-0.515055582648358	1	0.092	0.11	0.018
Itgb1	0.602697681148129	-0.252033714874453	1	0.202	0.231	0.029
Ulk2	0.602707099303166	-0.127616499633547	1	0.128	0.131	0.003
Abl1	0.602946714762191	-0.371797587501046	1	0.089	0.105	0.016
Pip5k1b	0.604020208707615	0.246670243246026	1	0.178	0.159	0.019
Crebbp	0.604039115773993	0.175979761554268	1	0.434	0.392	0.042
Gata2	0.607225833968192	0.327925725474142	1	0.133	0.113	0.02
Fgfr1op2	0.608200048002847	-0.336204341216617	1	0.089	0.1	0.011
Man1a	0.608939067444408	0.148559176223541	1	0.137	0.141	0.00399999999999998
Ushbp1	0.610141183674219	0.180863609241589	1	0.304	0.277	0.027
Ap1s2	0.611025854634981	0.142858009567976	1	0.145	0.133	0.012
Cbx1	0.611903820916567	-0.485348445713695	1	0.137	0.172	0.035
Dcaf6	0.616342496209535	-0.274541004882734	1	0.08	0.1	0.02
Dmd	0.616575162964383	0.107557656148592	1	0.231	0.226	0.005
Acacb	0.617814205155534	0.210715755633532	1	0.149	0.141	0.00800000000000001
Fzd6	0.618034310576638	-0.143451254439127	1	0.398	0.418	0.02
Apcdd1	0.619438549322656	-0.338999167074556	1	0.207	0.233	0.026
Sh3rf1	0.619566887694607	0.181327015021611	1	0.417	0.405	0.012
Tmtc2	0.622141465039531	-0.104393845166277	1	0.648	0.667	0.019
Ndnf	0.623284264361662	-0.270653049969736	1	0.157	0.172	0.015
Scmh1	0.623968464611758	0.105389783474545	1	0.337	0.3	0.037
Slco2b1	0.625603970537825	0.111720602047469	1	0.231	0.205	0.026
Picalm	0.62885571294326	-0.119274714342755	1	0.371	0.408	0.037
Rbfox1	0.629124469952195	-0.124772628636526	1	0.525	0.549	0.024
Lrrc58	0.629775679066302	0.116786556704924	1	0.104	0.087	0.017
Ptprm	0.631095007437366	-0.127099859121128	1	0.933	0.951	0.0179999999999999
Ubr5	0.632610186275216	-0.28239422588604	1	0.128	0.146	0.018
Aftph	0.633999764157857	-0.307682220689781	1	0.161	0.192	0.031
Mycbp2	0.63467204965084	-0.20608636358946	1	0.188	0.2	0.012
Chst11	0.63481323502706	0.106423982392397	1	0.361	0.328	0.033
Rabgap1l	0.636143326106197	0.283235532764888	1	0.198	0.154	0.044
Srbd1	0.638248181243664	0.204018447869269	1	0.133	0.113	0.02
Map3k20	0.640496008649315	0.134916915811644	1	0.263	0.241	0.022
8030462N17Rik	0.641372139965858	-0.280134543840362	1	0.099	0.113	0.014
Ints8	0.642093646277201	-0.401774605376365	1	0.08	0.103	0.023
Far2	0.642937233912472	-0.167761022704073	1	0.311	0.328	0.017
H2-Q4	0.643029241777661	-0.145968061573512	1	0.142	0.164	0.022
Rabgap1	0.643682961539531	0.1838583269752	1	0.198	0.167	0.031
Shld1	0.644719288945621	0.131771606021077	1	0.12	0.123	0.003
Nudcd3	0.645954199793831	0.517567718573419	1	0.128	0.095	0.033
Exoc2	0.646903533441789	0.228636978466817	1	0.255	0.236	0.019
Tm4sf1	0.647273047539701	-0.346203953337727	1	0.128	0.159	0.031
Mef2a	0.648146683971081	-0.238574151881006	1	0.439	0.487	0.048
Tgm2	0.64915680445074	-0.249959720109008	1	0.101	0.118	0.017
Exoc6b	0.652477431291988	-0.189786909360725	1	0.682	0.692	0.0099999999999999
Slc35f2	0.652878780576906	-0.37004863709462	1	0.104	0.131	0.027
2510009E07Rik	0.653007775879452	-0.341981758122883	1	0.147	0.179	0.032
Pik3r6	0.65331172964497	0.255402089350867	1	0.123	0.105	0.018
Luzp1	0.653340834539379	-0.10362161882611	1	0.482	0.528	0.046
Cilk1	0.653869906976208	0.152000273780265	1	0.224	0.2	0.024
Smc6	0.655732665847541	0.438050300253023	1	0.116	0.085	0.031
Tmod3	0.65808785162813	0.126174450067265	1	0.28	0.238	0.042
Srcap	0.6586947898412	0.122023284706475	1	0.113	0.1	0.013
Kansl1l	0.659726119140107	0.222863151334912	1	0.243	0.231	0.012
Zfhx3	0.660855840758992	-0.124275051042364	1	0.142	0.146	0.004
Jag1	0.662968587171646	-0.462900196059922	1	0.142	0.179	0.037
Chmp3	0.662988514505385	0.228650753678892	1	0.104	0.09	0.014
Camk2d	0.663018872522338	-0.26961130205943	1	0.287	0.31	0.023
Tent4b	0.664185326631535	-0.350330234725341	1	0.099	0.108	0.00899999999999999
Swt1	0.664735812524289	-0.317694372764834	1	0.118	0.131	0.013
Sema7a	0.667717932328877	0.185131331888966	1	0.207	0.19	0.017
Qki	0.668228592397955	-0.137212543525997	1	0.682	0.713	0.0309999999999999
Kcnd2	0.670120642577147	-0.264843454534555	1	0.429	0.423	0.00600000000000001
Cpne8	0.670301875313568	0.113823901854941	1	0.32	0.3	0.02
Fam222b	0.67182672139827	0.270571219483679	1	0.169	0.167	0.002
Nhsl2	0.67228288772037	-0.134246707872007	1	0.113	0.138	0.025
Rasa1	0.672834187258291	-0.239724110078145	1	0.178	0.182	0.004
Pds5b	0.673011458683034	0.341190004623902	1	0.308	0.267	0.041
Shank3	0.673146505119006	0.200376211123623	1	0.301	0.279	0.022
Rybp	0.675472715673667	0.315005966638007	1	0.169	0.154	0.015
Slc19a3	0.676618963908526	-0.325553480402949	1	0.084	0.11	0.026
Ddx60	0.678965245809008	-0.222002779070482	1	0.205	0.223	0.018
Itih5	0.681184015233045	0.204295823443305	1	0.412	0.364	0.048
Rnf216	0.681624731845111	-0.292661540126774	1	0.2	0.231	0.031
Actn4	0.682121997535704	0.118210146141298	1	0.263	0.264	0.001
Ogt	0.684496308346006	0.1378738461323	1	0.26	0.238	0.022
Ascc3	0.684766401457189	0.135848481917753	1	0.345	0.326	0.019
Ppp3cc	0.684880258554426	0.188447374583341	1	0.272	0.254	0.018
Atl3	0.685226093839536	-0.210896618643536	1	0.12	0.136	0.016
Nemf	0.685326805092562	-0.104114327247219	1	0.108	0.103	0.005
Ubr1	0.685926212502448	0.113417559119862	1	0.21	0.177	0.033
Stx6	0.687715612427536	0.374294772381357	1	0.116	0.097	0.019
Cbfa2t3	0.690252928881276	-0.402109179370477	1	0.089	0.115	0.026
Shoc2	0.691086275997632	0.170944299671453	1	0.212	0.195	0.017
Atrx	0.693051010583139	0.150166084216156	1	0.489	0.456	0.033
Syne1	0.696299274517918	-0.18580304653115	1	0.588	0.61	0.022
Elk3	0.696964591859704	0.232166658652528	1	0.429	0.405	0.024
Ankrd44	0.697123003097251	-0.350167170046608	1	0.178	0.197	0.019
Mbd5	0.698521195472443	0.264804478862649	1	0.313	0.292	0.021
Hspa12b	0.699713359293809	0.17877218857097	1	0.337	0.318	0.019
Pot1a	0.70023567785536	-0.449528822897745	1	0.08	0.105	0.025
Zfc3h1	0.702775450233606	0.266447325174202	1	0.173	0.149	0.024
Uaca	0.703898431547239	-0.141237393632665	1	0.27	0.279	0.00900000000000001
Robo4	0.705104155585165	0.443981748721599	1	0.13	0.115	0.015
Parva	0.711118388941699	-0.161258379335024	1	0.101	0.121	0.02
Pcdh7	0.720985320034742	-0.348600502218739	1	0.108	0.115	0.00700000000000001
Yap1	0.72153069212331	0.146481748128814	1	0.147	0.141	0.00600000000000001
Smurf2	0.722364658506531	0.128990427746747	1	0.316	0.321	0.005
Pik3r3	0.728152102073719	0.151227029097638	1	0.34	0.331	0.00900000000000001
Rapgef5	0.729643361144471	0.129975058200329	1	0.453	0.446	0.00700000000000001
Cab39	0.729875573777724	0.43093069039789	1	0.128	0.097	0.031
Ncoa6	0.730056480529559	0.419024985026305	1	0.125	0.095	0.03
Immp2l	0.730845785726054	-0.137428593773517	1	0.337	0.356	0.019
Pspc1	0.73125407056093	0.171118168987362	1	0.12	0.105	0.015
Slc1a1	0.734888830043159	0.306958795426066	1	0.108	0.087	0.021
Zcchc7	0.735296368338318	-0.167026084059612	1	0.53	0.538	0.00800000000000001
Hnrnph1	0.735388399060786	-0.138572020888675	1	0.198	0.223	0.025
Tpk1	0.737168213811914	0.251041004592639	1	0.193	0.156	0.037
Acin1	0.737539853158919	0.266868996868943	1	0.173	0.146	0.027
Sdk1	0.743850398845332	-0.455647909924426	1	0.106	0.126	0.02
Ralgapa1	0.743952921958308	0.142522046516447	1	0.725	0.69	0.035
Setd2	0.745434226070436	0.118944520215604	1	0.135	0.115	0.02
Celf2	0.747657297749906	0.189146300773528	1	0.583	0.592	0.00900000000000001
Trim14	0.750219186737952	0.507279018123926	1	0.12	0.097	0.023
Nr2f2	0.751934799563781	0.110188626376691	1	0.123	0.113	0.01
Trim26	0.753791885750702	0.327200083974119	1	0.108	0.085	0.023
Nck1	0.756849184849549	-0.194948061436381	1	0.205	0.218	0.013
Lrba	0.758549745987286	0.194633188417979	1	0.402	0.367	0.035
Pacsin2	0.760748910742377	-0.17250703662856	1	0.101	0.1	0.001
Gbf1	0.762057487792865	0.125175495678361	1	0.154	0.149	0.005
Pde2a	0.765672053028543	-0.154019059889338	1	0.171	0.182	0.011
Kdm3a	0.76825510338231	0.196108290141407	1	0.149	0.136	0.013
Gimap8	0.768794038436688	0.103682565307659	1	0.106	0.105	0.001
Sgms2	0.768931930354776	0.182772542399757	1	0.198	0.187	0.011
Smad6	0.771218469324768	-0.45782712118077	1	0.149	0.192	0.043
Igfbp7	0.772467645971222	0.101643726225259	1	0.265	0.254	0.011
Msn	0.773728074708278	-0.143791823106651	1	0.159	0.167	0.00800000000000001
Ppp6r3	0.77438909995677	0.305122445317316	1	0.248	0.21	0.038
Fau	0.775888612882552	0.16445020348972	1	0.101	0.1	0.001
Ctnna1	0.776136613067574	-0.174167264373883	1	0.369	0.39	0.021
Pwwp2a	0.776845047088475	0.310441024392243	1	0.135	0.113	0.022
Fut8	0.777569044943482	-0.147933827845879	1	0.52	0.533	0.013
Ccnl2	0.778290854884752	0.22686929667912	1	0.188	0.164	0.024
Clec2d	0.778529111841864	-0.108265012875769	1	0.53	0.559	0.029
B2m	0.779392849668828	-0.463207149257924	1	0.123	0.146	0.023
Hnrnpa2b1	0.780955465465018	0.179703449347789	1	0.282	0.251	0.031
Wwc2	0.783190938969858	0.271027341352958	1	0.405	0.362	0.043
Zzz3	0.783696180757774	-0.267934185779071	1	0.154	0.167	0.013
Tie1	0.785105101976883	0.117886772698208	1	0.231	0.215	0.016
Mkln1	0.786756462193742	0.128067902341189	1	0.395	0.362	0.033
Camkmt	0.789597407981578	0.206731190379682	1	0.137	0.115	0.022
Tmem51	0.792131293999723	0.228331363788211	1	0.116	0.105	0.011
Grb14	0.796345649402304	0.16661985600344	1	0.301	0.303	0.002
Elf1	0.796662426284519	-0.128628615377584	1	0.26	0.269	0.00900000000000001
Pdss2	0.797288697117856	-0.292687972695753	1	0.087	0.1	0.013
Zfp326	0.798140191817	-0.320705311438763	1	0.099	0.11	0.011
Eea1	0.798614941694571	0.124095831915503	1	0.193	0.182	0.011
Arhgef2	0.800346631337064	0.132374771452261	1	0.214	0.192	0.022
Chd7	0.802081604718402	-0.336601635459044	1	0.106	0.123	0.017
Arap3	0.802896657915205	-0.306346727360118	1	0.128	0.154	0.026
Opcml	0.80336116592448	0.124791740650313	1	0.424	0.405	0.019
Xpo1	0.806482117114992	-0.111676916021532	1	0.101	0.108	0.00699999999999999
Tango6	0.808213679972699	0.238953550638593	1	0.113	0.095	0.018
H2-D1	0.808615843932193	-0.192901923343814	1	0.145	0.159	0.014
Map4k2	0.808792791119597	0.119100995825868	1	0.14	0.128	0.012
Pld1	0.810236855819875	-0.272376164615238	1	0.082	0.1	0.018
Gps2	0.816724309326973	0.265207708601558	1	0.106	0.092	0.014
Il17rd	0.817864365682044	-0.141148314622111	1	0.149	0.151	0.002
Prdm16	0.818548487118782	-0.297485611123032	1	0.142	0.174	0.032
Zfyve9	0.824953229072861	0.207510955478849	1	0.207	0.187	0.02
Fam118b	0.826542718150909	-0.277969473304803	1	0.125	0.141	0.016
Pde7b	0.829352425157367	0.170980889834236	1	0.369	0.338	0.031
Kdm5a	0.829380464080537	-0.161816363998958	1	0.128	0.131	0.003
Phf20	0.833962073995794	0.213443696843372	1	0.195	0.169	0.026
Bmx	0.834488861440792	-0.171718610017915	1	0.181	0.185	0.004
Gigyf2	0.836745669799199	-0.118584213079969	1	0.104	0.108	0.004
Malt1	0.837167040714757	0.22343325929454	1	0.104	0.092	0.012
Atp2c1	0.838415453609822	-0.151012960522212	1	0.099	0.105	0.00599999999999999
Notch4	0.838657953607629	-0.122616467995904	1	0.106	0.115	0.00900000000000001
Oma1	0.839681992909407	0.128701926224434	1	0.108	0.103	0.005
Marf1	0.846261771174583	0.104638936434414	1	0.125	0.121	0.004
Sncaip	0.847741898957309	0.145953454116019	1	0.195	0.179	0.016
Ppp2r3a	0.849824844622716	0.193480554310526	1	0.104	0.092	0.012
Il6ra	0.852630436712838	0.100177236123956	1	0.128	0.118	0.01
Sik3	0.856497453769155	0.10373475385231	1	0.299	0.287	0.012
Tbck	0.860330684210326	-0.227553480322252	1	0.12	0.126	0.00600000000000001
Ccm2	0.860689732431167	-0.274263343497662	1	0.116	0.138	0.022
Atf7ip	0.861157954886741	0.110689819807546	1	0.246	0.226	0.02
Supt20	0.862048186074574	0.17007013946186	1	0.142	0.123	0.019
Snx24	0.86225572143177	-0.208799045829019	1	0.145	0.151	0.00600000000000001
Csmd3	0.86280035674518	-0.15743948669999	1	0.118	0.133	0.015
Ppp2r5e	0.863361701259584	0.266208470245171	1	0.2	0.179	0.021
Fcho2	0.863853904086968	-0.130592720822184	1	0.559	0.585	0.0259999999999999
Wwp1	0.866072089757502	0.209768699641258	1	0.193	0.174	0.019
Wapl	0.866572896658203	-0.101910478139148	1	0.219	0.228	0.00900000000000001
Sp3	0.867471546642416	-0.197498233533276	1	0.236	0.264	0.028
Rin3	0.868494640788913	0.106205718989823	1	0.152	0.144	0.00800000000000001
Gnas	0.8706160337034	0.246430360514455	1	0.301	0.272	0.029
Epb41l4a	0.870808223011432	0.181696780524627	1	0.104	0.097	0.00699999999999999
Sypl	0.870998295119135	-0.155974716405941	1	0.149	0.169	0.02
Notch1	0.871199434931184	0.174555686056256	1	0.116	0.105	0.011
Taok2	0.872285278092527	-0.374596322816784	1	0.08	0.1	0.02
Phc3	0.874829646041765	0.23466888864634	1	0.157	0.136	0.021
Taf15	0.875010731505139	-0.16202634547377	1	0.13	0.149	0.019
Lrp1b	0.875625032659714	0.201853131170328	1	0.48	0.467	0.013
Sntb2	0.878225852538389	0.153900048880787	1	0.133	0.121	0.012
Tfeb	0.878963569882628	0.171973810867372	1	0.101	0.09	0.011
Mill2	0.881051494975454	0.148683909227734	1	0.381	0.354	0.027
Tns1	0.882107683225273	0.121235606055335	1	0.451	0.426	0.025
Atp13a3	0.885035617943058	-0.114943133905475	1	0.089	0.103	0.014
Cadm2	0.885122846659414	0.133509351043176	1	0.557	0.556	0.001
Grb10	0.886794725472324	0.112514623601635	1	0.169	0.162	0.00700000000000001
Spata13	0.890946994864226	0.30121346005119	1	0.181	0.164	0.017
Gab2	0.894982635580071	-0.137409242193584	1	0.369	0.379	0.01
Itpr2	0.898968011723219	-0.124014577561272	1	0.277	0.277	0
Entpd1	0.90314036226311	0.156451916679035	1	0.48	0.485	0.005
Ttll7	0.903230537060991	-0.12873121530757	1	0.14	0.154	0.014
Snrk	0.90814458717783	0.119398749711479	1	0.284	0.272	0.012
Hycc1	0.910458116913353	-0.16283450435049	1	0.108	0.123	0.015
Hs3st1	0.913643153057883	-0.200584341309793	1	0.161	0.164	0.003
Ubap2	0.914278845658472	0.262725183741734	1	0.137	0.123	0.014
Ahnak	0.914622250214227	0.126961221413425	1	0.265	0.262	0.003
Pdcd10	0.91467335191742	0.215983439424383	1	0.118	0.1	0.018
Pnpla6	0.915193736648127	0.335776820851113	1	0.164	0.144	0.02
Mcl1	0.917401387457885	-0.251359429241511	1	0.106	0.118	0.012
Lyn	0.918513605042933	-0.266801296572693	1	0.258	0.277	0.019
Gdi2	0.919549606363602	0.130697409490508	1	0.145	0.144	0.001
B230219D22Rik	0.921134593907614	0.136499677496915	1	0.101	0.09	0.011
Tmem204	0.921461965036667	-0.241147652547892	1	0.104	0.118	0.014
Sox13	0.92259591928287	-0.101013233995381	1	0.234	0.241	0.00699999999999998
Gbp4	0.924787462654976	0.163411828060458	1	0.166	0.144	0.022
Cox16	0.929913656614169	-0.117711039148436	1	0.188	0.197	0.00900000000000001
Stx5a	0.931248179660421	-0.309863750415353	1	0.101	0.123	0.022
Ppp2r5a	0.93388444040111	-0.111791581513018	1	0.265	0.292	0.027
Kmt5b	0.934527866159897	0.130276671093652	1	0.21	0.203	0.00699999999999998
Arpc2	0.93457220923426	-0.183535163865616	1	0.154	0.174	0.02
Dab2ip	0.936167818898908	-0.100034179649832	1	0.306	0.321	0.015
Acadl	0.936789712687229	-0.265935074839894	1	0.089	0.108	0.019
Rnf152	0.936883256775813	0.250387496515425	1	0.142	0.126	0.016
Tmem164	0.936960326071905	0.161650675425249	1	0.198	0.177	0.021
Esr1	0.938563557253596	0.167652083016872	1	0.13	0.123	0.00700000000000001
Samd9l	0.945112293094843	0.163610331905541	1	0.149	0.141	0.00800000000000001
Hltf	0.945544804042361	0.128867449955876	1	0.118	0.113	0.00499999999999999
Rnf144b	0.945930648025095	-0.119256034931332	1	0.239	0.244	0.005
Rabep1	0.946688886444646	0.326544338502725	1	0.142	0.123	0.019
Cr1l	0.947027624404589	-0.111159057284453	1	0.236	0.246	0.01
Csnk1g1	0.947621460802068	0.24281382026753	1	0.145	0.128	0.017
Cwc27	0.947835249784113	-0.224403003633508	1	0.089	0.105	0.016
Frmd4a	0.948968707197732	-0.115267920274153	1	0.164	0.172	0.00799999999999998
Hmgxb4	0.951997932424555	0.18257525241023	1	0.108	0.097	0.011
Rdx	0.955799715899573	-0.252566559699934	1	0.239	0.277	0.038
Gnb4	0.955919298847218	0.265531497262625	1	0.113	0.1	0.013
Yy1	0.956525851791675	0.362449028341862	1	0.12	0.1	0.02
Sh3bp4	0.956887076336334	0.124087162752636	1	0.169	0.156	0.013
Gatad2a	0.957972428078682	-0.19354231652815	1	0.157	0.167	0.01
Heca	0.959023850278762	0.104115876014645	1	0.116	0.115	0.001
Med13	0.959331429006333	0.105687861874971	1	0.164	0.159	0.005
Cyfip1	0.966451219707644	-0.193587589366154	1	0.178	0.195	0.017
Tamalin	0.968144393146237	-0.127719221538299	1	0.125	0.136	0.011
Fam171a1	0.968202788144494	-0.149587021579273	1	0.157	0.162	0.005
Gch1	0.968307344094131	-0.14190804820562	1	0.123	0.138	0.015
Zscan26	0.973928828001994	0.207736512878603	1	0.101	0.085	0.016
Baiap2l1	0.976237649209859	-0.112499487779453	1	0.123	0.131	0.00800000000000001
Cep68	0.985330862467061	0.207197372584124	1	0.133	0.118	0.015
Lsm14a	0.989465695347906	-0.148020285908099	1	0.133	0.146	0.013
Wdr44	0.997479744635636	-0.183665618023814	1	0.106	0.113	0.00700000000000001
Arhgef28	0.999794730538097	-0.318340803552422	1	0.21	0.238	0.028
