gene	p_val	avg_log2FC	p_val_adj	percent_3	percent_0	percent_difference
Zbtb16	7.09571717807517e-11	-1.57221403823349	1.27141060396751e-06	0.251	0.553	0.302
Tnks2	6.06654950865913e-07	-1.86014603160908	0.0108700434096154	0.119	0.287	0.168
Magi1	3.8428868364308e-06	0.842838151671164	0.068856846335167	0.498	0.346	0.152
Ttll7	3.98879151983737e-05	-1.74335581385972	0.71471166452446	0.075	0.218	0.143
Gbf1	5.43590420601391e-05	-1.61904180111129	0.974005315633572	0.106	0.213	0.107
Sae1	5.98158262315731e-05	3.01958552797936	1	0.106	0.027	0.079
Adgrl3	6.25083438711812e-05	-1.05503629781628	1	0.322	0.484	0.162
Rnf169	0.000102114728878924	-1.33825328251651	1	0.141	0.223	0.082
Gpcpd1	0.000131140758388329	-0.611162408319083	1	0.767	0.872	0.105
Pbx1	0.000183491635707885	0.974034547287433	1	0.555	0.378	0.177
Afap1l2	0.000188844170520152	1.22274123849	1	0.383	0.261	0.122
Plekhg1	0.000194693455677156	0.8597132038447	1	0.511	0.324	0.187
Coro2a	0.000200723357746064	-1.8292978969955	1	0.066	0.191	0.125
Eif2ak4	0.000223988913010421	-2.63624028253711	1	0.031	0.133	0.102
Gnaq	0.000232513650587168	0.441384180190903	1	0.771	0.628	0.143
Nt5c2	0.000239478763859928	-1.51829286586065	1	0.141	0.33	0.189
Arih2	0.000272553880482027	2.26852599353734	1	0.167	0.048	0.119
Taf15	0.00038341015756007	-1.55442506433736	1	0.075	0.197	0.122
Cacul1	0.000390861448581951	-1.75617610490158	1	0.044	0.128	0.084
Fmo2	0.000493157813788578	-1.16083924486159	1	0.167	0.303	0.136
Ralbp1	0.000525017509512615	-1.60703657114678	1	0.053	0.144	0.091
Stx12	0.000575301338747102	1.30645048724228	1	0.11	0.08	0.03
Bbx	0.000647984167683722	0.663496275778957	1	0.238	0.154	0.084
Nebl	0.000664327930399924	-0.365309638643703	1	0.868	0.883	0.015
Dcbld2	0.00070737402200021	-2.50013379933384	1	0.04	0.154	0.114
Tmem87b	0.000719732848124128	-1.49860840808774	1	0.07	0.128	0.058
Kcmf1	0.000780658495917894	1.19770870043757	1	0.211	0.112	0.099
Trappc8	0.000829172489491392	1.73769523628417	1	0.137	0.048	0.089
Ralgapa1	0.000847606276677678	0.403400056746782	1	0.789	0.649	0.14
Abcg2	0.000881083250386069	-0.687192533036021	1	0.621	0.782	0.161
Smg6	0.000890702460025254	0.77916773377682	1	0.441	0.293	0.148
Ralgapa2	0.00093584071839463	1.45154477923615	1	0.194	0.096	0.098
Dnaja1	0.000973022209227018	-1.5211112863687	1	0.048	0.117	0.069
Dennd1b	0.00114709220343014	-0.949239337488099	1	0.225	0.399	0.174
Med13	0.00118288854106705	-1.30651900462267	1	0.119	0.218	0.099
Gopc	0.00119013841219399	1.40502916148315	1	0.128	0.064	0.064
Pfkfb3	0.0012560138829096	-2.27622734258074	1	0.026	0.117	0.091
Uty	0.00125875894168894	-2.48446235347692	1	0.048	0.218	0.17
Cyth1	0.00139227712726639	-1.11596397990846	1	0.163	0.277	0.114
Tle4	0.00145124869158361	0.658701254374933	1	0.115	0.101	0.014
Ubxn4	0.00147386817694718	2.94316500897241	1	0.11	0.021	0.089
Mcf2l	0.00161937811236231	-0.994422819336216	1	0.167	0.335	0.168
Prpf6	0.00166518049791123	2.35196862893651	1	0.101	0.027	0.074
Zfand6	0.00169338064922755	0.853252698167902	1	0.33	0.186	0.144
Mtdh	0.00180653453724942	-0.8399741826549	1	0.145	0.245	0.1
Nuak1	0.00198859740632439	1.50559807068556	1	0.141	0.085	0.056
Gas6	0.00213197158782367	-2.55797690532988	1	0.035	0.128	0.093
Hlf	0.00224590639608481	-1.91911329705098	1	0.031	0.138	0.107
Tango6	0.00236838672177766	1.22892166208049	1	0.128	0.096	0.032
Afg1l	0.00236963433881407	2.27443006717191	1	0.119	0.037	0.082
Inpp5f	0.00246445952716765	-0.978818995544321	1	0.159	0.229	0.07
Mau2	0.00248698709608859	-1.89829618914647	1	0.035	0.117	0.082
Ranbp9	0.00249589185544938	-1.09670620882575	1	0.181	0.335	0.154
Klhl2	0.00277078916930446	-1.15095725902277	1	0.145	0.271	0.126
Gbp7	0.00282784736488009	0.439266704467347	1	0.128	0.064	0.064
Papola	0.00291833840400586	1.66807049694497	1	0.181	0.08	0.101
Polr2a	0.00307816764901132	1.41179431135591	1	0.123	0.053	0.07
Nptn	0.0031021845498008	-1.83110871421928	1	0.053	0.106	0.053
Slc7a5	0.00328925964321496	-0.951831401353876	1	0.203	0.303	0.1
Etl4	0.00340854793524586	1.77946351447747	1	0.128	0.059	0.069
Usp54	0.00355333613856957	-1.07791212580192	1	0.198	0.351	0.153
Sparcl1	0.00358433497639553	-0.805455254479293	1	0.229	0.298	0.069
Adipor2	0.00361419955136403	-0.729781275587528	1	0.52	0.654	0.134
Btbd9	0.00397097114856446	-0.625577521394337	1	0.216	0.287	0.071
Gtdc1	0.00406636517553248	0.627702397938573	1	0.348	0.25	0.098
Clint1	0.00425684394612023	-0.763600184514661	1	0.348	0.42	0.072
Zhx3	0.00426082654417444	-0.720764454872961	1	0.401	0.484	0.083
Ptp4a2	0.00432987351073318	1.07271057297736	1	0.229	0.149	0.08
Ptk2	0.00473638723871693	0.477486626299134	1	0.458	0.309	0.149
Zfp423	0.00479334768523292	0.911270044079008	1	0.264	0.16	0.104
Zfp950	0.00500000231999449	-0.844839326154401	1	0.132	0.239	0.107
Clk1	0.00533861511557992	-0.788526313566132	1	0.247	0.383	0.136
Sh3d19	0.00575154284071985	-0.939962117588432	1	0.088	0.186	0.098
Lcp1	0.00621450780795774	-1.89340544792659	1	0.057	0.117	0.06
Robo4	0.00631190573461482	-0.585030595521796	1	0.093	0.176	0.083
Prkacb	0.00633947297647099	-1.59244387146974	1	0.044	0.133	0.089
Ankrd12	0.0064631226767507	-0.946196552472445	1	0.251	0.42	0.169
Ddah1	0.00665492209645908	-1.37521336849728	1	0.044	0.117	0.073
Ppp4r1	0.00666178120668954	1.57829881634856	1	0.119	0.043	0.076
Nckap5	0.00670949342938592	-1.09307735924151	1	0.238	0.404	0.166
Akap7	0.00687401462578124	-1.33359704896798	1	0.11	0.229	0.119
Pcdh7	0.00714597289109762	1.37734641142753	1	0.141	0.069	0.072
Kdm6a	0.00731860510743144	-0.229108228013971	1	0.26	0.346	0.086
Pdxdc1	0.0076910129104469	1.23556302107598	1	0.194	0.101	0.093
Megf6	0.00773265732853275	-0.753723173875443	1	0.084	0.17	0.086
Dapk1	0.00775573316795991	-1.17072852630593	1	0.084	0.213	0.129
Evl	0.0078033752221074	0.976337332988404	1	0.128	0.096	0.032
Mpp7	0.00791812269510441	0.690558845003681	1	0.26	0.138	0.122
Naa16	0.00803429816105173	0.841731202700612	1	0.154	0.09	0.064
Btbd1	0.00808709364059491	1.10206348367084	1	0.203	0.112	0.091
Ifnar2	0.00810108969838821	0.61416873962849	1	0.326	0.197	0.129
Fto	0.00817503136666578	-0.415855023227366	1	0.238	0.303	0.065
Prpf4b	0.00854994251677354	-0.992210297136416	1	0.203	0.362	0.159
Arcn1	0.00876024453263664	1.72749936404479	1	0.123	0.053	0.07
Ppp1r16b	0.00885301460437297	1.10817396011885	1	0.207	0.122	0.085
Tmtc1	0.00886812544464883	-0.681937667574384	1	0.405	0.511	0.106
Cdk13	0.00894978777300351	0.405303379321652	1	0.256	0.149	0.107
Abi1	0.00895075433682939	0.769511624322089	1	0.432	0.271	0.161
Dock4	0.0090060455693178	0.129277360771995	1	0.806	0.75	0.056
Rnf111	0.00921968494960397	-1.30293574327808	1	0.093	0.165	0.072
Krcc1	0.00922748087390831	0.507046011535746	1	0.115	0.106	0.00900000000000001
Smurf1	0.00982368394207632	1.19342034377708	1	0.137	0.08	0.057
Rora	0.0100323269352117	-0.719362455073067	1	0.524	0.644	0.12
Mdm4	0.0100788898579145	-1.22194613870943	1	0.084	0.176	0.092
Pcbp2	0.0101102886758821	1.43364879017482	1	0.132	0.059	0.073
Kif2a	0.0101314893769352	1.44347583839111	1	0.15	0.059	0.091
Abcc4	0.0101488839641626	-0.389267428066494	1	0.687	0.835	0.148
Tmed5	0.0102979807127757	1.43071929186181	1	0.115	0.059	0.056
Med15	0.0104061075758318	-1.78001012480306	1	0.048	0.128	0.08
Grk5	0.0105542956020945	0.762981203219963	1	0.432	0.293	0.139
Mef2c	0.0107203636091437	0.833146265479427	1	0.467	0.33	0.137
Macf1	0.01095437842176	0.212730017807298	1	0.885	0.771	0.114
Sorbs3	0.0111081687423999	-1.97149017377646	1	0.04	0.112	0.072
Ccdc85a	0.0112640490177574	-0.593954013805352	1	0.427	0.569	0.142
Mfsd14a	0.0115465972875671	-1.83363953078506	1	0.053	0.117	0.064
Fmnl2	0.0116357523139607	-0.510944140376363	1	0.489	0.505	0.016
Hspa4	0.0116548045892782	1.50860394730782	1	0.101	0.043	0.058
Itpkb	0.0116899385747141	0.339603564995861	1	0.339	0.33	0.00900000000000001
Setd2	0.0124757018638263	1.52158708509606	1	0.185	0.074	0.111
Cdk8	0.0128500349800763	-1.31190533394894	1	0.053	0.101	0.048
Srrm1	0.0130007833436748	1.11452246642479	1	0.132	0.074	0.058
Ogt	0.0132036140273172	-0.937034644807681	1	0.211	0.319	0.108
Gbp4	0.0136013440688594	0.624060950944431	1	0.211	0.112	0.099
Tef	0.0139670152087876	-1.2536271376692	1	0.04	0.101	0.061
Cyth3	0.0146427104333184	-0.767426855696048	1	0.335	0.484	0.149
Spock2	0.0153943827246239	-0.621746891736743	1	0.326	0.463	0.137
Igfbp7	0.0157605638899364	-0.42513860098525	1	0.229	0.309	0.08
Cdk12	0.0159598393681547	0.552005477579889	1	0.273	0.207	0.066
Eif2s2	0.0160698609069681	-0.968909505023369	1	0.07	0.106	0.036
Pced1b	0.0168102051560141	-0.831583828033687	1	0.154	0.229	0.075
Ier3	0.0170954404061751	-1.89911677273458	1	0.04	0.117	0.077
Sema6a	0.0171439865346908	0.488367693930212	1	0.577	0.463	0.114
Sgms1	0.0180336935419109	-0.401459428816414	1	0.899	0.936	0.037
Snx2	0.0182597632421113	1.20694995191211	1	0.123	0.048	0.075
Pitpnc1	0.01832654226822	0.711980316063948	1	0.542	0.452	0.09
Ddx3x	0.0192800188568344	1.32192490535786	1	0.172	0.064	0.108
Galnt7	0.0194401520568236	1.94519330853309	1	0.101	0.043	0.058
Ldlrad4	0.0194452536791839	0.800496899869324	1	0.366	0.271	0.095
B4galt4	0.019502856348563	-1.68734758710112	1	0.066	0.154	0.088
Tdrd7	0.0197804456386438	1.36131632262724	1	0.119	0.064	0.055
Slc31a1	0.0203410877341124	-0.694275577714894	1	0.11	0.181	0.071
Ggnbp2	0.0211389514463915	-0.838805956314138	1	0.053	0.138	0.085
Rbm27	0.0212119704896701	-0.678906286355392	1	0.075	0.133	0.058
Nipa2	0.0214762074420147	-2.51382524445047	1	0.031	0.117	0.086
Nfkbia	0.0214964311659622	-0.444102235292196	1	0.07	0.133	0.063
Oma1	0.0215770311562473	-1.1967194789307	1	0.075	0.149	0.074
Map4k4	0.0216342473546095	-0.731863521227398	1	0.185	0.239	0.054
Jmjd1c	0.0216539433714022	0.432819169035587	1	0.542	0.463	0.079
Chd1	0.0216633254132952	0.930038603611545	1	0.145	0.106	0.039
Bmpr2	0.0218806656748647	-0.286218436925729	1	0.687	0.665	0.022
Ivns1abp	0.0221079214171628	-2.27006702169075	1	0.035	0.101	0.066
Ireb2	0.0226892559534073	1.35921103877293	1	0.106	0.053	0.053
Rasal2	0.0227040229653002	-0.500065431337799	1	0.762	0.83	0.0679999999999999
Wwc2	0.0227918336829322	0.412946804103714	1	0.449	0.351	0.098
Diaph1	0.0228885458660317	0.953007366675266	1	0.225	0.117	0.108
Sumo1	0.022979182348305	-1.4605032632558	1	0.062	0.128	0.066
Ddx50	0.0231293127181907	0.558499780151135	1	0.159	0.133	0.026
St6galnac3	0.0236242578039727	0.293138078685788	1	0.855	0.803	0.0519999999999999
Rcan2	0.0239930041812735	-0.429241867442059	1	0.137	0.165	0.028
Ppp1r12a	0.0243358087293846	0.508030495925698	1	0.493	0.367	0.126
Pcdh19	0.0244278098906848	-0.938685163118045	1	0.084	0.186	0.102
Fbxl12	0.0245746089266352	-1.64862113013283	1	0.053	0.112	0.059
Dbp	0.0246245759285011	-1.55008932856931	1	0.04	0.106	0.066
St3gal6	0.024847265451121	-0.122583312417953	1	0.705	0.665	0.0399999999999999
Fam117b	0.0250344748288597	-0.795940155236346	1	0.194	0.319	0.125
Il1r1	0.0250806926140742	-0.530473219544777	1	0.374	0.537	0.163
Lyst	0.0251026367973086	-0.893680425083542	1	0.128	0.16	0.032
Cab39l	0.0251801959845066	1.18432615349143	1	0.101	0.069	0.032
Scarf1	0.0255521444409444	0.999393011553722	1	0.163	0.085	0.078
Hdgfl3	0.0259879890386013	-1.4231916956161	1	0.04	0.106	0.066
Dnajc1	0.0259966229693497	-0.60277610483077	1	0.317	0.388	0.071
Tmcc3	0.0262615159034914	-0.620799375269671	1	0.211	0.277	0.066
Wdpcp	0.0262739911723864	-1.51340060836384	1	0.066	0.144	0.078
Erbin	0.0269854312189265	-0.641170061107795	1	0.233	0.303	0.07
Dgka	0.0271518385028549	-0.483861045135845	1	0.07	0.122	0.052
Nktr	0.0272381603438084	1.18325958627795	1	0.11	0.048	0.062
Cdk17	0.0272437370000441	0.486979903934545	1	0.493	0.415	0.078
Wdfy3	0.0273495114278861	-0.753710754862379	1	0.207	0.303	0.096
Cadps2	0.0273976290541478	-1.1227634932831	1	0.097	0.154	0.057
Qser1	0.0276010750070722	-1.67190906342676	1	0.053	0.138	0.085
Mospd2	0.0276733692687532	0.995041087655538	1	0.163	0.09	0.073
Arhgap28	0.0277773538261679	0.946680406124933	1	0.115	0.053	0.062
Hdac9	0.0279678644212735	0.546701995390805	1	0.467	0.362	0.105
Prag1	0.0280793575431093	-1.67959000762415	1	0.035	0.101	0.066
Net1	0.0299080887221082	-1.11814695059674	1	0.123	0.186	0.063
Csnk1g1	0.0299815050693187	-1.23823038623667	1	0.119	0.176	0.057
Dnajb6	0.0302949077306533	-1.19536400724453	1	0.062	0.128	0.066
Tm6sf1	0.0303066300506322	0.982297016902605	1	0.123	0.09	0.033
Nck1	0.0306197954816581	0.839425313885173	1	0.256	0.144	0.112
Fam13a	0.0306496781796678	-1.56321921261735	1	0.066	0.138	0.072
Dock9	0.0306770497818623	-0.247931168263478	1	0.767	0.814	0.0469999999999999
Cwc27	0.0307205609548275	-0.906433169500418	1	0.062	0.122	0.06
Ndel1	0.0308544703625848	1.46627700255859	1	0.137	0.069	0.068
Srsf5	0.0309333113932205	-0.337402011178533	1	0.26	0.261	0.001
Sbf2	0.0313172598512953	0.59322486331336	1	0.581	0.426	0.155
Pip5k1b	0.0319219078510794	-0.244064432792169	1	0.189	0.165	0.024
Unc13b	0.032116924540097	-0.246315938036054	1	0.524	0.612	0.088
Plxna2	0.032590446500501	-0.666338496551209	1	0.247	0.394	0.147
Lef1	0.0330161819265581	-0.19804703091981	1	0.736	0.819	0.083
Sil1	0.0331968438405396	0.890762802190526	1	0.119	0.064	0.055
Tpd52	0.033288993189235	0.478245285156074	1	0.304	0.202	0.102
Gbp5	0.0335861596849093	-0.699915256801606	1	0.106	0.176	0.07
Rbm25	0.0335869142154062	-0.147727099666906	1	0.251	0.223	0.028
Hs3st1	0.033773098431775	0.60607811344882	1	0.198	0.117	0.081
Serinc5	0.0338177266840082	0.902670368402466	1	0.123	0.059	0.064
Plcb1	0.0338970583098792	-0.183302634042034	1	0.93	0.941	0.0109999999999999
Ube2k	0.0339810177585315	-0.613367455518686	1	0.128	0.202	0.074
Hnrnpc	0.0347687489328881	1.01322052057187	1	0.163	0.09	0.073
Gng12	0.034804709735459	0.371333052280789	1	0.211	0.144	0.067
Cdc42bpa	0.0348588080827649	0.654452563527276	1	0.273	0.17	0.103
Ubl7	0.0349245456741207	-1.332466542004	1	0.04	0.112	0.072
Hmbox1	0.0352450241942279	-0.618443340457059	1	0.308	0.378	0.07
Supt16	0.0359942726291668	-1.45593726283203	1	0.044	0.101	0.057
Tspan5	0.0365055045636029	0.305897845038836	1	0.744	0.739	0.005
Srsf4	0.0365594069140596	1.14129642461961	1	0.123	0.069	0.054
Pecam1	0.0367725832920823	0.306193266077825	1	0.612	0.484	0.128
Rapgef5	0.0374257521653083	0.597358742710869	1	0.498	0.399	0.099
Irf3	0.0374818004279202	-1.58463080291917	1	0.044	0.112	0.068
Fam13c	0.0376587826121242	-0.245151294187968	1	0.352	0.351	0.001
Cfdp1	0.0378152258960137	-0.637437276648179	1	0.084	0.128	0.044
Slc44a1	0.0380193923143162	-1.19703966968068	1	0.141	0.223	0.082
Xdh	0.038505365324514	-0.631247787575846	1	0.326	0.404	0.078
Taok1	0.0386290151759717	-0.859808145180081	1	0.093	0.186	0.093
Cfh	0.0388241177890871	-0.381007660817939	1	0.515	0.622	0.107
Zmynd11	0.0388310449463558	1.00271814549259	1	0.159	0.09	0.069
Invs	0.0389900319864666	1.9335232084575	1	0.15	0.053	0.097
Mpzl1	0.0392618876925636	0.43379639615697	1	0.423	0.33	0.093
Armh3	0.0394992157963924	0.862882752445388	1	0.132	0.085	0.047
Zup1	0.0398424565683512	-1.61765434915563	1	0.057	0.133	0.076
Sorbs1	0.0402613397682765	-0.39316296205332	1	0.674	0.718	0.0439999999999999
Lama3	0.0406272489809989	1.34472912371814	1	0.159	0.085	0.074
Pik3r3	0.0407531922580303	0.667058291303421	1	0.366	0.309	0.057
Rbpj	0.0408754291657868	0.703971794990293	1	0.106	0.069	0.037
Slc2a1	0.0409884334285818	-0.389658301404472	1	0.423	0.511	0.088
Ap3b1	0.0410039810188638	0.921307165175653	1	0.203	0.101	0.102
Fat4	0.041007173305821	0.744192039553893	1	0.159	0.117	0.042
Ctdspl2	0.041677208379916	0.416609439876126	1	0.167	0.101	0.066
Ss18	0.0422674779145188	-0.587620738906609	1	0.145	0.25	0.105
Tln1	0.0423829322962475	-1.08142555966556	1	0.062	0.106	0.044
B4galt5	0.0424782137874813	-2.42435996645558	1	0.022	0.101	0.079
Capza1	0.0426850984422407	-1.13745371298588	1	0.075	0.149	0.074
Fas	0.0428558620737333	-0.856282917952327	1	0.106	0.197	0.091
Arid4a	0.0430949296225658	-0.727277472345261	1	0.145	0.207	0.062
Ncoa6	0.0431089146043781	0.494526221356982	1	0.132	0.117	0.015
Smad2	0.0439591951039972	0.851347283951353	1	0.137	0.101	0.036
Frs2	0.0440136853569879	-0.410514225315961	1	0.11	0.101	0.00899999999999999
Ptma	0.0446985353528133	1.27524676649097	1	0.115	0.043	0.072
Pam	0.0450407264848504	-0.320948124333765	1	0.207	0.303	0.096
Ankrd13a	0.045607850274701	-1.40016670280324	1	0.066	0.154	0.088
Pik3ip1	0.0460171628594933	-1.43738776348177	1	0.057	0.117	0.06
Rbbp6	0.0461535374105959	-0.628872585881418	1	0.11	0.122	0.012
Nr3c1	0.0468817479063069	0.4438519577003	1	0.432	0.372	0.06
Fermt2	0.0470149706385328	0.874330328156288	1	0.322	0.191	0.131
Git2	0.0471291929253167	-0.386067967474677	1	0.352	0.415	0.063
Ptprj	0.0479641546703632	0.378223390599467	1	0.533	0.441	0.092
Stx7	0.0482969304487133	-0.99877382635329	1	0.062	0.112	0.05
Sec14l1	0.0486533583804887	0.782390297958682	1	0.181	0.128	0.053
Elp4	0.0495535825247021	1.07013200794337	1	0.167	0.096	0.071
Cldn5	0.0500792083147797	0.372049056141121	1	0.436	0.356	0.08
AW554918	0.0500919084038599	0.352634110125081	1	0.374	0.351	0.023
Matr3	0.0509437457178235	0.759462089696262	1	0.167	0.085	0.082
Heg1	0.0515303779706201	-0.129353117379814	1	0.749	0.723	0.026
Samd12	0.0537291520744967	0.322353229645691	1	0.63	0.633	0.003
Grk4	0.0538427787888855	-1.25293393346228	1	0.053	0.112	0.059
Ppp2r2d	0.0539231260435814	0.195566952605725	1	0.088	0.112	0.024
Lhfpl2	0.0539486916379121	0.632895025806632	1	0.269	0.202	0.067
Ube2g1	0.0541317535477455	-0.659003465530799	1	0.207	0.282	0.075
Ncoa2	0.0541716197002977	0.253019002715353	1	0.273	0.202	0.071
Usp15	0.0542852295148552	0.821028956874444	1	0.189	0.09	0.099
Man2a1	0.0543519729004927	0.595399217073192	1	0.132	0.085	0.047
Lats1	0.0548834787109836	1.19909763545315	1	0.101	0.048	0.053
Srsf3	0.0549371377470073	0.206840470603994	1	0.167	0.112	0.055
Tbck	0.0554234586935846	-1.12643126135642	1	0.093	0.154	0.061
Eea1	0.0561456619497491	0.890689412844249	1	0.225	0.154	0.071
Ltbp4	0.0565093639672632	-0.11945117699776	1	0.238	0.309	0.071
Krit1	0.0567653790012442	-1.03757973050544	1	0.07	0.138	0.068
Tgfb2	0.056827939959067	-0.704926643510653	1	0.115	0.213	0.098
Ppp1r12b	0.0573343143659798	0.817301442206148	1	0.106	0.074	0.032
Anapc1	0.0582332995953754	1.00223335534801	1	0.11	0.064	0.046
Tbl1x	0.0583989499817316	0.650509470962598	1	0.291	0.176	0.115
Mapk1	0.0588508959367588	-1.23725122103348	1	0.057	0.112	0.055
Sos1	0.058960912314224	-0.427468663606639	1	0.216	0.298	0.082
Rnf213	0.0590775357650607	0.817481577035671	1	0.172	0.133	0.039
Epc2	0.0591614597988233	-0.954101677598836	1	0.088	0.144	0.056
Fnbp1l	0.0592090794348709	-0.540591777342606	1	0.357	0.5	0.143
Cab39	0.0602906135836726	1.01863434122143	1	0.159	0.09	0.069
Phka1	0.0605453412527938	-0.910853033203429	1	0.079	0.117	0.038
Wdr33	0.0611146271839551	-0.892419243695441	1	0.211	0.324	0.113
Zbtb20	0.061464063880726	-0.213422014157649	1	0.991	0.979	0.012
Ndufs4	0.0617512887441892	-1.09615471151609	1	0.07	0.133	0.063
Prpf39	0.0620211904453748	-0.495639528893748	1	0.106	0.117	0.011
Tead1	0.0620613569937421	0.474252261643484	1	0.22	0.154	0.066
Ets1	0.0628460984205245	0.470092987187825	1	0.317	0.287	0.03
Ly6c1	0.063377065681545	-0.257839340535357	1	0.137	0.202	0.065
Kdm3a	0.0636333589415739	-0.67573265066978	1	0.123	0.181	0.058
Rab11a	0.0647753040598911	0.250105744975648	1	0.216	0.149	0.067
Map2k5	0.0648099224276932	-0.903065513533764	1	0.145	0.213	0.068
Cp	0.0650739286444917	0.214342211166768	1	0.502	0.388	0.114
Tbc1d4	0.0652557305721346	-0.361528369594444	1	0.537	0.638	0.101
Phf20	0.0666708061822911	0.528373333141065	1	0.207	0.181	0.026
Nhsl2	0.067462309879122	1.02933137509938	1	0.132	0.09	0.042
Rc3h1	0.0674905023540982	-0.711643429485181	1	0.145	0.213	0.068
Nubpl	0.067520931910339	0.992235906522694	1	0.115	0.048	0.067
Mmrn2	0.0685590763844267	0.483844153667835	1	0.106	0.101	0.00499999999999999
Ankrd17	0.0690765565459859	-0.331897343829653	1	0.225	0.314	0.089
Rab2a	0.0699513622635253	-0.971114476147147	1	0.163	0.229	0.066
Thrap3	0.070050363968899	-0.287978669481987	1	0.181	0.255	0.074
Fchsd2	0.0703086918235956	0.783631507763511	1	0.449	0.314	0.135
Chmp3	0.0713338863825338	0.523186122784815	1	0.11	0.096	0.014
Magi3	0.0717298073655	-0.711766438362667	1	0.304	0.383	0.079
Tpp2	0.0719855939531588	-1.25604261465076	1	0.048	0.106	0.058
Esr1	0.0720256903513236	1.08518570055315	1	0.15	0.106	0.044
She	0.0728617524070811	-0.42178520356742	1	0.167	0.202	0.035
Kitl	0.0736006713717166	-0.165618427450358	1	0.617	0.564	0.053
Slfn5	0.0738295994153378	-0.394653802767759	1	0.154	0.223	0.069
Tlk1	0.0742984155054099	-0.557964449197851	1	0.123	0.154	0.031
Nxn	0.0746711102505293	0.273019746602092	1	0.555	0.447	0.108
Mob2	0.0751293720014423	0.536525962195358	1	0.145	0.112	0.033
Creb3l2	0.0754418983095204	0.537771235327524	1	0.167	0.138	0.029
Sppl3	0.0756646671456596	-0.241728449990425	1	0.119	0.176	0.057
Flt4	0.0770869850997504	1.16243112008918	1	0.119	0.053	0.066
Tjp2	0.0780650350672258	0.460832523007687	1	0.348	0.271	0.077
Sik2	0.0781607767563875	-0.101309685344599	1	0.145	0.117	0.028
Paqr5	0.079728990648746	-0.399255930459435	1	0.493	0.601	0.108
Lyrm1	0.0798515576710863	-0.696335575094985	1	0.044	0.101	0.057
Stxbp3	0.0804916491858163	1.23140345373907	1	0.101	0.048	0.053
Pkn2	0.0807236149308928	0.131678794334864	1	0.273	0.218	0.055
Thsd1	0.0815106403769268	0.264711851230897	1	0.374	0.293	0.081
Syne2	0.081534883677069	0.576740323548024	1	0.454	0.34	0.114
Tek	0.081985444214473	0.247903152045293	1	0.727	0.697	0.03
Ube2h	0.0827306210481709	-0.449307716067475	1	0.163	0.223	0.06
Eif2ak2	0.082748605486128	1.16349772922226	1	0.15	0.09	0.06
Malt1	0.0837052792134819	0.851876202096664	1	0.119	0.085	0.034
Pcnx	0.0838588032492538	-0.199049067896006	1	0.317	0.309	0.00800000000000001
Apobec3	0.0840819574827427	-0.60992188824408	1	0.22	0.293	0.073
Rif1	0.0843202182832862	0.223438258993326	1	0.123	0.08	0.043
Mcm9	0.0857582108285442	-1.37092419325134	1	0.053	0.106	0.053
Pnpla6	0.0857625622487806	0.570011747918748	1	0.185	0.138	0.047
Riok3	0.0858150843668157	-1.27350638938879	1	0.053	0.101	0.048
Flt1	0.0864382941070858	0.308841661995926	1	0.969	0.952	0.017
H2-Q6	0.086859345259042	-0.216560185697214	1	0.11	0.154	0.044
Trim24	0.0871570242089597	0.194486688733658	1	0.203	0.154	0.049
Rb1cc1	0.0877509477475356	-0.646327758739165	1	0.159	0.234	0.075
Dennd3	0.0895046580356666	0.839996404658357	1	0.247	0.165	0.082
Cadm1	0.0901958535906958	0.73851716829359	1	0.194	0.128	0.066
Dgkh	0.0906787124538969	-1.08090978191813	1	0.066	0.117	0.051
Ralb	0.0910783257464652	1.26918266120227	1	0.11	0.053	0.057
Osmr	0.0912060498414666	0.482961910901192	1	0.251	0.176	0.075
Thap3	0.0912844917323387	0.247818276638298	1	0.194	0.144	0.05
Atxn7	0.09236300859039	-0.802565553712311	1	0.167	0.245	0.078
Alpk1	0.0928856431739311	-0.889345689000224	1	0.093	0.17	0.077
Mnat1	0.0929228334411575	-0.309604091041527	1	0.097	0.165	0.068
Ly6e	0.0939584083239345	-0.572143359541499	1	0.256	0.33	0.074
Gls	0.0940966337113325	0.109183683903817	1	0.172	0.133	0.039
Mysm1	0.0941377688533477	0.641789778411342	1	0.207	0.138	0.069
Akt3	0.0941865994434307	-0.315367755052337	1	0.419	0.516	0.097
Crispld1	0.0946090185131956	-0.823530826998414	1	0.176	0.25	0.074
Nrp1	0.0948285292338444	0.516939333405603	1	0.286	0.213	0.073
Dis3l2	0.0951293725100529	0.75352179892568	1	0.132	0.096	0.036
Akap12	0.0954064199916448	-0.13400002196853	1	0.101	0.085	0.016
Stk38	0.0960342131040468	-0.32147922011195	1	0.374	0.42	0.046
Jak2	0.0961002419649177	-0.362755262894493	1	0.088	0.106	0.018
Far2	0.0969412619053949	0.578469405086095	1	0.339	0.277	0.062
Ric1	0.0972371764382691	-0.193822705698377	1	0.132	0.117	0.015
Gm4951	0.0975593304011686	0.486445650486304	1	0.159	0.096	0.063
Grb10	0.0977270491157328	0.730417047653701	1	0.189	0.144	0.045
Msn	0.0979417923393835	0.977985736691662	1	0.189	0.122	0.067
Arnt	0.0980659826170827	-1.07575249430934	1	0.088	0.154	0.066
Arhgap31	0.0983033740523379	-0.120871289996501	1	0.78	0.761	0.019
Srcap	0.0983471739249961	-0.651975108418898	1	0.101	0.128	0.027
Tpd52l1	0.100460429564311	0.80934000609045	1	0.141	0.08	0.061
Trim14	0.101521937290246	0.136706048645543	1	0.11	0.133	0.023
Upf3b	0.101863963176475	0.966400686609496	1	0.106	0.074	0.032
Snd1	0.102844939372876	0.828861607302856	1	0.128	0.096	0.032
Klf6	0.103651178973659	-0.597576071468293	1	0.084	0.117	0.033
Asap1	0.103878940222153	-0.63738112862522	1	0.291	0.394	0.103
Fau	0.104853992046528	-0.78053530238595	1	0.079	0.128	0.049
Zfc3h1	0.105319200861502	0.544856499934615	1	0.189	0.154	0.035
Cnot6l	0.105815764633368	0.150979441712482	1	0.388	0.324	0.064
Psme4	0.106075331028543	1.05885671412397	1	0.115	0.08	0.035
St7l	0.10640806702674	-1.27931250855423	1	0.044	0.106	0.062
Hmg20a	0.106631762739298	-0.219833163024055	1	0.163	0.229	0.066
Arglu1	0.106945005445983	0.778023963141766	1	0.181	0.128	0.053
C2cd2	0.107282966820487	0.598588017575666	1	0.106	0.064	0.042
Mllt10	0.107327034392255	0.203789117603497	1	0.458	0.415	0.043
Clic4	0.107498907503389	0.980613045761311	1	0.348	0.218	0.13
Pum1	0.107535544156442	-0.415413117764672	1	0.159	0.17	0.011
Gimap1	0.108472542044684	-0.991511785047126	1	0.053	0.112	0.059
Herc6	0.109238476462133	0.213026982253831	1	0.194	0.149	0.045
Kif1b	0.109262777281187	-1.19721842874199	1	0.075	0.122	0.047
Ccm2	0.109976548437192	-0.787182086423067	1	0.088	0.149	0.061
Setd5	0.110634680690583	0.327709991737848	1	0.423	0.335	0.088
Ppp4r3a	0.111046956040971	0.532330045258769	1	0.119	0.09	0.029
Lpp	0.111177533791221	0.448110847441438	1	0.441	0.34	0.101
Itprid2	0.111572225976067	0.770859013788081	1	0.269	0.17	0.099
Mon2	0.11211549384365	-0.457416797769384	1	0.088	0.144	0.056
Creb1	0.112370226302887	0.545902532813817	1	0.264	0.181	0.083
Thoc2	0.112472114081564	0.265395157550729	1	0.128	0.149	0.021
Plgrkt	0.112928303714462	-0.378043071268192	1	0.07	0.122	0.052
Ngly1	0.114231170215246	0.378655856163247	1	0.11	0.069	0.041
Hycc1	0.114305329226014	-0.528280700496881	1	0.101	0.117	0.016
Herc4	0.114567891817589	-0.395981020624144	1	0.317	0.362	0.045
Itpr1	0.115171807366113	0.337246542853689	1	0.238	0.213	0.025
Ranbp2	0.115801814892173	-0.815254319377674	1	0.066	0.106	0.04
Cdc73	0.115815182169771	-1.16379750075629	1	0.097	0.186	0.089
Pbx3	0.115899733562672	0.472564860864062	1	0.3	0.282	0.018
Chchd3	0.11613617158527	0.680748773265515	1	0.119	0.096	0.023
Zfp292	0.116156059513758	-0.760631977517624	1	0.264	0.351	0.087
Trak1	0.116445210573791	-1.17479413887923	1	0.053	0.106	0.053
Ccnt1	0.116551134881378	-0.322333288728302	1	0.11	0.138	0.028
Elf1	0.117764266996784	0.293251775205624	1	0.3	0.213	0.087
Osbpl1a	0.118668164524959	0.32605769666825	1	0.286	0.218	0.068
Phf3	0.118809990176293	0.676028616355131	1	0.106	0.053	0.053
Adgrl2	0.120347157195745	0.228302542521129	1	0.507	0.468	0.039
Dnajc10	0.120603699726336	-0.62351560184757	1	0.079	0.138	0.059
Zmym5	0.121076442978308	0.574717448505307	1	0.15	0.09	0.06
Smad1	0.122315469586151	0.62301029826873	1	0.189	0.138	0.051
Gpbp1	0.122484071480463	0.645609974970192	1	0.181	0.122	0.059
Bclaf1	0.122538505001493	-0.315265173833653	1	0.119	0.144	0.025
Fbln5	0.122607197472387	1.39059444863907	1	0.128	0.059	0.069
Ndrg1	0.122638984560152	-0.598835923293935	1	0.22	0.303	0.083
Lyn	0.122646195911236	-0.412347324935588	1	0.22	0.303	0.083
Sypl	0.123341158897233	-0.649791105299338	1	0.132	0.17	0.038
Sp1	0.123506379043103	0.774629295475722	1	0.163	0.096	0.067
Gimap8	0.124633756607476	-1.20887413787371	1	0.07	0.149	0.079
Bltp1	0.12540595414664	0.462065873307413	1	0.115	0.117	0.002
Ccnl2	0.126279981149486	-0.783332421802143	1	0.154	0.229	0.075
Myo9a	0.127490041136875	0.697861348017314	1	0.115	0.101	0.014
Scaf11	0.127738108917048	0.293614001241406	1	0.163	0.117	0.046
Blmh	0.128522705476243	1.29746697860877	1	0.101	0.043	0.058
Aopep	0.12862531227057	0.170877347287275	1	0.476	0.463	0.013
Pcf11	0.128729561322434	0.751452840372072	1	0.11	0.074	0.036
Shroom2	0.129327927213618	-0.877300999508223	1	0.176	0.282	0.106
Cald1	0.129502535135978	1.00239061787544	1	0.159	0.096	0.063
Ppp4r2	0.130276442777504	0.169196510271866	1	0.093	0.106	0.013
Atp11c	0.130286060020233	0.559767248165933	1	0.405	0.293	0.112
Chic2	0.130434956681843	0.656648386505442	1	0.185	0.149	0.036
Myo6	0.130781960733339	-0.48628337765466	1	0.242	0.324	0.082
Smad7	0.131339055567655	0.510042276002973	1	0.229	0.186	0.043
Dip2b	0.132114700879409	-0.145930751533478	1	0.295	0.277	0.018
Arap2	0.132490912354417	0.832820511405408	1	0.3	0.213	0.087
Zfp207	0.132676738338755	-0.781943007393418	1	0.066	0.117	0.051
Stag2	0.132864194930523	-0.348242252426548	1	0.22	0.25	0.03
Syne1	0.133020884887622	0.503680031807288	1	0.621	0.548	0.073
Tfeb	0.133312435237059	0.668140287491141	1	0.123	0.074	0.049
Khdrbs1	0.133949615055031	-0.942628549945278	1	0.07	0.117	0.047
Abcb1a	0.134227742157486	-0.140185029377463	1	0.709	0.793	0.0840000000000001
Zzz3	0.135013271636596	-0.463640908113303	1	0.145	0.165	0.02
Serinc3	0.135035345874106	-0.445665150854851	1	0.348	0.415	0.067
Cd59a	0.135806840010614	-1.23641231615724	1	0.057	0.112	0.055
Ppm1l	0.136112397204143	1.61871363053188	1	0.119	0.059	0.06
Dido1	0.136473755511805	-0.90264793515622	1	0.07	0.122	0.052
Fmo1	0.136907877930133	-0.207093579983092	1	0.167	0.245	0.078
Egfl7	0.137201795703224	0.29883019094331	1	0.665	0.569	0.0960000000000001
Ubn1	0.137423800207176	-0.82970282807377	1	0.079	0.138	0.059
Nr1d2	0.137987803363351	-0.90333395064305	1	0.154	0.266	0.112
Ap2b1	0.138158779249871	-0.131343448875699	1	0.229	0.202	0.027
Cradd	0.138292974848946	0.409747531035177	1	0.211	0.165	0.046
Jmy	0.138486267394776	0.423210197491957	1	0.132	0.128	0.004
Rreb1	0.138708559671496	0.383297735563944	1	0.396	0.298	0.098
Skap2	0.140109929172117	1.26736840656156	1	0.119	0.069	0.05
Ehd4	0.14047493466098	0.947653464285467	1	0.163	0.096	0.067
Rasgrp3	0.140905354343104	0.595235215852602	1	0.33	0.218	0.112
Id1	0.141131923276083	-0.349363279591529	1	0.093	0.144	0.051
Zfp521	0.141331389350711	0.198096468115402	1	0.401	0.33	0.071
Gatad2b	0.141904916575734	0.374758407697029	1	0.167	0.112	0.055
Ttc28	0.14212772210263	0.242833067299352	1	0.573	0.511	0.0619999999999999
Tmtc4	0.142680530892207	-0.627720920871814	1	0.097	0.138	0.041
N4bp2l2	0.142691443718674	-0.650168986799961	1	0.088	0.144	0.056
Map4k2	0.142904003545745	0.506610493971056	1	0.163	0.112	0.051
Ints9	0.144169319527903	0.654124809215896	1	0.11	0.08	0.03
Snx13	0.144400536629917	0.195317456123016	1	0.181	0.181	0
Trappc9	0.145185648972286	-1.06038917876516	1	0.075	0.149	0.074
Pik3cb	0.14587240210875	0.941810818607386	1	0.119	0.053	0.066
Trps1	0.146259470071493	-0.434155813403467	1	0.264	0.303	0.039
Spidr	0.147159917428563	0.268493593046665	1	0.128	0.122	0.00600000000000001
Selenop	0.147305381685268	-0.619174035902089	1	0.189	0.239	0.05
Rhoj	0.147814947548604	0.571664818701946	1	0.33	0.239	0.091
Fut8	0.14818801358351	0.435683466021739	1	0.551	0.484	0.0670000000000001
Xpo7	0.148562228319642	1.41637931102245	1	0.128	0.053	0.075
Arid1b	0.149534955442583	0.280992188323208	1	0.326	0.282	0.044
Synpo2	0.150796957194296	-0.802702471307169	1	0.07	0.101	0.031
Cachd1	0.151389408924918	0.584799281077079	1	0.269	0.213	0.056
Ash1l	0.151600150587959	-0.392780302116511	1	0.322	0.399	0.077
Atl3	0.152272204947691	-0.888612451729624	1	0.084	0.165	0.081
Gch1	0.152322133452119	-0.282029622671294	1	0.106	0.144	0.038
Gstt2	0.152977902518773	-1.13245127645141	1	0.048	0.101	0.053
Rnf103	0.154867316032684	-0.586976899902479	1	0.106	0.149	0.043
Ctsc	0.15578128276789	-0.456610667493161	1	0.163	0.245	0.082
Btrc	0.155861688056795	0.107501582455586	1	0.101	0.069	0.032
Gjc1	0.156605570936425	-0.65845873669336	1	0.163	0.218	0.055
Ncoa1	0.156636767537731	-0.45926135538803	1	0.379	0.42	0.041
Ptprm	0.157473926595006	0.307493049110557	1	0.938	0.926	0.0119999999999999
Ctnna1	0.157800775537798	-0.550520627798297	1	0.33	0.415	0.085
Bnip3l	0.157983814726525	0.245814540341637	1	0.093	0.117	0.024
Ctnnd1	0.158331752602554	0.213876011776994	1	0.374	0.383	0.00900000000000001
Col4a1	0.158772307622288	0.695119084326822	1	0.194	0.16	0.034
Cep85l	0.159634388890502	0.535793929497443	1	0.291	0.197	0.094
Aven	0.160036227004386	-0.959383119109663	1	0.048	0.101	0.053
Apc	0.16011951483691	-1.02305119582148	1	0.048	0.101	0.053
Ern1	0.161086068587324	-0.369271335235887	1	0.093	0.144	0.051
Adgre5	0.161672433357644	0.329476805837869	1	0.326	0.245	0.081
Kif13b	0.162572553083276	0.299491701502125	1	0.286	0.255	0.031
Rprd1b	0.162690729910759	-0.696887077801481	1	0.093	0.117	0.024
Crlf3	0.163449677604957	-0.615762651567029	1	0.128	0.165	0.037
Tbc1d5	0.164948295326987	-0.255642541979851	1	0.436	0.532	0.096
Pibf1	0.165134391501978	-0.886383993081914	1	0.119	0.197	0.078
Itga6	0.165965035698903	0.52368791076145	1	0.423	0.372	0.051
Mrtfb	0.166012701078741	0.236320316209728	1	0.806	0.729	0.0770000000000001
Mbnl2	0.166669454682474	-0.440805135823974	1	0.352	0.426	0.074
Timp3	0.166699193138605	-0.117345781750837	1	0.181	0.218	0.037
B2m	0.167532473702869	0.462640316775424	1	0.145	0.096	0.049
Lrmda	0.167618486148697	0.442636294988761	1	0.515	0.447	0.068
Elk4	0.168143562025411	0.737480692893714	1	0.132	0.101	0.031
Raf1	0.168301402126614	1.2104101900548	1	0.119	0.059	0.06
Pds5b	0.169029430948797	-0.685719652841138	1	0.256	0.372	0.116
Sipa1l3	0.169298700964737	-0.78404064705821	1	0.11	0.149	0.039
Pnn	0.169600874040612	0.495196372670219	1	0.106	0.09	0.016
Dipk1a	0.169659728112235	0.830081601691877	1	0.15	0.106	0.044
Stat2	0.172616675807663	0.790358466229167	1	0.141	0.074	0.067
Marchf7	0.172859848305589	0.190507732866698	1	0.278	0.239	0.039
Tns1	0.173001212366644	0.288429604059013	1	0.476	0.42	0.056
Scmh1	0.173514832890359	-0.313090842754271	1	0.326	0.351	0.025
Zswim6	0.173561604762623	-0.397006265702409	1	0.185	0.191	0.00600000000000001
Eya3	0.174763134280551	0.848786198904801	1	0.101	0.08	0.021
Cuedc1	0.175662463571743	-0.515480109016404	1	0.167	0.197	0.03
Eps15	0.175800338508792	0.667901447325683	1	0.189	0.117	0.072
Atp11b	0.177162628179412	0.849310898183566	1	0.128	0.085	0.043
Hmgxb4	0.178267719813921	0.581160367920629	1	0.123	0.09	0.033
Arhgef28	0.179091411777004	0.694315327327879	1	0.225	0.191	0.034
Oasl2	0.17937138806497	0.552234489587204	1	0.145	0.096	0.049
Rasgrf2	0.179411860223701	0.811684531205657	1	0.137	0.09	0.047
Nova2	0.182202797767284	0.758210656568427	1	0.198	0.122	0.076
Ythdc1	0.183027671740408	0.595755839628951	1	0.211	0.144	0.067
Ushbp1	0.183280282864646	-0.252096027536077	1	0.3	0.309	0.00900000000000001
Ep400	0.183591622131876	0.507233387087013	1	0.189	0.154	0.035
Lsm14a	0.183938298122911	-0.460745845081216	1	0.119	0.149	0.03
Slc16a2	0.184001377487325	-0.347945873887139	1	0.396	0.495	0.099
Il6ra	0.18547690551687	0.887639164138102	1	0.154	0.096	0.058
Ybx3	0.185555288106489	0.857161912894334	1	0.106	0.069	0.037
Ip6k1	0.186325465678974	-0.463269980472196	1	0.167	0.197	0.03
Rph3al	0.188273819334034	0.838085628214315	1	0.106	0.053	0.053
Ambra1	0.18868673236941	0.227399576738016	1	0.233	0.207	0.026
Ifnar1	0.189021485047367	0.103494919623821	1	0.216	0.181	0.035
Ubr2	0.189631115168429	-0.827995604742548	1	0.075	0.128	0.053
Ppp2r3a	0.189928299288047	-0.18155792396117	1	0.084	0.128	0.044
Syt1	0.190140430197266	-0.189610811934414	1	0.458	0.473	0.015
Nampt	0.191251849534668	-0.474642563514632	1	0.229	0.277	0.048
Mtpap	0.191684371038515	-0.760678509098137	1	0.119	0.165	0.046
Rb1	0.192109973679017	-0.174791261055878	1	0.233	0.229	0.004
Klf7	0.193261221890866	0.15572358402585	1	0.441	0.367	0.074
Tet3	0.193810496441929	-0.509964243485042	1	0.088	0.112	0.024
H3f3b	0.193982214939388	-0.436613528233852	1	0.137	0.197	0.06
Eif4g3	0.194139746893338	0.611984258080956	1	0.101	0.08	0.021
Rfc1	0.194289518688658	-0.301698953432327	1	0.084	0.122	0.038
Vegfd	0.19464430797978	-0.479093005423164	1	0.101	0.17	0.069
Gab1	0.195058449309509	0.252819503948774	1	0.361	0.324	0.037
Pkn1	0.195512466669406	1.18116911002885	1	0.167	0.09	0.077
Chd2	0.196630465339196	-0.607688513742761	1	0.172	0.245	0.073
Dock1	0.19681341021441	0.490962999553203	1	0.595	0.495	0.1
Ncoa3	0.196838627757275	0.407228612397182	1	0.181	0.176	0.005
Eng	0.197148045134201	0.352370250435725	1	0.423	0.346	0.077
Ep300	0.198134898610811	-1.16322320362603	1	0.075	0.128	0.053
Syncrip	0.198717567452697	0.396045763245532	1	0.141	0.133	0.00799999999999998
Ankfy1	0.199383306987121	0.370114043902651	1	0.123	0.085	0.038
Sfswap	0.200615268961779	-0.722134583429817	1	0.101	0.149	0.048
Atp8b1	0.201058535412555	1.23183820167203	1	0.145	0.069	0.076
Sptan1	0.202614975044702	-0.143822013673586	1	0.313	0.303	0.01
Cbl	0.202704549142525	0.482073329821817	1	0.137	0.117	0.02
Clec14a	0.20292918438845	-0.246597616098185	1	0.123	0.16	0.037
Mtss1	0.203139776547828	0.316820772718175	1	0.476	0.388	0.088
Flrt2	0.203366814829823	-0.306322162450484	1	0.388	0.489	0.101
Svil	0.203707587016227	-0.401505488479926	1	0.392	0.415	0.023
Ets2	0.204555581843867	1.02056700507156	1	0.101	0.053	0.048
Zic2	0.205410872622035	0.902040432817657	1	0.106	0.059	0.047
Rgs12	0.205818475980367	-0.209135619413729	1	0.159	0.213	0.054
Il17rd	0.205991067541425	0.654633837644803	1	0.167	0.128	0.039
Jcad	0.207118319511431	0.234030373543769	1	0.445	0.447	0.002
Calcrl	0.207537677533825	-0.236775178617113	1	0.308	0.41	0.102
Ppp6r3	0.209279588996108	0.297751728988894	1	0.273	0.218	0.055
Kdm5a	0.209998261836228	-0.563913349960416	1	0.115	0.144	0.029
Mprip	0.210337402786188	-0.180952908001947	1	0.37	0.356	0.014
Epb41l2	0.210946606896738	-0.633300819916592	1	0.132	0.207	0.075
Picalm	0.211158908458121	0.112515216860836	1	0.405	0.33	0.075
2900026A02Rik	0.211196804881045	0.529429690153239	1	0.233	0.165	0.068
Gpd2	0.211273238043712	-0.369019924406516	1	0.383	0.436	0.053
Pkig	0.21146202353871	-0.635808755449267	1	0.167	0.229	0.062
Cept1	0.211724782924686	0.42737691036168	1	0.154	0.101	0.053
Baz1b	0.212646958535692	-0.285421893421137	1	0.123	0.138	0.015
Casp12	0.212698444062366	0.704754844678799	1	0.141	0.101	0.04
Plscr1	0.212890587250626	0.765335911654976	1	0.106	0.059	0.047
Tra2a	0.212993930202411	0.310430230461101	1	0.189	0.165	0.024
Skil	0.214622768041427	0.275816712527897	1	0.106	0.101	0.00499999999999999
Mcmbp	0.215073577990269	0.79342545081647	1	0.132	0.106	0.026
Sptlc2	0.215241282785809	-0.28414103250292	1	0.282	0.319	0.037
Cdh13	0.215651860569916	-0.258642938441253	1	0.093	0.122	0.029
Slc1a1	0.215889362471926	0.96054869482721	1	0.123	0.09	0.033
Unc13c	0.216432179017073	0.217813098547791	1	0.141	0.16	0.019
Tut4	0.217076521231299	-0.204657569693249	1	0.11	0.154	0.044
Sncaip	0.217368982244958	0.273474379546693	1	0.22	0.165	0.055
Nxpe4	0.218049545746394	0.206374896947275	1	0.67	0.649	0.021
Taf3	0.218850130563947	-0.67452396265969	1	0.137	0.207	0.07
Cog5	0.219256015277319	0.342229911855118	1	0.339	0.293	0.046
Slco2b1	0.219289677373712	0.11496753209407	1	0.251	0.207	0.044
Mideas	0.219600137885941	-0.498323686206119	1	0.084	0.133	0.049
Xrn2	0.220122097737265	-0.289279928369519	1	0.115	0.16	0.045
Tspan13	0.220992253022401	-0.157984397746154	1	0.163	0.213	0.05
Cpd	0.221950580633834	0.47706419306375	1	0.119	0.106	0.013
Zfp609	0.222127203689082	0.282782360352495	1	0.101	0.117	0.016
Gk5	0.222306175766363	0.761950845407781	1	0.119	0.064	0.055
Zfhx3	0.222562076938906	0.36255339150509	1	0.15	0.133	0.017
Qki	0.222825205752407	-0.18093331869809	1	0.661	0.707	0.0459999999999999
Plcb4	0.223454782354943	-0.100327927947414	1	0.731	0.777	0.046
Tmem245	0.224364019759076	0.701783201550818	1	0.189	0.133	0.056
Ktn1	0.224424300294808	0.55321028054143	1	0.163	0.112	0.051
Nostrin	0.225781683447441	-0.527190880153793	1	0.392	0.463	0.071
Stk24	0.225827676006952	0.444846032161555	1	0.216	0.181	0.035
Ppp1r2	0.22741524889879	0.271794615965972	1	0.291	0.223	0.068
Arid1a	0.228259686362962	-0.391908756019509	1	0.141	0.149	0.00800000000000001
Grb14	0.228660584269479	0.301528032436369	1	0.3	0.303	0.003
Csde1	0.228913746416165	0.925996348693062	1	0.185	0.112	0.073
Fnip2	0.230058665657591	-0.199224826592445	1	0.119	0.154	0.035
Ppp2r5a	0.230123983869305	0.369682496987126	1	0.269	0.261	0.00800000000000001
Stat1	0.230215376988539	1.1029446164809	1	0.145	0.101	0.044
Usp25	0.230338395369597	0.164729526046613	1	0.203	0.202	0.001
Prkd3	0.231015479406173	0.295176088050047	1	0.229	0.207	0.022
Stard8	0.231433696108095	0.568898308494526	1	0.128	0.085	0.043
Por	0.232090488251405	-1.43271148565564	1	0.075	0.154	0.079
Ppp4r3b	0.232310809051847	-0.380763670926677	1	0.15	0.16	0.01
Ocln	0.23295971496987	-0.143882954956002	1	0.419	0.399	0.02
B230219D22Rik	0.233068424435339	1.04373986300645	1	0.128	0.069	0.059
Pcca	0.233128675183058	0.385701757820579	1	0.485	0.399	0.086
Ppp6c	0.233822128589329	-1.17816784595684	1	0.062	0.112	0.05
Bend7	0.233929048009678	-0.744611989720275	1	0.097	0.154	0.057
Jarid2	0.235273936760811	-0.365199073718432	1	0.159	0.239	0.08
Eml1	0.235915797000735	-0.437457020141561	1	0.154	0.213	0.059
Smarca2	0.237532678703942	0.182407130716121	1	0.463	0.426	0.037
Wdr26	0.23757632239996	-0.472076104297857	1	0.093	0.154	0.061
Itga5	0.237839230797473	1.00216805160376	1	0.101	0.059	0.042
Trim25	0.238133641219075	-0.570410734532877	1	0.115	0.149	0.034
Gse1	0.239831027750305	-0.57425519530049	1	0.229	0.309	0.08
Nup160	0.240602394970824	1.00184129214858	1	0.106	0.059	0.047
Marchf3	0.240744383727736	0.327404435613962	1	0.326	0.261	0.065
Maml2	0.240956244200534	-0.230130670399233	1	0.709	0.718	0.00900000000000001
Aftph	0.241608328275918	0.138955253360447	1	0.181	0.138	0.043
Tmem164	0.24174946490367	0.444961866356454	1	0.22	0.17	0.05
Ssh2	0.242141544412573	0.421480810313204	1	0.454	0.394	0.06
Nek7	0.243534681928877	0.331459905831839	1	0.454	0.335	0.119
Rapgef4	0.244535306225775	0.408749245922269	1	0.383	0.324	0.059
Cd34	0.245376802905062	-0.54832537749669	1	0.123	0.17	0.047
Dab2ip	0.24569224784885	0.158367729374572	1	0.3	0.314	0.014
Cnot6	0.246995068505756	-0.669137243602091	1	0.11	0.154	0.044
Hif1a	0.249010907991599	-0.217965570938771	1	0.15	0.202	0.052
Mob3b	0.249387232223052	0.208163670074788	1	0.242	0.25	0.00800000000000001
Mxi1	0.249738536001613	-0.641836102157142	1	0.07	0.106	0.036
Brd4	0.249932951237921	0.522790646324529	1	0.282	0.197	0.085
Wwp2	0.251873153337716	0.257412939906388	1	0.11	0.117	0.00700000000000001
Srsf7	0.252943422630737	-0.927196810951223	1	0.07	0.133	0.063
Uhrf2	0.253661819003941	0.333152782701038	1	0.216	0.165	0.051
Smchd1	0.254536906163827	0.471843473569091	1	0.269	0.213	0.056
Auts2	0.255056384115158	-0.379537369809511	1	0.542	0.569	0.0269999999999999
Apod	0.255229905764179	0.3312664110377	1	0.159	0.112	0.047
Mndal	0.255273616998719	1.0236194398381	1	0.106	0.059	0.047
Wwtr1	0.256449867538201	-0.164759922178571	1	0.419	0.415	0.004
Nherf2	0.256525883483982	-0.426968301085454	1	0.159	0.176	0.017
Prrg1	0.256822991294207	-0.157957071537275	1	0.26	0.271	0.011
Phactr4	0.25767500774874	-0.574787806909121	1	0.189	0.239	0.05
Vps13b	0.25814911469104	0.31403555089908	1	0.304	0.277	0.027
Agrn	0.258244089113139	-0.570670597194264	1	0.145	0.218	0.073
Rsrc2	0.258296075514588	0.781461489114414	1	0.119	0.08	0.039
Nxpe2	0.258921679189515	0.327190098170362	1	0.335	0.309	0.026
Rptor	0.259216629339992	-0.693164680304456	1	0.088	0.133	0.045
Tpk1	0.259380802809694	-0.200971939819099	1	0.163	0.229	0.066
Ehmt1	0.26092148626127	-0.355306154183651	1	0.106	0.128	0.022
Actb	0.261089068919547	0.909270787892283	1	0.159	0.096	0.063
Dnm2	0.261482609833057	-0.218442901518691	1	0.185	0.234	0.049
Bptf	0.264298077052244	-0.148729878625396	1	0.167	0.149	0.018
Csmd1	0.264743699305066	-0.110320827471147	1	0.511	0.537	0.026
Ptpn12	0.265093245438536	-0.284088717760673	1	0.185	0.218	0.033
Myo1b	0.265318626244085	0.45903934431639	1	0.286	0.239	0.047
St8sia6	0.265640123335463	0.211099437050919	1	0.172	0.186	0.014
Cyp2d22	0.266354115078221	-0.455187568133594	1	0.075	0.122	0.047
Cntln	0.266595933970289	0.165416097556356	1	0.207	0.176	0.031
Arhgef2	0.266795487524553	0.410616738821996	1	0.238	0.186	0.052
Plcg1	0.267192978434171	-0.45782915091337	1	0.225	0.266	0.041
Phlpp1	0.267300397893578	0.235308096649885	1	0.159	0.197	0.038
Zbtb38	0.267980772175872	-0.551172286384574	1	0.075	0.106	0.031
Ulk2	0.268466427282894	-0.749518707287374	1	0.106	0.154	0.048
Ctcf	0.26869525144612	0.570517695176656	1	0.176	0.144	0.032
Fmnl3	0.270671915562735	0.522977877599624	1	0.203	0.181	0.022
Sdk1	0.272724237780147	0.26313112668681	1	0.123	0.085	0.038
Dcun1d3	0.274849061494192	0.110899960388922	1	0.273	0.234	0.039
Rnf38	0.275373644437299	0.462205611358728	1	0.278	0.207	0.071
Arid4b	0.278343088643097	-0.53250759037973	1	0.097	0.128	0.031
Tle1	0.278449019211545	-0.697069626498005	1	0.194	0.234	0.04
Mal	0.279166113567415	-0.733496529992565	1	0.088	0.133	0.045
Itm2b	0.279322917228266	-0.127700234332754	1	0.225	0.245	0.02
Ptpra	0.27986298450703	-0.642216863220133	1	0.088	0.128	0.04
Pou2f1	0.280337366202823	-0.312324918528014	1	0.097	0.138	0.041
Pds5a	0.281182308737091	-0.380950669503854	1	0.198	0.218	0.02
Mcl1	0.281649646848171	0.171996968485201	1	0.101	0.112	0.011
Rpl13	0.282802884349322	0.409904256992856	1	0.115	0.08	0.035
Virma	0.283706894347639	1.41501083146176	1	0.106	0.048	0.058
Itch	0.284418778436673	0.738373079744845	1	0.207	0.138	0.069
Rap1b	0.285250229496369	0.285768072731492	1	0.207	0.202	0.00499999999999998
Mbtd1	0.285393574904827	0.614752920542748	1	0.101	0.059	0.042
Apoe	0.28563344928986	-0.41718713037896	1	0.159	0.229	0.07
Gpr146	0.285848012917638	-1.36618881684365	1	0.048	0.101	0.053
Tln2	0.286051676335447	-0.496190789077003	1	0.11	0.154	0.044
Phf21a	0.2861628083945	-0.523812726415501	1	0.291	0.41	0.119
S1pr1	0.286910256983315	0.808475922736822	1	0.203	0.138	0.065
Wtap	0.287269253775823	0.694467424604769	1	0.123	0.074	0.049
Akap10	0.287415791533349	0.639170551334662	1	0.207	0.128	0.079
Fbxw11	0.287995165951232	-0.38866878880908	1	0.185	0.245	0.06
Atp10d	0.288267723232581	0.327880339529932	1	0.436	0.378	0.058
Faf1	0.289456626992873	-0.553571722815774	1	0.145	0.191	0.046
Smurf2	0.289464805496508	0.318501490388953	1	0.339	0.287	0.052
Tamalin	0.290489402732844	-0.435760801693149	1	0.115	0.138	0.023
Kansl1l	0.290656976024927	-0.361238501816171	1	0.242	0.245	0.003
Maob	0.290745795899322	0.212377817799206	1	0.119	0.122	0.003
Atrnl1	0.290817155037151	0.283688491883172	1	0.233	0.207	0.026
Prex2	0.290876005527715	-0.210192951324856	1	0.775	0.809	0.034
Trim33	0.293263136661584	-0.67294774926618	1	0.07	0.122	0.052
Lgals9	0.294459009931815	-0.493757902095723	1	0.075	0.112	0.037
Rbm5	0.294689606918559	-0.466822467002659	1	0.172	0.234	0.062
Cbx1	0.295698342563306	0.601939554413707	1	0.167	0.101	0.066
Kat6b	0.296644563675978	0.167942170239376	1	0.163	0.17	0.00700000000000001
Sec22a	0.297055424909588	-0.811613229378885	1	0.066	0.112	0.046
Srek1	0.297396866760278	-0.780367202717266	1	0.066	0.133	0.067
Gna13	0.29809400645258	-0.331011728599588	1	0.088	0.101	0.013
Tcf7l2	0.298626163490651	0.571373162753071	1	0.256	0.213	0.043
Pum2	0.298695505357087	-0.413979338248154	1	0.282	0.335	0.053
Mertk	0.298839013496387	-0.3607473035001	1	0.269	0.319	0.05
Mat2a	0.298851087074729	0.768775052799374	1	0.115	0.074	0.041
Chd7	0.300220346715713	-0.299469978592568	1	0.106	0.106	0
Cdc42bpb	0.3006260567354	-0.443436445578133	1	0.132	0.181	0.049
Rbm20	0.301305994427803	0.254741927451091	1	0.172	0.17	0.00199999999999997
Msrb3	0.301727563880303	0.375753278327321	1	0.286	0.261	0.025
Dmxl1	0.302016165724716	-1.05856039208913	1	0.07	0.133	0.063
Nav3	0.302097532630173	-0.10235897959053	1	0.339	0.34	0.001
Ubap2l	0.302121773903686	0.364830534768555	1	0.15	0.128	0.022
Acin1	0.302603532636094	-0.544230937846578	1	0.159	0.191	0.032
Fn1	0.302869299792631	-0.338196928311434	1	0.366	0.394	0.028
F11r	0.302951145169781	0.101818690651765	1	0.137	0.117	0.02
Uvrag	0.303022196683238	-0.314711876681723	1	0.304	0.388	0.084
Adam10	0.303742877870204	0.362789405552653	1	0.423	0.367	0.056
Dlc1	0.306042099026729	0.512566721913985	1	0.295	0.213	0.082
Marf1	0.308307149551713	-0.556406222799526	1	0.115	0.138	0.023
Kank4	0.308975737373925	0.897916730136466	1	0.154	0.085	0.069
Crebbp	0.309519727792835	0.115959863906078	1	0.449	0.415	0.034
Sh3pxd2a	0.309521780282201	0.782056100705851	1	0.11	0.059	0.051
Arl15	0.310030327670673	0.551942958741597	1	0.652	0.622	0.03
Psma3	0.31078935304526	0.593468060676822	1	0.11	0.09	0.02
Hivep1	0.311538158994258	-1.25813195608214	1	0.053	0.117	0.064
Rnf144b	0.312798879253609	-0.324050329397902	1	0.216	0.266	0.05
Mms19	0.313822018015419	0.795523513405473	1	0.145	0.096	0.049
Cnot4	0.314082869629069	0.24616565492835	1	0.3	0.271	0.029
Mdfic	0.31413175271651	0.886098268081116	1	0.15	0.106	0.044
Lrrk1	0.314543044377556	0.158473962863793	1	0.322	0.346	0.024
Pwwp2a	0.314962860593728	0.530458992764319	1	0.145	0.122	0.023
Cbfa2t3	0.316121677854615	-0.687754531123933	1	0.075	0.106	0.031
Tmod3	0.31678591997822	0.406771716882012	1	0.313	0.239	0.074
Rheb	0.316966761132897	0.657875582476705	1	0.163	0.101	0.062
Col4a2	0.317146051653708	0.489141606941556	1	0.176	0.128	0.048
Erap1	0.317635108782597	-0.663451084720227	1	0.062	0.106	0.044
Spata6	0.317857927762035	-0.401199440722298	1	0.189	0.218	0.029
Ccdc141	0.318125940219258	-0.298792305406932	1	0.678	0.745	0.0669999999999999
Podxl	0.319285232537405	0.377178280029819	1	0.291	0.277	0.014
Atp10a	0.319820046186724	-0.172176632639623	1	0.784	0.856	0.072
Arhgap26	0.319983039104367	-0.451030678180927	1	0.449	0.553	0.104
Sdcbp	0.320480871610515	-0.999899243179363	1	0.057	0.112	0.055
Nfkb1	0.320951137600217	-0.155554958778398	1	0.242	0.245	0.003
Vwa1	0.321024558013195	0.166334070306686	1	0.119	0.085	0.034
Jag1	0.32150608389759	0.644350484583743	1	0.172	0.106	0.066
Klhl24	0.32407549901505	-0.158987564372838	1	0.093	0.117	0.024
Lats2	0.324345395563343	-0.497764546293787	1	0.123	0.154	0.031
Snapc3	0.324474441023952	0.733419015734729	1	0.119	0.08	0.039
Gps2	0.32604363757885	0.338523186243957	1	0.11	0.101	0.00899999999999999
Apcdd1	0.326352959663825	-0.280187549139397	1	0.176	0.245	0.069
Nr2f2	0.326523379964245	0.554569606206783	1	0.128	0.117	0.011
Sav1	0.327658361298107	0.615035196188208	1	0.128	0.09	0.038
Efr3b	0.328270565759441	0.16509395562449	1	0.251	0.207	0.044
Col6a6	0.329238846579996	-0.431897008393504	1	0.128	0.144	0.016
Edn1	0.329979639902456	1.07024960396111	1	0.11	0.064	0.046
Reck	0.330563413969389	0.696810224680346	1	0.3	0.229	0.071
Iigp1	0.331755130802803	0.859331521914916	1	0.145	0.112	0.033
Bcl2l1	0.332142303050474	-0.344460245884561	1	0.344	0.351	0.00700000000000001
Resf1	0.332149518137205	-1.11169660458615	1	0.066	0.106	0.04
Slco1c1	0.332209004725381	-0.508008532189219	1	0.511	0.601	0.09
Grik2	0.332221265333264	-0.799957813764558	1	0.062	0.106	0.044
Slc12a6	0.332341787784239	-0.475457940561987	1	0.278	0.351	0.073
Xpo1	0.334548426390852	-0.613963664368123	1	0.093	0.112	0.019
Tacc1	0.335121531014147	-0.224872560046396	1	0.41	0.436	0.026
Cyyr1	0.335147115027108	0.24195801244331	1	0.696	0.654	0.0419999999999999
Xrn1	0.335398359863913	-0.274281452604623	1	0.203	0.213	0.00999999999999998
Rnf216	0.335685377817909	-0.521283897732542	1	0.176	0.229	0.053
Cxcl12	0.336022289324342	-0.569233028481699	1	0.141	0.181	0.04
Serbp1	0.336735495300264	0.160241773819371	1	0.167	0.128	0.039
Hnrnpa3	0.336853817512715	0.212872896739939	1	0.273	0.213	0.06
Rbm39	0.337425988536067	-0.374503933742727	1	0.537	0.633	0.096
Gata2	0.338437345773807	-0.151476590535877	1	0.141	0.122	0.019
Rapgef1	0.339489584783376	0.635199195326266	1	0.317	0.245	0.072
Prkce	0.339733413618488	0.868899173691879	1	0.123	0.064	0.059
Adgrg6	0.33988628966652	-0.463453635365976	1	0.229	0.298	0.069
Mosmo	0.340222316109589	0.745489222186545	1	0.101	0.069	0.032
Tgfbr1	0.341482962524604	-0.508279144546813	1	0.115	0.138	0.023
Vps36	0.341741663157891	0.106983360872148	1	0.088	0.101	0.013
Rab14	0.34299544208642	0.548277663137066	1	0.123	0.09	0.033
Ddx6	0.343360245942855	-0.20644861947321	1	0.269	0.298	0.029
Arhgap12	0.344514314303438	-0.182830049123178	1	0.264	0.234	0.03
Myrip	0.34588663056098	-0.370429299721861	1	0.41	0.484	0.074
Arhgef15	0.345902015320227	-0.263609316819822	1	0.154	0.17	0.016
Limch1	0.346149128246462	-0.265309524289655	1	0.59	0.638	0.048
Dpp8	0.347125462514599	-0.550717540695963	1	0.15	0.202	0.052
Ephx1	0.34778442053681	0.325050674200108	1	0.119	0.101	0.018
Rai1	0.34938533257876	-0.56648037243933	1	0.119	0.176	0.057
Laptm4a	0.349457393314219	-0.366967717896016	1	0.115	0.154	0.039
Kat6a	0.349483936373469	-0.297104527060027	1	0.247	0.298	0.051
Ube2d3	0.352385806440479	0.175429766853685	1	0.159	0.165	0.00600000000000001
Ptpn14	0.353170626309843	-0.42408199203536	1	0.335	0.399	0.064
Atad2b	0.35334864152251	-0.256271427014648	1	0.163	0.191	0.028
Afap1l1	0.355597424285977	0.173694307273166	1	0.339	0.314	0.025
Polk	0.355626906001152	-0.200963141043025	1	0.515	0.596	0.081
Pde8a	0.357659373601314	-0.232607565267244	1	0.379	0.436	0.057
Thada	0.357982118469732	0.197312889134972	1	0.145	0.117	0.028
Tmem51	0.358126272773398	-0.28482034377624	1	0.097	0.138	0.041
Hltf	0.358393127604094	0.196189942637047	1	0.128	0.106	0.022
H3f3a	0.359183351931867	0.169346504515738	1	0.123	0.09	0.033
Foxo1	0.359298397895292	-0.16583576870833	1	0.379	0.383	0.004
Cmtm8	0.360764740230095	0.676554913429911	1	0.101	0.09	0.011
Stxbp6	0.360971464726757	-0.208854223057951	1	0.463	0.553	0.09
Fip1l1	0.361532318406751	-0.375812608923754	1	0.075	0.128	0.053
Aplp2	0.361573235348959	-0.359364065223947	1	0.154	0.186	0.032
Tmeff1	0.36163978616049	0.650868790949004	1	0.132	0.112	0.02
Rnf125	0.364667903840268	-0.307898114734285	1	0.128	0.149	0.021
Ston1	0.364959863260351	-0.608290012563179	1	0.066	0.101	0.035
Cdk6	0.365449221625382	-0.523673319030618	1	0.141	0.207	0.066
Stim2	0.36611005471408	-0.163013817938693	1	0.308	0.303	0.005
Uaca	0.36699136576663	0.50856571591075	1	0.317	0.213	0.104
Gtf3c2	0.368169966243872	0.801671643965263	1	0.137	0.069	0.068
Eln	0.368333622194662	0.634715292590728	1	0.291	0.277	0.014
Mgat4a	0.368423119629998	0.438265064552544	1	0.11	0.08	0.03
Cgnl1	0.368488563386883	0.272165393831721	1	0.352	0.319	0.033
Wnk1	0.371277109957907	0.60589224819853	1	0.344	0.271	0.073
Ank3	0.371604492594929	-0.342196096054417	1	0.189	0.239	0.05
Eml4	0.37176556535237	0.170181233542198	1	0.15	0.154	0.004
Zc3hav1	0.372095807034193	0.212152193765125	1	0.132	0.112	0.02
Dennd6a	0.372371950551421	0.266642724761363	1	0.167	0.128	0.039
Coa8	0.372762347401109	-0.34848068807449	1	0.079	0.101	0.022
Sik3	0.37345718553303	0.392255108398544	1	0.317	0.277	0.04
Rassf3	0.37409906784223	0.16825047389462	1	0.291	0.239	0.052
Kcnma1	0.375550958743664	-0.106171202867043	1	0.22	0.271	0.051
Nav1	0.375730398839001	0.590771028386684	1	0.432	0.319	0.113
Rai14	0.376396291724196	0.183716017240679	1	0.348	0.266	0.082
Zmiz1	0.377149398627685	0.434087979230242	1	0.419	0.319	0.1
Ntn1	0.377233514468753	0.329840251882148	1	0.216	0.16	0.056
Elf2	0.377247785542153	-0.516151028619381	1	0.273	0.324	0.051
Gpbp1l1	0.377551665484267	-0.289949087728719	1	0.132	0.133	0.001
Hnrnph3	0.378512270993076	0.109228904162583	1	0.115	0.122	0.00699999999999999
Il10rb	0.378564265389506	0.14510136661087	1	0.11	0.096	0.014
Lrch3	0.37886526632745	-0.242577402112885	1	0.339	0.356	0.017
Rgs3	0.379423116648229	0.121231033486696	1	0.229	0.255	0.026
Stx3	0.380490567512575	-0.55261232002302	1	0.119	0.165	0.046
Kank2	0.381571312698658	-0.213410048572133	1	0.145	0.149	0.004
Prom1	0.383198490360348	-0.291157112752581	1	0.405	0.452	0.047
Dop1a	0.38392650193266	0.160399049000996	1	0.256	0.218	0.038
Chn2	0.384341243112862	-0.210509208578311	1	0.714	0.729	0.015
Vim	0.385315614179221	0.507807954665883	1	0.101	0.09	0.011
Tbc1d12	0.386656416882993	0.618664186632586	1	0.163	0.122	0.041
Pkd2	0.386669176546303	0.601626165357291	1	0.22	0.144	0.076
Fam120a	0.387412270650976	1.0661125953904	1	0.123	0.064	0.059
Cav1	0.387441404871128	0.494787457162511	1	0.291	0.25	0.041
Aqp11	0.387851418910979	-0.74740951859436	1	0.132	0.186	0.054
Prdm5	0.389196311538918	-0.108868823316316	1	0.273	0.255	0.018
Lsr	0.39039414096208	0.519632918060326	1	0.189	0.149	0.04
Lnpep	0.390686892498067	0.274391554542647	1	0.238	0.234	0.00399999999999998
Lingo2	0.390804569800185	-0.391429847065945	1	0.141	0.181	0.04
Pdcd10	0.391110016509738	0.499750654125827	1	0.128	0.106	0.022
Lima1	0.391202570678939	0.354194316735546	1	0.41	0.351	0.059
Umad1	0.392169379241157	0.2538976657693	1	0.132	0.128	0.004
Dhx40	0.393548301265437	-1.06476785561849	1	0.07	0.128	0.058
Dlg1	0.395402399404425	-0.267346758811232	1	0.093	0.117	0.024
Actr3	0.395826667066766	0.163556875292379	1	0.154	0.154	0
Vkorc1l1	0.396356893489441	0.890996718237959	1	0.115	0.069	0.046
Snx24	0.396974315638616	0.618425779144073	1	0.159	0.128	0.031
Wac	0.397414077235363	0.306091166002742	1	0.33	0.298	0.032
Atp8a1	0.397610672057284	-0.323906087659485	1	0.463	0.516	0.053
Kpna4	0.39812044860619	-0.617101889140415	1	0.185	0.239	0.054
Pitpna	0.400907561776635	-0.380877764175516	1	0.15	0.165	0.015
Pias1	0.400972571370142	0.269410225346294	1	0.172	0.165	0.00699999999999998
Nsmce2	0.401053091046166	-0.462718567706854	1	0.141	0.181	0.04
Sf3b1	0.402800462562434	0.482261384578738	1	0.242	0.181	0.061
Pot1b	0.403755414895661	0.633357613101563	1	0.128	0.096	0.032
Lgals8	0.403893807035783	0.667054230523649	1	0.123	0.074	0.049
Ttc14	0.403969549458639	0.553234637587898	1	0.119	0.074	0.045
Fgf12	0.404093395648567	-0.343652988193726	1	0.242	0.298	0.056
Nhsl1	0.405801698113701	-0.106084535257526	1	0.383	0.447	0.064
Magi2	0.406154968625484	-0.287356599764831	1	0.493	0.532	0.039
Ppp3cb	0.406184549155298	0.155552500747176	1	0.106	0.085	0.021
Numb	0.406297964889137	0.241414800283667	1	0.366	0.335	0.031
Zbtb46	0.406975005751736	0.363208257985696	1	0.207	0.202	0.00499999999999998
Susd6	0.407466703604132	-0.491426804011128	1	0.348	0.441	0.093
Tfrc	0.410201298887181	-0.575799497041893	1	0.251	0.277	0.026
Rere	0.411116909681914	-0.162115998420974	1	0.555	0.644	0.089
Kif13a	0.411407579971893	-0.331652111304356	1	0.163	0.176	0.013
Eif4a2	0.412884300875611	0.226641098034354	1	0.132	0.128	0.004
Babam2	0.413173394895737	-0.241479733199609	1	0.291	0.314	0.023
Prdm2	0.414437675990791	0.171719477482844	1	0.181	0.176	0.005
Cpt1a	0.414437708670231	-0.276016713762939	1	0.11	0.112	0.002
Zfp36l1	0.415834065707031	-0.37178966069804	1	0.145	0.17	0.025
Ubxn7	0.419147506624724	0.2606663183586	1	0.115	0.09	0.025
Cwf19l2	0.419840052720944	-0.629141601332434	1	0.141	0.197	0.056
Zfr	0.423001479155679	-0.238960821725431	1	0.132	0.154	0.022
Lrrc7	0.423512826172257	-0.310186920089376	1	0.15	0.186	0.036
Nudcd3	0.424945655477014	-0.350129934380214	1	0.123	0.133	0.01
Cmss1	0.425222770475238	-0.545085033261234	1	0.145	0.202	0.057
Entpd1	0.4258561795026	0.294754073523013	1	0.502	0.452	0.05
Gpatch2	0.426668801458062	-0.539054764706844	1	0.185	0.245	0.06
Arhgap23	0.426677416281041	0.142577128843431	1	0.123	0.106	0.017
Ttyh2	0.428573132873104	0.904567231344899	1	0.106	0.059	0.047
Rbm33	0.430075913519867	0.370632746004245	1	0.163	0.112	0.051
Braf	0.430707301837366	0.249565814373117	1	0.167	0.154	0.013
Inpp1	0.431096377669772	0.678781587904766	1	0.101	0.053	0.048
Rps6kb1	0.431891322236849	-0.436112432603333	1	0.106	0.138	0.032
Epc1	0.432801531899943	0.309273545692061	1	0.172	0.154	0.018
Cox16	0.433312791253935	0.134460817110337	1	0.181	0.197	0.016
Colgalt2	0.433989260871681	0.379826560107202	1	0.137	0.106	0.031
Cers5	0.434752828772069	0.430060852851293	1	0.132	0.106	0.026
Vcp	0.435377834015513	-0.864361082135965	1	0.062	0.106	0.044
Msl2	0.436195869495467	0.736378519777462	1	0.101	0.064	0.037
Yme1l1	0.436334476905158	-0.27295323579823	1	0.084	0.106	0.022
Csgalnact1	0.43651190339643	-0.142587500938216	1	0.529	0.511	0.018
Cnot1	0.43732590379743	-0.514222934688022	1	0.11	0.128	0.018
Scai	0.437377942878416	-0.375155462659631	1	0.07	0.106	0.036
Crim1	0.437746043928137	-0.10899476100164	1	0.361	0.415	0.054
Prkag2	0.438029523206848	-0.148525247330266	1	0.216	0.229	0.013
Stau1	0.438423410074571	0.514885358541602	1	0.115	0.085	0.03
Rab1a	0.43926337657772	0.120661197849568	1	0.128	0.144	0.016
Zfp644	0.439840461490245	0.353056164346874	1	0.216	0.165	0.051
Klf4	0.439886946674067	0.940611461163813	1	0.119	0.069	0.05
Mef2a	0.440620671487808	0.237387165567279	1	0.445	0.431	0.014
Grm5	0.440621984538839	-0.292793867897645	1	0.15	0.181	0.031
Kmt5b	0.440811327926756	0.584551385182135	1	0.233	0.181	0.052
Rac1	0.440851322094462	0.48758400218983	1	0.128	0.09	0.038
Tlk2	0.440976306075941	-0.505487084750488	1	0.154	0.202	0.048
Hdac7	0.441389465521341	-0.263782626904037	1	0.242	0.277	0.035
Wdr44	0.441885320325195	-0.112034531248655	1	0.11	0.101	0.00899999999999999
Ddc	0.442141449188068	-0.258086500247465	1	0.115	0.112	0.003
Pik3r1	0.442837599355467	0.375455591682925	1	0.115	0.106	0.00900000000000001
Btbd7	0.443532162654692	0.306059429077402	1	0.441	0.378	0.063
Bcam	0.443843192812724	0.677740617006568	1	0.11	0.074	0.036
Fbxw7	0.44604673909734	-0.318250370676758	1	0.154	0.138	0.016
Agap1	0.446211875291523	-0.121035849632274	1	0.132	0.154	0.022
Enox2	0.446548125902251	-0.135123110188359	1	0.229	0.255	0.026
Atg10	0.446550718612141	-0.158639472273649	1	0.167	0.207	0.04
Kdm4c	0.4469709412556	-0.354061437656279	1	0.194	0.186	0.00800000000000001
Bod1l	0.448107612482128	0.245904390077147	1	0.115	0.096	0.019
Pde2a	0.448237840982909	-0.455818022658316	1	0.159	0.186	0.027
Nemf	0.448462186042657	0.730322963658345	1	0.128	0.085	0.043
Nckap1	0.448641865058555	0.34257281045658	1	0.189	0.176	0.013
Prr5l	0.449327305351448	-0.381474210580048	1	0.233	0.255	0.022
Eogt	0.449802997620259	0.141627247415323	1	0.507	0.495	0.012
Lrch1	0.454296262248738	0.145587195550664	1	0.634	0.654	0.02
Sh2d3c	0.454626661223234	-0.804299177891597	1	0.088	0.122	0.034
Bcas3	0.455002347313223	0.173178464739073	1	0.344	0.34	0.00399999999999995
Utrn	0.45641648316497	0.134872146195352	1	0.965	0.963	0.002
N4bp1	0.457498899067498	-0.504977846709922	1	0.088	0.112	0.024
Commd1	0.458001109642197	-0.597281515669219	1	0.088	0.117	0.029
Camkmt	0.458213293766855	-0.400414042490887	1	0.115	0.165	0.05
Kras	0.458699814520838	0.4047087898961	1	0.194	0.165	0.029
Hnrnpa2b1	0.459662351372223	0.134719880726365	1	0.295	0.266	0.029
Asic2	0.459726594610588	-0.319706871531631	1	0.137	0.17	0.033
Tecrl	0.460266970727494	-0.556850957169455	1	0.07	0.101	0.031
Slco1a4	0.461100013825287	-0.238831552833485	1	0.916	0.947	0.0309999999999999
Id3	0.461859472967551	0.223481743089713	1	0.11	0.09	0.02
Gapvd1	0.463052009356597	0.15774072986153	1	0.203	0.197	0.00600000000000001
Ism1	0.463520924802426	0.326575298838196	1	0.101	0.096	0.005
Capn2	0.464689916985265	0.489491072342276	1	0.159	0.112	0.047
Spag9	0.466532546162407	0.211892270811254	1	0.436	0.41	0.026
Ankhd1	0.468104519769022	0.143456822597367	1	0.352	0.33	0.022
Frmd4a	0.468210705097499	-0.297290154603285	1	0.15	0.181	0.031
Cbx5	0.469605237994454	0.560395439990178	1	0.154	0.101	0.053
Emcn	0.470259538845957	0.268766072095836	1	0.449	0.394	0.055
B4galt1	0.470385268364004	-0.404157449975465	1	0.132	0.138	0.00600000000000001
Med13l	0.471720700693975	-0.275373383122559	1	0.251	0.277	0.026
Mbd2	0.473534689596671	0.296994828968851	1	0.123	0.112	0.011
Crk	0.473763084457413	0.202036407221826	1	0.185	0.154	0.031
Brd8	0.474004647506688	0.598363072880206	1	0.123	0.096	0.027
Erc2	0.474348368373975	-0.359329683848572	1	0.145	0.186	0.041
Adgrb3	0.474894059672063	-0.111174997305866	1	0.48	0.511	0.031
Stat5b	0.475204392878102	-0.39096074357914	1	0.123	0.138	0.015
Dmd	0.47708599373678	-0.305810871018231	1	0.207	0.261	0.054
Srsf11	0.477556718382148	-0.29841282410393	1	0.123	0.117	0.00599999999999999
Tgm2	0.478054719441626	-0.342852854603754	1	0.093	0.112	0.019
Wdr70	0.478416876630164	0.141909930012496	1	0.106	0.106	0
Dach1	0.478574033062688	-0.117472584981475	1	0.661	0.622	0.039
Zfp808	0.478784312490462	0.308296682325634	1	0.106	0.08	0.026
Ext1	0.479217839161531	1.06429811436978	1	0.11	0.069	0.041
Eml6	0.480040387672637	0.594237702554983	1	0.115	0.085	0.03
Nhs	0.48118366124798	0.385672743344527	1	0.181	0.149	0.032
Arhgap29	0.481253552874193	0.145686865994647	1	0.515	0.484	0.031
Ap3s1	0.481712528936375	-0.265099438821204	1	0.123	0.144	0.021
Rsrc1	0.483024406688598	0.390730917729681	1	0.242	0.218	0.024
Ppm1h	0.483732941594521	0.217904944089252	1	0.247	0.207	0.04
Adam17	0.484653583257853	0.536219766815051	1	0.11	0.069	0.041
Hpcal1	0.484773681427918	0.410448016551185	1	0.141	0.101	0.04
Atp2c1	0.485251834464389	-0.42222980290416	1	0.097	0.101	0.004
Axin2	0.48532519834812	-0.555534553234216	1	0.07	0.101	0.031
Pacsin2	0.48581034896628	-0.595602306199042	1	0.084	0.122	0.038
Tpr	0.485967391438461	-0.444756272077078	1	0.137	0.154	0.017
Cramp1	0.486046897541172	-0.425497697990307	1	0.097	0.101	0.004
Sntb2	0.486167651712729	0.335768690619743	1	0.137	0.128	0.00900000000000001
Trip12	0.48893672620981	0.523542905198449	1	0.225	0.186	0.039
Adk	0.489116073798328	-0.272826228392233	1	0.335	0.388	0.053
Acvr1	0.489842994130252	0.368158362210936	1	0.251	0.218	0.033
Sec62	0.48997165687592	0.206753806303845	1	0.141	0.106	0.035
Gria2	0.490685304220834	-0.296240406555458	1	0.225	0.271	0.046
Rims1	0.491180881783862	-0.159783992939507	1	0.15	0.181	0.031
Spata13	0.492115540509107	0.162000048499097	1	0.181	0.181	0
Crtc3	0.492158541191467	-0.258864199514292	1	0.088	0.101	0.013
Ubn2	0.49232779504418	-0.474282010970842	1	0.233	0.266	0.033
Wwox	0.493416026903965	-0.206575007917253	1	0.374	0.388	0.014
Cbfb	0.493523695328595	-0.876521272516806	1	0.119	0.16	0.041
Supt3	0.495895087393188	1.09637725006771	1	0.101	0.053	0.048
Fbxw2	0.495903595114127	-0.341029599115543	1	0.101	0.117	0.016
Herc2	0.497255074331101	-0.272592177020149	1	0.216	0.207	0.00900000000000001
Elmo1	0.498595391062234	-0.173221170853243	1	0.542	0.612	0.07
Eps8	0.499305930687033	-0.159620077506074	1	0.198	0.207	0.00899999999999998
B3gnt2	0.499420697979747	-0.331266784214211	1	0.154	0.218	0.064
Hip1	0.500598439132508	0.140103185268355	1	0.678	0.628	0.05
Slc66a2	0.501951346144988	-0.26451324786899	1	0.075	0.106	0.031
Zc3h7a	0.5023037788404	0.245937322278051	1	0.286	0.261	0.025
Cpne1	0.502981410399448	-0.45119850905208	1	0.11	0.144	0.034
Tnpo1	0.50380399171504	-0.887804347713249	1	0.07	0.112	0.042
Slc12a7	0.50426002858335	0.566927532321528	1	0.115	0.096	0.019
Klf9	0.504265867906734	-0.40267565241285	1	0.15	0.191	0.041
Cul3	0.504821985558672	0.481115859265335	1	0.154	0.128	0.026
Shld1	0.505142103469054	0.356264080446079	1	0.123	0.117	0.00599999999999999
Sh3bgrl	0.505489207642744	0.160709636616176	1	0.313	0.261	0.052
Ccnd3	0.505557677859687	-0.291405777937798	1	0.295	0.34	0.045
Vti1a	0.506842141485137	0.440138571002068	1	0.379	0.309	0.07
Tll1	0.507438636498397	0.342150325443022	1	0.172	0.16	0.012
Zfp52	0.507741525196151	-0.406591435911904	1	0.088	0.106	0.018
8030462N17Rik	0.508020076239733	-0.161226866789415	1	0.093	0.106	0.013
Rap1gds1	0.508453483411417	0.123301005716772	1	0.308	0.282	0.026
Cep350	0.509746692405752	-0.509909747953113	1	0.154	0.223	0.069
Bbs9	0.510304515261392	0.155423899648598	1	0.145	0.117	0.028
Mia3	0.510383799313029	-0.160660365498584	1	0.101	0.117	0.016
Map3k1	0.511798601849564	-0.108787991928113	1	0.198	0.239	0.041
Tcf25	0.512106373235864	0.110533715218383	1	0.194	0.181	0.013
Dusp11	0.512412684583976	0.42348741465497	1	0.11	0.08	0.03
Wbp1l	0.512699019673435	0.340841983381497	1	0.167	0.133	0.034
Dipk2b	0.513246036124282	-0.323139684946996	1	0.286	0.309	0.023
Snx3	0.513445688157812	0.245763867369661	1	0.15	0.144	0.00600000000000001
Zcchc7	0.513599426171136	-0.146372643663875	1	0.52	0.543	0.023
Dusp16	0.513735122557123	0.447331925907726	1	0.106	0.101	0.00499999999999999
Rmdn1	0.514548189486288	0.284317628953225	1	0.123	0.101	0.022
Tax1bp1	0.514549647625204	-0.256812521583507	1	0.132	0.133	0.001
Tmsb4x	0.514831501206997	0.249936367980957	1	0.141	0.133	0.00799999999999998
Arap3	0.515243015673764	-0.25435535995669	1	0.11	0.149	0.039
Smc5	0.51558552737252	0.910565995586248	1	0.106	0.069	0.037
Degs2	0.517277474142997	-0.207894431541964	1	0.115	0.154	0.039
Pcbd2	0.51748863035441	-0.124352334023199	1	0.093	0.122	0.029
Fbxo11	0.517495820498276	-0.157910070582488	1	0.313	0.303	0.01
Col5a2	0.519577137505919	0.671981659954504	1	0.172	0.133	0.039
Mylk	0.520438730297767	-0.17971832225549	1	0.11	0.138	0.028
Tnrc6a	0.520768795803176	-0.470774705295459	1	0.123	0.16	0.037
Zbtb44	0.522352262305084	-0.234288808037278	1	0.101	0.112	0.011
Yy1	0.522682872004481	0.240856961280455	1	0.128	0.112	0.016
Vamp4	0.522974314516175	-0.513967130421488	1	0.11	0.128	0.018
Hmgcs2	0.523121479626776	-0.10511798291104	1	0.093	0.117	0.024
Snx29	0.524749875926877	-0.17653031958827	1	0.093	0.101	0.00800000000000001
Frmd4b	0.526357801913116	0.172210282768918	1	0.485	0.479	0.00600000000000001
Limk2	0.526501646141921	-0.229159239574889	1	0.141	0.144	0.003
Parp12	0.52775031167482	-0.51630627367708	1	0.128	0.17	0.042
Celf1	0.528793490281107	0.533776140194403	1	0.145	0.096	0.049
Cr1l	0.52939733650912	-0.27999430143066	1	0.225	0.25	0.025
Peli2	0.529690335511465	-0.148092557117436	1	0.128	0.165	0.037
Fam135a	0.530659282820673	1.03743587059306	1	0.233	0.144	0.089
Tab2	0.53275634229271	-0.353828418835932	1	0.115	0.117	0.002
Prrc2c	0.533866021104939	0.256291637682091	1	0.247	0.213	0.034
Niban1	0.534019471037593	-0.880494735505701	1	0.075	0.128	0.053
Rps14	0.535396335448992	0.270276075332365	1	0.123	0.106	0.017
Lims1	0.537775901685277	-0.137931956289521	1	0.304	0.335	0.031
Dip2c	0.537782225989662	0.128332017555975	1	0.366	0.372	0.00600000000000001
Tbx1	0.537814287457067	-0.687390523830085	1	0.115	0.133	0.018
Hnrnpr	0.539729914964127	-0.148640055867759	1	0.22	0.213	0.00700000000000001
Flnb	0.540298845674925	0.573212304176672	1	0.436	0.378	0.058
Khnyn	0.542650778244318	0.435768358536152	1	0.11	0.08	0.03
Snrk	0.544580345754075	-0.388553477802102	1	0.251	0.324	0.073
Dach2	0.545073534622263	0.334143387295323	1	0.181	0.165	0.016
Lnx2	0.545616408905688	-0.151375759054153	1	0.181	0.223	0.042
Arfgef1	0.547161575285819	0.1825306673083	1	0.211	0.197	0.014
Lmbr1	0.547789685143946	0.173123321784141	1	0.123	0.112	0.011
Zfp366	0.548513597732464	0.387011264585396	1	0.405	0.394	0.011
Sik1	0.548746578074082	0.807977925495282	1	0.101	0.069	0.032
Hnrnph1	0.549970941212327	-0.4587326744572	1	0.181	0.218	0.037
Myh9	0.550076091189904	0.552126375357975	1	0.273	0.223	0.05
Immp2l	0.550320395596169	-0.222632834055514	1	0.33	0.346	0.016
Dennd2b	0.550421899868163	0.291626695528356	1	0.194	0.154	0.04
Csnk2a1	0.551380260916375	0.177068502721345	1	0.137	0.101	0.036
Trim26	0.553263983855292	0.308007692459778	1	0.115	0.101	0.014
Eef1a1	0.554826126134432	0.336262100195275	1	0.137	0.101	0.036
Tead4	0.554905696287316	0.221372474849672	1	0.154	0.122	0.032
Zfp608	0.558238066179425	0.261328317086491	1	0.207	0.154	0.053
Mark3	0.558975316582079	-0.506631798098259	1	0.211	0.298	0.087
Sarnp	0.559303561720081	-0.176206751802576	1	0.088	0.112	0.024
Wls	0.563251498435192	0.161482078402534	1	0.128	0.138	0.01
Arhgef10	0.563643170534441	-0.1767616467422	1	0.101	0.09	0.011
Prr14l	0.564199584249908	-0.617728959869942	1	0.075	0.106	0.031
Synj2bp	0.56420764397393	-0.847480063616583	1	0.079	0.117	0.038
Chst11	0.564294518198957	-0.179004722345006	1	0.335	0.394	0.059
Kmt2e	0.564672456224644	-0.141926334322009	1	0.414	0.457	0.043
Itih5	0.565493181047246	-0.166014961538928	1	0.383	0.447	0.064
Tmcc1	0.565927865456839	0.145122503751226	1	0.22	0.176	0.044
Ubr5	0.566670113807966	-0.482087719462664	1	0.11	0.149	0.039
Map4	0.566791640596408	0.267704729035355	1	0.48	0.463	0.017
Rap1a	0.567488642198669	0.20720389775145	1	0.291	0.255	0.036
Smad4	0.567594521214941	0.238801203105726	1	0.176	0.144	0.032
Plscr4	0.5685371878513	-0.136814101975443	1	0.361	0.383	0.022
Sh3bp4	0.570111798656384	0.229040494315818	1	0.185	0.149	0.036
Mospd1	0.570279666055538	-0.512747623956198	1	0.066	0.101	0.035
Ndnf	0.571402484920281	-0.617619914689979	1	0.128	0.191	0.063
Kcnq1	0.572061318003113	0.433161783549702	1	0.106	0.09	0.016
Rtn3	0.572352858337806	0.301025579281737	1	0.216	0.181	0.035
Pak2	0.572732398363359	0.262332208506896	1	0.269	0.234	0.035
Ptprk	0.573675420498021	-0.333595300358537	1	0.432	0.495	0.063
Tnrc6b	0.574336673337178	-0.441347355096537	1	0.317	0.362	0.045
Cilk1	0.574417073538983	-0.345347171617721	1	0.22	0.229	0.00900000000000001
Zfp704	0.576324416161662	0.501967838772454	1	0.176	0.138	0.038
Sgms2	0.57687554900771	0.20370079330996	1	0.211	0.181	0.03
Sertad2	0.577215497484746	-0.467950208746776	1	0.11	0.117	0.00700000000000001
Mtmr2	0.577940404749082	-0.264170043934514	1	0.123	0.128	0.005
Pxn	0.578125093631266	0.261589677783783	1	0.119	0.122	0.003
Samhd1	0.578859273769857	0.297846294421493	1	0.225	0.197	0.028
Slc10a7	0.579453715870738	-0.100262107229941	1	0.251	0.25	0.001
Klf13	0.579568689493813	0.302568457901579	1	0.242	0.186	0.056
Pggt1b	0.580029317825941	-0.419509164450751	1	0.132	0.165	0.033
Fgd5	0.580976565775285	0.128269123959628	1	0.485	0.431	0.054
Zscan26	0.582745997751491	0.139402790441265	1	0.106	0.096	0.01
Atp7a	0.584445330367091	-0.290043898452531	1	0.106	0.154	0.048
Nsd3	0.584656427440685	-0.418963164482715	1	0.269	0.34	0.071
Rsu1	0.58621634565898	0.125374697799385	1	0.33	0.298	0.032
Sos2	0.587651295662672	-0.133181707857699	1	0.238	0.239	0.001
Med14	0.589013397864868	1.29349651286434	1	0.106	0.048	0.058
Btg3	0.58952660920218	0.146666510673129	1	0.154	0.133	0.021
Ppard	0.590521564846848	0.296952252364056	1	0.238	0.207	0.031
Xiap	0.592347752239829	0.19800623022136	1	0.264	0.223	0.041
Scfd1	0.592408619159702	0.280917524532338	1	0.101	0.101	0
Palm	0.59291273741803	-0.295062208495489	1	0.154	0.191	0.037
Sgcz	0.593261780805046	-0.207007160241736	1	0.163	0.191	0.028
Nos3	0.593347688896756	0.603820023335806	1	0.256	0.223	0.033
Irak2	0.594046603647896	-0.107554797507431	1	0.141	0.138	0.00299999999999997
Mapk14	0.59510468643364	0.31398036390781	1	0.132	0.117	0.015
Aff4	0.595136971354617	0.154615240223898	1	0.207	0.202	0.00499999999999998
Top1	0.595634601857189	-0.403481331468256	1	0.097	0.122	0.025
Tnpo3	0.596046805387122	-0.536770678428854	1	0.115	0.154	0.039
H2-Q4	0.59618183210154	-0.481257544549702	1	0.123	0.165	0.042
Parp14	0.597489786269651	0.208773057078264	1	0.145	0.144	0.001
Sned1	0.599353125265826	0.113853765040602	1	0.123	0.133	0.01
Pcm1	0.599493436188161	-0.425831643809514	1	0.137	0.17	0.033
Lamb2	0.600148719974404	0.671825055185195	1	0.128	0.08	0.048
Exoc6b	0.600351571594418	0.228108322912414	1	0.727	0.628	0.099
Rapgef3	0.600976944912082	0.574908561702802	1	0.132	0.096	0.036
Tpm4	0.601491925751002	0.963394453756666	1	0.128	0.074	0.054
Ubl3	0.602885235533748	-0.236512048981122	1	0.181	0.186	0.005
Mycbp2	0.60297291902541	0.502671941268858	1	0.211	0.16	0.051
Rbfox1	0.603348802165059	-0.327381129528162	1	0.515	0.537	0.022
Cdh5	0.603436181039027	0.18873261026546	1	0.273	0.239	0.034
Fndc3b	0.604498252024104	0.600073678464451	1	0.207	0.16	0.047
Lrp1b	0.605502152093751	-0.488382880569688	1	0.471	0.489	0.018
Ncl	0.606074051634585	-0.349856199382272	1	0.106	0.112	0.00600000000000001
Arpc2	0.606715252239018	0.808292575502791	1	0.185	0.117	0.068
Ythdf3	0.607592542096262	-0.409615022266438	1	0.154	0.202	0.048
Ccnyl1	0.608274457543947	0.191685838277008	1	0.181	0.181	0
Sgpp2	0.608311233047083	0.158379534888244	1	0.335	0.351	0.016
Nhlrc2	0.608548335882034	0.104878407889289	1	0.106	0.117	0.011
Ly6a	0.608866170827736	-0.141676258415065	1	0.15	0.16	0.01
Myl12b	0.609502643119524	-0.191834261181403	1	0.101	0.128	0.027
Extl3	0.610089032993283	-0.327508266714246	1	0.326	0.362	0.036
Baiap2l1	0.612440753473761	-0.267865454894515	1	0.11	0.138	0.028
Asap2	0.613006595576605	0.457262223966192	1	0.141	0.112	0.029
Nfia	0.613900188767274	-0.164308929392303	1	0.714	0.723	0.00900000000000001
Huwe1	0.614746806066099	0.128032053852924	1	0.225	0.223	0.002
Rassf8	0.615174462891788	-0.170914427470726	1	0.194	0.223	0.029
Atp9b	0.615869271028571	0.151465180344702	1	0.11	0.09	0.02
Arhgef12	0.616520301404249	0.200985760755074	1	0.559	0.495	0.0640000000000001
Ube2e2	0.618221712268303	-0.236423482655142	1	0.15	0.16	0.01
Fbxl17	0.619142717680581	0.119398666298999	1	0.568	0.527	0.0409999999999999
Lmo7	0.619772648633328	0.332400186731135	1	0.291	0.282	0.00900000000000001
Maoa	0.620030400574458	-0.10550922195329	1	0.383	0.367	0.016
Tbc1d22a	0.620158347226216	-0.285615036226036	1	0.132	0.138	0.00600000000000001
Zfp280d	0.620610114408324	-0.328570663969496	1	0.167	0.218	0.051
Erc1	0.620793884365483	0.18830302644908	1	0.207	0.197	0.00999999999999998
Eif4h	0.621487659213355	0.363543667883568	1	0.11	0.096	0.014
ENSMUSG00000095041	0.621709793973322	-0.305103712346579	1	0.084	0.122	0.038
Vcl	0.622436308564985	0.578691460643462	1	0.264	0.207	0.057
Nedd4	0.62285808603171	-0.281095723042429	1	0.242	0.319	0.077
Hectd1	0.623157168319589	-0.11694991915649	1	0.326	0.346	0.02
Nfatc3	0.623894174659739	0.226568617224925	1	0.15	0.144	0.00600000000000001
Nrf1	0.624242204418362	0.361843404557304	1	0.225	0.181	0.044
Fzd6	0.624641633755437	0.129818673612857	1	0.41	0.383	0.027
Gnb1	0.625095567442499	-0.160724823373813	1	0.326	0.346	0.02
Gigyf2	0.625511680490202	0.38512018809957	1	0.115	0.09	0.025
Mapkap1	0.627220205590722	-0.349098714494934	1	0.097	0.138	0.041
Bicra	0.627952173884022	-0.303954351719531	1	0.141	0.186	0.045
Gphn	0.628077601988558	-0.448655111169574	1	0.515	0.617	0.102
Ccser1	0.628786053404768	-0.350694020067001	1	0.101	0.133	0.032
Gbe1	0.630150063149473	-0.198438351790543	1	0.419	0.415	0.004
Swap70	0.631555113152957	0.272437454613836	1	0.256	0.202	0.054
Cltc	0.632198673562575	-0.415896854742446	1	0.106	0.117	0.011
Tbc1d14	0.634247713571571	-0.366081622676272	1	0.11	0.138	0.028
Rbpms	0.637165174421878	0.117829227907333	1	0.621	0.569	0.052
Gatm	0.637187835614013	-0.491327598630642	1	0.163	0.234	0.071
Mcc	0.639128961115276	0.17659209512996	1	0.551	0.532	0.019
Rcor1	0.639276493958704	0.355745603155446	1	0.115	0.112	0.003
Mid1	0.639899373031929	-0.347265230958564	1	0.145	0.181	0.036
Dram2	0.640071085175888	-0.132644942951581	1	0.172	0.176	0.004
Tnks	0.641396804995026	-0.526186651425962	1	0.084	0.112	0.028
Afap1	0.641638453077381	0.548259943910565	1	0.106	0.069	0.037
Nrip1	0.644004454600978	-0.151317422956511	1	0.159	0.186	0.027
Ctps	0.644043124110867	-0.379079118063554	1	0.101	0.117	0.016
Rnf19a	0.646537689160149	-0.381879587122773	1	0.185	0.207	0.022
Gcc2	0.648773408882746	-0.296197460706828	1	0.172	0.186	0.014
Irf2	0.649411471241806	-0.237367626254847	1	0.41	0.42	0.01
Itm2a	0.650511609371452	-0.35579108634935	1	0.181	0.223	0.042
Ccser2	0.651140048532261	0.138463854330176	1	0.233	0.229	0.004
Eci2	0.651453546056896	-0.794587212372853	1	0.075	0.106	0.031
Ostf1	0.651639680411296	0.24823484028518	1	0.203	0.165	0.038
Mbnl1	0.652165277312634	0.138772226121358	1	0.604	0.548	0.0559999999999999
Hdac8	0.65227044113203	-0.701170795277495	1	0.088	0.133	0.045
Fli1	0.655538337370124	0.24190099287831	1	0.771	0.723	0.048
Atrx	0.655807868949518	0.108359537057604	1	0.489	0.489	0
Sp3	0.656864558654768	0.176635636070066	1	0.247	0.223	0.024
Ddi2	0.658129306433358	0.700705410985881	1	0.11	0.08	0.03
Ssu72	0.661885100355446	-0.334411948341245	1	0.079	0.106	0.027
Rin3	0.665786566575304	-0.177078862074798	1	0.154	0.149	0.005
Vwf	0.666294201582667	-0.144796732141624	1	0.533	0.553	0.02
Lrrc8c	0.667398091718738	0.280418463790531	1	0.308	0.282	0.026
Hnrnpu	0.668003238475276	-0.143066215844497	1	0.093	0.106	0.013
Glg1	0.668294713176075	-0.175432922085269	1	0.128	0.122	0.00600000000000001
Vegfc	0.668376070111563	0.668796686210364	1	0.348	0.298	0.05
Plpp1	0.669171141618186	-0.116479622872695	1	0.154	0.149	0.005
Arhgef11	0.669278083270066	-0.253967270938162	1	0.123	0.128	0.005
Tmem131	0.670972735552735	0.912579488495369	1	0.115	0.064	0.051
Kdm2a	0.671593905803491	-0.282462279367194	1	0.172	0.17	0.00199999999999997
St6galnac2	0.672250495257235	0.467254521756301	1	0.11	0.09	0.02
Shb	0.672563016881454	0.564901127860648	1	0.101	0.069	0.032
Pdgfb	0.674325896810776	-0.256331627019063	1	0.203	0.223	0.02
Fars2	0.67437059731944	0.283025035364811	1	0.106	0.085	0.021
Sh3glb1	0.675856471739302	0.651752836630685	1	0.251	0.197	0.054
Oga	0.676733226815713	-0.131173008315563	1	0.304	0.309	0.005
Galnt15	0.677183492092545	-0.416849229994559	1	0.101	0.138	0.037
Ncor1	0.677510750316824	0.328767134615203	1	0.322	0.266	0.056
Peli1	0.677821717857655	-0.174625380567222	1	0.33	0.356	0.026
Nod1	0.678199991433356	0.253342232345059	1	0.211	0.197	0.014
Zfp532	0.679383401900708	-0.100568170865137	1	0.132	0.122	0.01
Tshz1	0.679509596884513	0.317173582240549	1	0.163	0.138	0.025
Itga1	0.679537265839103	-0.234322465955927	1	0.507	0.548	0.041
Sema7a	0.679639976338349	-0.204522542606176	1	0.198	0.218	0.02
Foxn3	0.680397350365975	0.134165556443587	1	0.573	0.543	0.0299999999999999
Etv6	0.681988973132284	0.263304530216268	1	0.555	0.495	0.0600000000000001
Yap1	0.684300185811904	0.165158451963755	1	0.154	0.138	0.016
Parva	0.68432282624955	0.163885975620823	1	0.106	0.096	0.01
Wapl	0.685728447599053	0.179038409324306	1	0.242	0.191	0.051
Zfand3	0.686059108487794	0.134051200555557	1	0.52	0.463	0.057
Cdk19	0.686373813634776	0.143467958595928	1	0.33	0.33	0
Spop	0.689205002755608	-0.433984137754403	1	0.189	0.239	0.05
Tcf7l1	0.690861223904478	0.343454127244029	1	0.22	0.202	0.018
Cnbp	0.692033935674065	1.02388517897152	1	0.128	0.09	0.038
Sppl2a	0.693220861654816	-0.136103887925648	1	0.128	0.133	0.005
2510009E07Rik	0.694300386633855	-0.403927233411103	1	0.128	0.17	0.042
Efna5	0.695843068822546	0.330774638369135	1	0.115	0.096	0.019
Epb41l4a	0.695882102251595	0.484817377766669	1	0.115	0.09	0.025
Tom1l2	0.69662419829391	0.168479217582022	1	0.137	0.144	0.00699999999999998
Exoc4	0.697082940812238	-0.108820401311908	1	0.608	0.59	0.018
Alg14	0.69904365679299	-0.244494639668916	1	0.084	0.101	0.017
Suclg2	0.700743558080988	-0.265815425309095	1	0.11	0.133	0.023
Rab10	0.700947652354883	0.308010801708563	1	0.163	0.128	0.035
Arl6ip5	0.702713314926722	-0.316514037040543	1	0.119	0.144	0.025
Rsbn1l	0.703714516936785	-0.249119909055425	1	0.203	0.234	0.031
Sec63	0.705161237805863	-0.213282400512072	1	0.141	0.165	0.024
Tmpo	0.706286129885011	0.281884842426299	1	0.203	0.154	0.049
Rapgef2	0.707732423010953	-0.132503481037701	1	0.683	0.707	0.0239999999999999
Rbm6	0.709359596655302	-0.2307559984854	1	0.216	0.25	0.034
Slc35f2	0.70959458139992	-0.43381226428857	1	0.088	0.122	0.034
Yes1	0.709905916192021	-0.161232477420927	1	0.256	0.298	0.042
Ppp2r5c	0.71054448698717	0.23832327592919	1	0.115	0.096	0.019
Ppfibp1	0.711132567137311	0.21000376763791	1	0.467	0.436	0.031
Phactr1	0.711591268188373	-0.169040902632732	1	0.454	0.505	0.051
Xpr1	0.711729192016775	-0.402875838896788	1	0.198	0.213	0.015
Wdr37	0.712291330790618	0.206761634542177	1	0.242	0.218	0.024
Lypla1	0.712354588908376	-0.554993917753887	1	0.115	0.133	0.018
Itsn2	0.713106934829717	0.323352506241497	1	0.396	0.346	0.05
Zmym2	0.713506610323595	0.224382924047485	1	0.115	0.09	0.025
Anxa7	0.714840319372385	-0.498456636977667	1	0.097	0.106	0.00899999999999999
Alas1	0.716087676895425	0.572500926805579	1	0.132	0.101	0.031
Man1a	0.718567500870045	-0.424414475969564	1	0.132	0.144	0.012
Arid5b	0.719015781857109	-0.155244950968234	1	0.26	0.303	0.043
Fyco1	0.720409367518927	-0.132510225701623	1	0.137	0.154	0.017
Smg1	0.72050249159109	0.149404872015779	1	0.176	0.154	0.022
Ski	0.721985183978341	-0.114283847007197	1	0.198	0.213	0.015
Wwp1	0.722310060974208	-0.309249204870693	1	0.185	0.202	0.017
Ppp2r5e	0.723941538376796	-0.223305495397762	1	0.181	0.223	0.042
Smc1a	0.724017721614972	-0.485640601429829	1	0.106	0.144	0.038
Tmem204	0.725745489470816	0.340240027844059	1	0.119	0.085	0.034
Elk3	0.726901071084791	0.155107579596769	1	0.441	0.415	0.026
Tent4b	0.729793995995258	-0.136831192874103	1	0.097	0.101	0.004
Tmem87a	0.729977581471218	0.265340723805315	1	0.11	0.101	0.00899999999999999
Cnksr3	0.73005330534699	-0.586279895562679	1	0.084	0.122	0.038
Large1	0.730816963977204	-0.349467655744235	1	0.137	0.176	0.039
Pik3r6	0.730859568984171	0.671146796575115	1	0.132	0.112	0.02
Nt5dc1	0.731520543165103	-0.444863539839669	1	0.145	0.181	0.036
Cd93	0.732416436310046	0.22489363587664	1	0.137	0.117	0.02
Slain2	0.733042540145469	-0.383898234331571	1	0.141	0.17	0.029
Arfip1	0.734182221987657	-0.155758016415006	1	0.128	0.128	0
Shroom4	0.734694258223333	0.215027247837341	1	0.454	0.383	0.071
Larp4b	0.735987677464604	-0.37218954338318	1	0.123	0.144	0.021
Gnb4	0.736320467648306	-0.525105529556377	1	0.106	0.122	0.016
Exoc5	0.736509632234556	-0.22040437197491	1	0.163	0.186	0.023
Ankrd44	0.738150873312411	-0.470993953527003	1	0.159	0.202	0.043
Lrp6	0.739395187769564	-0.348438204648282	1	0.211	0.271	0.06
Ttc3	0.741118392533392	-0.196551297820371	1	0.145	0.138	0.00699999999999998
Abcc6	0.742199690061953	-0.608757900880491	1	0.101	0.144	0.043
Capzb	0.74223959407076	0.83301296664218	1	0.106	0.064	0.042
Rras2	0.743478446001826	0.832754020217893	1	0.119	0.069	0.05
Cux1	0.743530612139336	-0.320094565318348	1	0.233	0.266	0.033
Arhgap27	0.744583427706245	-0.275560080207692	1	0.097	0.106	0.00899999999999999
Diaph2	0.74651972980021	0.21556209051074	1	0.467	0.404	0.063
Pear1	0.746626795138418	-0.291834385016083	1	0.097	0.122	0.025
Cflar	0.746814771061904	0.270690905561155	1	0.154	0.122	0.032
Cep68	0.747648366216055	-0.412164571550878	1	0.115	0.154	0.039
Tnrc6c	0.748530737943152	-0.121705325938151	1	0.304	0.335	0.031
Lipa	0.748854676063822	-0.366907909046798	1	0.075	0.101	0.026
H2-K1	0.748920388013368	-0.145761006608126	1	0.264	0.282	0.018
Nrp2	0.749342738870488	-0.218999214168125	1	0.282	0.33	0.048
Vps54	0.74939172032384	-0.193357574852345	1	0.167	0.165	0.002
Zfyve9	0.751714032596143	-0.434090883198148	1	0.189	0.229	0.04
Tnfaip8	0.753076757296144	0.422304998211891	1	0.141	0.101	0.04
Cavin2	0.755618312820944	-0.199471483578641	1	0.167	0.186	0.019
Map3k20	0.756042938401925	-0.171579686739654	1	0.251	0.277	0.026
Cobll1	0.756851751796797	0.149762423238061	1	0.643	0.644	0.001
Clasp2	0.756934346352138	-0.307889540523021	1	0.093	0.122	0.029
Cyb5b	0.760612728056767	-0.233929469925112	1	0.159	0.176	0.017
Itgb1	0.760744218977682	0.144453531391556	1	0.207	0.197	0.00999999999999998
Csmd3	0.764446027867406	-0.132926168178644	1	0.115	0.122	0.00699999999999999
Wasf2	0.765967014100846	0.117187873635531	1	0.432	0.41	0.022
Mkln1	0.768398582346871	-0.142093735825805	1	0.388	0.404	0.016
Rftn1	0.769496173354602	0.425960014990091	1	0.128	0.106	0.022
Hipk1	0.770514727811117	-0.625661412471691	1	0.115	0.144	0.029
Rhobtb1	0.771992760519367	-0.161379300714202	1	0.308	0.33	0.022
Cul1	0.774196610056838	0.214255728386161	1	0.128	0.101	0.027
Alcam	0.776197260016922	0.731589642556861	1	0.106	0.069	0.037
Lrrc58	0.777262868135727	-0.407538874769437	1	0.093	0.117	0.024
Rigi	0.778406798895346	0.104071608447887	1	0.11	0.085	0.025
Tut7	0.778475894179626	0.157966492811077	1	0.216	0.207	0.00900000000000001
Rlf	0.77928705987417	-0.487878332981508	1	0.101	0.128	0.027
Slc39a8	0.779617817204537	-0.275904083882288	1	0.119	0.128	0.00900000000000001
Ikbkb	0.780603366855179	0.565152357541222	1	0.176	0.133	0.043
Cadm2	0.780927571348498	-0.410538195187237	1	0.546	0.569	0.0229999999999999
Vsig2	0.781145843240184	-0.276636207084961	1	0.084	0.101	0.017
Gatad2a	0.781570926714233	0.193997706988826	1	0.163	0.149	0.014
Sox17	0.781886445860556	0.114830949935227	1	0.203	0.202	0.001
Igsf5	0.784173354841366	0.116746397208221	1	0.119	0.106	0.013
Washc4	0.784957767386508	1.11430586231477	1	0.11	0.069	0.041
Adcy4	0.785720617320668	-0.217418129458317	1	0.137	0.138	0.001
Srgn	0.786409507892842	0.420002593292265	1	0.145	0.106	0.039
Usp3	0.786505201574181	0.104865189659835	1	0.225	0.207	0.018
Bmx	0.786611369719823	0.388623530264905	1	0.189	0.17	0.019
Hnrnpf	0.78728793847619	-0.247396849178229	1	0.141	0.149	0.00800000000000001
Gdi2	0.787632424825725	-0.384494396318899	1	0.128	0.165	0.037
Cd200l1	0.789046570626466	0.107953570427359	1	0.242	0.282	0.04
Cstf3	0.793801109281851	-0.264629451801333	1	0.093	0.117	0.024
Nedd4l	0.794790302687595	0.123220660189556	1	0.194	0.207	0.013
Arhgef3	0.79557893498437	-0.134103851131866	1	0.348	0.367	0.019
Mill2	0.7975459626273	-0.168322612926282	1	0.37	0.394	0.024
Sipa1l2	0.798307987334208	-0.278459520778411	1	0.093	0.106	0.013
Ccnl1	0.798571143232449	-0.272419565764683	1	0.167	0.186	0.019
Tsc22d1	0.798666193745211	-0.313987044121819	1	0.194	0.239	0.045
Niban2	0.799345879421955	0.30003070808048	1	0.132	0.117	0.015
Pls3	0.801537201714826	0.360640755698165	1	0.361	0.303	0.058
Hmcn1	0.802391343029711	-0.325182873604687	1	0.379	0.426	0.047
Fnbp4	0.803063638453328	-0.124186482772983	1	0.11	0.112	0.002
Zfp182	0.80361916391592	-0.31091731985523	1	0.115	0.149	0.034
Flvcr2	0.803719668780668	0.181398525751807	1	0.189	0.176	0.013
Rabep1	0.804089061521172	-0.15991582612676	1	0.137	0.149	0.012
Supt20	0.80542342569782	-0.105677369336319	1	0.145	0.138	0.00699999999999998
Pik3ca	0.806134162930524	-0.453158293347617	1	0.115	0.138	0.023
Dab2	0.806814703064628	-0.214957848225337	1	0.22	0.255	0.035
Rabgap1l	0.806829518480339	-0.25385657521776	1	0.176	0.223	0.047
Tmem243	0.807455588686125	-0.108602908732826	1	0.159	0.16	0.001
Pdcd4	0.808457134601802	-0.731360336201696	1	0.057	0.101	0.044
Strn3	0.809253536495444	-0.217781087369159	1	0.595	0.649	0.054
Ppig	0.810690942879621	-0.685100730537457	1	0.097	0.149	0.052
Phf20l1	0.815128199213098	-0.141508643878244	1	0.207	0.234	0.027
Tsc22d2	0.815318373422467	-0.163544726537424	1	0.154	0.181	0.027
Abhd2	0.816057167389372	0.16065919540506	1	0.441	0.42	0.021
Tm4sf1	0.816656680820419	0.314784036697876	1	0.137	0.117	0.02
Prdm16	0.816940346630263	0.110005427999228	1	0.15	0.133	0.017
Notch4	0.817874611380232	-0.563838839104711	1	0.097	0.117	0.02
Srbd1	0.819764997847569	-0.429047294926302	1	0.123	0.144	0.021
Heca	0.820464344305692	0.234752400579497	1	0.119	0.112	0.00699999999999999
Cdc14a	0.822011224602719	-0.173618778224206	1	0.198	0.229	0.031
Vta1	0.822522610126291	-0.394232015193387	1	0.084	0.117	0.033
Agmo	0.823735507107354	-0.154504031142723	1	0.163	0.181	0.018
Stard9	0.830531806123601	-0.211998410539106	1	0.238	0.266	0.028
Socs5	0.831778259628253	0.5109740921119	1	0.101	0.09	0.011
Phldb1	0.832100992979621	0.218353629317478	1	0.101	0.08	0.021
Smad6	0.832717330337784	0.100487656435714	1	0.159	0.138	0.021
Ophn1	0.836701082641841	-0.37029319327714	1	0.282	0.324	0.042
Xrcc4	0.836847614025169	0.160095957499258	1	0.185	0.17	0.015
Pcp4l1	0.837357194976028	-0.24647599246281	1	0.203	0.229	0.026
Egflam	0.839150471259034	-0.524871716233073	1	0.088	0.122	0.034
Nisch	0.839901973445792	0.151371427739025	1	0.106	0.09	0.016
Cysltr1	0.841355893998609	-0.370608210637461	1	0.172	0.197	0.025
Zadh2	0.841457118879408	0.220714241706032	1	0.115	0.101	0.014
Epn2	0.842889650730308	0.106307451414065	1	0.524	0.484	0.04
Scaf8	0.844203591238284	0.194808267453169	1	0.194	0.181	0.013
Lifr	0.844414095821763	-0.178393819661996	1	0.229	0.266	0.037
Pdlim5	0.845301881720513	0.240712816028921	1	0.471	0.431	0.04
Suz12	0.845336079707446	-0.201910316205503	1	0.084	0.101	0.017
Scaper	0.845970206603292	0.106886193002492	1	0.176	0.176	0
Snx6	0.846546516724965	0.322430959498737	1	0.128	0.122	0.00600000000000001
Tor1aip1	0.846812695316527	-0.14307506855946	1	0.198	0.202	0.004
Slc40a1	0.847130538298934	0.198128706550375	1	0.203	0.207	0.00399999999999998
Abcb7	0.848452244570974	-0.231696159871177	1	0.15	0.165	0.015
Tmem184b	0.848957769397137	0.232072709943932	1	0.163	0.138	0.025
Nufip2	0.849258577410415	0.444320718661141	1	0.11	0.09	0.02
Ano6	0.850038925365415	0.272909876971426	1	0.344	0.293	0.051
Mib1	0.850470080095757	0.271177955808882	1	0.101	0.074	0.027
Ldb2	0.851409708813308	0.292273482578057	1	0.203	0.154	0.049
Dnah3	0.851599079559325	-0.478982999429616	1	0.097	0.122	0.025
Ubr1	0.856345348462568	0.144710237487925	1	0.216	0.202	0.014
Piezo1	0.856370131377632	0.273382837858906	1	0.198	0.17	0.028
Septin11	0.859439144588512	0.218200411479692	1	0.128	0.122	0.00600000000000001
Birc6	0.859543303941127	0.150928339033264	1	0.256	0.213	0.043
Nedd9	0.860131735360991	0.14258637421737	1	0.203	0.202	0.001
Plcg2	0.861694545585559	0.394021231350794	1	0.163	0.133	0.03
Maml3	0.862280661416137	-0.265193890585015	1	0.163	0.186	0.023
Ppp1r13b	0.862620403109094	0.194060764982899	1	0.304	0.271	0.033
Trim12a	0.863154859899994	-0.124589426993976	1	0.167	0.191	0.024
Tshz2	0.863443165726703	-0.104536043954553	1	0.656	0.713	0.0569999999999999
Def6	0.864312455883654	-0.219944686217956	1	0.093	0.112	0.019
Tnfsf10	0.865920993504414	-0.120068492933481	1	0.22	0.245	0.025
Arhgef1	0.86624643689678	0.196296629109905	1	0.137	0.138	0.001
Pros1	0.867261333230874	0.227630039746925	1	0.159	0.138	0.021
Tie1	0.867395348542929	-0.156953405349317	1	0.216	0.25	0.034
Myo10	0.870764102219087	0.195998122647202	1	0.41	0.388	0.022
Cpne8	0.87142024515528	-0.141513808853734	1	0.322	0.319	0.003
Clybl	0.871930824329138	-0.202395960138313	1	0.137	0.16	0.023
Gsk3b	0.872575301551132	0.208812181998928	1	0.326	0.293	0.033
Mmp28	0.87361824836869	-0.328202565812187	1	0.115	0.128	0.013
Ywhaq	0.875568899766803	0.485978356017544	1	0.167	0.122	0.045
Elovl5	0.875768119621808	0.229791928565263	1	0.115	0.106	0.00900000000000001
Septin7	0.877258012529518	0.268925218219141	1	0.137	0.122	0.015
Lrrc49	0.880712263294821	-0.176299092332822	1	0.115	0.144	0.029
Macrod2	0.881919808456812	-0.139607267634657	1	0.291	0.324	0.033
Stard13	0.882987513648227	-0.131770056720497	1	0.524	0.537	0.013
Prrc2b	0.884050223142	-0.674343491321277	1	0.101	0.149	0.048
Tgfbr3	0.885644783855895	-0.107493776228209	1	0.295	0.314	0.019
Vwa8	0.88586629707774	-0.353346896285655	1	0.093	0.112	0.019
Ece1	0.887445893829769	-0.131606560679206	1	0.132	0.138	0.00600000000000001
Zfp638	0.887925802895943	-0.295012926813937	1	0.15	0.16	0.01
Rprd2	0.890169813440228	-0.546603547143632	1	0.093	0.133	0.04
Rbms2	0.89248255272337	-0.148374490904597	1	0.216	0.229	0.013
Bcar3	0.893145952563876	-0.246112757632568	1	0.137	0.154	0.017
Kansl1	0.893952930925451	-0.15759617898611	1	0.463	0.5	0.037
Tgfbr2	0.894340292003924	0.42600142937041	1	0.264	0.218	0.046
Slc3a2	0.894600609214401	0.418864639848163	1	0.106	0.085	0.021
Nmi	0.89772677112267	-0.498780925901658	1	0.07	0.112	0.042
Celf2	0.898386594283235	0.216803449031858	1	0.59	0.574	0.016
Mboat1	0.899847512985125	0.443633582303942	1	0.11	0.112	0.002
Adamts10	0.901700383814691	0.220571292867993	1	0.229	0.207	0.022
Rnf152	0.901714518195913	-0.105757742345716	1	0.128	0.16	0.032
Epb41	0.902370204642131	-0.184164138927303	1	0.163	0.181	0.018
Hnrnpm	0.903138318646137	0.222639060583949	1	0.141	0.128	0.013
Pir	0.903511759053843	-0.210193974205421	1	0.379	0.404	0.025
Peak1	0.90497585520359	0.141420483278289	1	0.339	0.309	0.03
Clic5	0.905396308964893	0.197941862564637	1	0.172	0.16	0.012
Kalrn	0.907020895495846	0.205860295818306	1	0.203	0.186	0.017
Pten	0.907479043139242	0.378708080455112	1	0.189	0.16	0.029
Lamc1	0.908293743526027	0.254111425351826	1	0.123	0.117	0.00599999999999999
Fam172a	0.909707699120047	-0.12724956398477	1	0.392	0.404	0.012
Tnfrsf19	0.910322736371281	0.113413708885624	1	0.322	0.319	0.003
Plekhg5	0.910894888604735	0.254788023895569	1	0.106	0.096	0.01
Usp46	0.91094824450489	0.282516771373961	1	0.145	0.133	0.012
Bclaf3	0.911044376431481	-0.356518545108025	1	0.101	0.112	0.011
Smyd3	0.911436415605011	0.229410069559852	1	0.251	0.218	0.033
Arhgap5	0.912804520833838	-0.306533619237719	1	0.145	0.16	0.015
Znrf3	0.914198825950202	-0.113795208664956	1	0.379	0.399	0.02
Gfod1	0.914935879299167	-0.190823809060627	1	0.119	0.122	0.003
Ramp2	0.915578783569632	-0.22944485833359	1	0.115	0.117	0.002
Gtf2i	0.916392082093032	0.207863015140468	1	0.167	0.154	0.013
Sec24b	0.916779762077546	-0.36884636837977	1	0.172	0.207	0.035
Rcsd1	0.917065774540321	0.107793674711122	1	0.15	0.149	0.001
St8sia4	0.918643101191875	-0.178594207543702	1	0.348	0.394	0.046
Ccdc82	0.920214872849805	-0.245385476776519	1	0.163	0.186	0.023
St3gal1	0.920750003976	0.321817393222232	1	0.251	0.207	0.044
Abca1	0.921025390935165	-0.448620769835839	1	0.119	0.149	0.03
Ppp2r2a	0.921729567425491	-0.121166589430539	1	0.115	0.117	0.002
Fbxl7	0.922174049017677	0.127772711323076	1	0.52	0.527	0.00700000000000001
Adgra2	0.922264958785566	0.169126891304437	1	0.198	0.181	0.017
Terf1	0.923977598430276	-0.168558005272706	1	0.181	0.223	0.042
Rictor	0.92475860559752	0.477354160349706	1	0.269	0.223	0.046
Epas1	0.925098002238393	0.161604713359966	1	0.63	0.606	0.024
Cyfip1	0.925499940285973	0.334123273575802	1	0.194	0.16	0.034
Acer2	0.926766584877322	0.109313104666265	1	0.41	0.394	0.016
BC028528	0.928856244643936	-0.143474567866439	1	0.128	0.149	0.021
Camk2d	0.929481280694447	0.117685601928559	1	0.3	0.271	0.029
St6gal1	0.932639692773567	0.11200834192903	1	0.361	0.356	0.005
Cecr2	0.935394970609248	0.215768377540516	1	0.225	0.197	0.028
Kif5b	0.936035116610033	0.167648705915257	1	0.291	0.261	0.03
Nfe2l2	0.936449172898392	0.258493952106912	1	0.141	0.122	0.019
Lrrtm4	0.936887433966213	0.11027575813517	1	0.339	0.335	0.004
Pik3c2a	0.938973650015121	-0.221816800301427	1	0.379	0.41	0.031
Hip1r	0.941970649469001	0.27644048903829	1	0.115	0.112	0.003
Atp6v0a1	0.943037037052424	-0.290863933338684	1	0.084	0.101	0.017
Morf4l1	0.944207749132507	-0.224185235677351	1	0.097	0.106	0.00899999999999999
Hivep2	0.950076887864974	0.308812644855008	1	0.176	0.133	0.043
Ddx60	0.950188414960744	-0.117142391030651	1	0.198	0.213	0.015
Pspc1	0.950811181189504	-0.280183240308169	1	0.106	0.138	0.032
Eif3a	0.951288125438647	-0.215282952100021	1	0.172	0.181	0.00900000000000001
Mast4	0.951680795878247	0.158331926700678	1	0.652	0.617	0.035
Acacb	0.954205592381703	-0.331152516464106	1	0.141	0.16	0.019
Luzp1	0.955823410117696	0.184451664813397	1	0.498	0.463	0.035
Rhoa	0.956366384558265	0.159080037811821	1	0.225	0.202	0.023
Klf3	0.958964479408282	0.333774491586509	1	0.238	0.197	0.041
Cdk14	0.959422461291095	-0.212890817035387	1	0.352	0.378	0.026
Zfx	0.960708842520028	-0.258873481320661	1	0.132	0.16	0.028
Luc7l3	0.962677058417338	-0.489141297183422	1	0.075	0.101	0.026
Pnisr	0.963610793169884	-0.308706578726574	1	0.11	0.128	0.018
Nrg3	0.966202690489583	0.122010986592761	1	0.537	0.537	0
Shank3	0.96735035042195	0.211564485521071	1	0.317	0.282	0.035
Zfp407	0.968190744549236	-0.167002975974405	1	0.344	0.34	0.00399999999999995
Ccdc186	0.96884353631253	0.543290470734459	1	0.11	0.08	0.03
Exoc6	0.970600089405606	0.133844401324664	1	0.405	0.378	0.027
Kdr	0.97151542836923	0.116545401653032	1	0.185	0.176	0.00900000000000001
Rasip1	0.971677700140936	0.345523132032884	1	0.181	0.149	0.032
Zfp326	0.971812840593992	0.11577664695369	1	0.101	0.096	0.005
Inpp5a	0.972491429848418	0.282349215870391	1	0.106	0.08	0.026
Grb2	0.972598576833594	0.125080206196124	1	0.163	0.154	0.00900000000000001
Rapgef6	0.973499792290148	-0.135919236803001	1	0.317	0.324	0.00700000000000001
Eps8l2	0.974836189281833	0.124072184353223	1	0.154	0.133	0.021
Trpm6	0.974905989506831	-0.20437503818986	1	0.15	0.17	0.02
Chd6	0.975839488017722	-0.219757760504838	1	0.141	0.16	0.019
Ywhae	0.977416810411819	0.125717111459559	1	0.194	0.181	0.013
Pbrm1	0.977868707204399	-0.18789104214703	1	0.167	0.181	0.014
Phc3	0.980653128798739	-0.240647869542375	1	0.145	0.17	0.025
Senp6	0.982281877220138	-0.23702662492456	1	0.128	0.133	0.005
Actn4	0.982889025758654	0.409976024187233	1	0.282	0.239	0.043
Phf14	0.983175741056196	-0.243744573705476	1	0.123	0.128	0.005
Phip	0.983685096517893	-0.131429720554576	1	0.233	0.261	0.028
Myl6	0.984040104351708	0.238879912654758	1	0.15	0.128	0.022
Mecp2	0.9843305808412	0.119867382216347	1	0.167	0.154	0.013
Fam171a1	0.98457141366257	0.372077820630156	1	0.167	0.144	0.023
Ppp1cb	0.984842949165431	0.120670846427044	1	0.242	0.213	0.029
Kmt2c	0.985549560069061	0.231742187851717	1	0.405	0.356	0.049
Helz	0.986310116957495	-0.382804602935721	1	0.084	0.106	0.022
Tspan12	0.987109935041989	-0.211609054034176	1	0.106	0.122	0.016
Ttc7b	0.988106224815357	-0.204099727834634	1	0.154	0.16	0.00600000000000001
Fkbp15	0.988143985811465	-0.144553514750858	1	0.119	0.122	0.003
Hook3	0.990115876146162	-0.118730416428586	1	0.115	0.122	0.00699999999999999
Dennd4c	0.990219568795576	-0.114729221932792	1	0.3	0.34	0.04
Prkd2	0.994318491415239	0.204420581564891	1	0.163	0.144	0.019
Gnai2	0.995545998067345	-0.329882393635963	1	0.101	0.128	0.027
Zfp652	0.997591015334747	-0.328063189946068	1	0.15	0.17	0.02
Lmo2	0.999662871341557	-0.183257682994853	1	0.203	0.229	0.026
