gene	p_val	avg_log2FC	p_val_adj	percent_3	percent_0	percent_difference
Zbtb16	5.09847947934144e-15	-1.67623077863123	9.13545553108399e-11	0.2	0.466	0.266
Tef	7.374549192375e-08	-2.75904028157823	0.00132137172428975	0.025	0.151	0.126
Zfp423	2.48907269460942e-07	1.4134667002783	0.00445992045420116	0.283	0.14	0.143
Plekhg1	6.78013217695988e-07	0.782620490929597	0.0121486408346767	0.507	0.342	0.165
Magi1	9.51459189137485e-07	0.636769231474947	0.0170482457509655	0.541	0.418	0.123
Mcf2l	1.12455531402816e-06	-1.37522639612922	0.0201497821167566	0.124	0.302	0.178
Etl4	2.3932195416771e-06	2.40278658172303	0.0428817077477702	0.157	0.051	0.106
Ttll7	4.3771711816898e-06	-1.55857115953835	0.0784301532335179	0.078	0.226	0.148
Klhl2	5.83565278375168e-06	-1.70359861859688	0.104563226579263	0.104	0.283	0.179
Coro2a	6.79196119301064e-06	-1.87243658529456	0.121698360656365	0.062	0.17	0.108
Gnaq	9.47429881787399e-06	0.475207012932628	0.169760486218666	0.77	0.65	0.12
Nr1d2	1.8517425636737e-05	-1.37803558980994	0.331795232559053	0.127	0.251	0.124
Pbx1	1.9845668608837e-05	1.06345563675716	0.355594690133141	0.539	0.369	0.17
Hlf	2.30053414101682e-05	-2.61058918341877	0.412209707387394	0.023	0.132	0.109
Itpr1	2.76839860987335e-05	1.04189175957522	0.496041662917106	0.295	0.17	0.125
Afap1l2	2.8299331477504e-05	1.08132728426492	0.507067421413917	0.399	0.256	0.143
Arhgap18	2.88079491211551e-05	1.26963492383157	0.516180832352857	0.113	0.078	0.035
Krcc1	2.88373793193592e-05	1.12807751305991	0.516708162644279	0.131	0.084	0.047
Gpcpd1	2.9295110113877e-05	-0.516561264353612	0.524909783020448	0.772	0.852	0.08
Nt5c2	7.24941448404048e-05	-1.47596312047434	1	0.159	0.307	0.148
Nptn	8.45309702421092e-05	-1.73767933270714	1	0.051	0.102	0.051
Wdfy3	0.00010333968123819	-0.926359155750834	1	0.18	0.283	0.103
Dnaja1	0.000112983754011943	-1.92668669615091	1	0.032	0.1	0.068
Dbp	0.000123625761426844	-2.72999583241756	1	0.021	0.113	0.092
Gopc	0.000150982220439997	1.15015899784175	1	0.111	0.057	0.054
Smurf1	0.000175092713474504	1.38155603022435	1	0.161	0.078	0.083
Prpf4b	0.000189372867939894	-1.23735318870353	1	0.198	0.396	0.198
Zfand6	0.000240852811936357	0.719101578241796	1	0.329	0.197	0.132
Fmo2	0.000245908268119431	-1.02306432221197	1	0.154	0.261	0.107
Eif2s2	0.000272949800051561	-1.34202698299293	1	0.062	0.121	0.059
Atg3	0.000286951651542062	-2.20185880216321	1	0.03	0.102	0.072
Adgrl3	0.000294076014261171	-0.791514895290417	1	0.332	0.442	0.11
Ier3	0.000306884800905697	-1.7841557811664	1	0.039	0.1	0.061
Cyth1	0.000437476754591426	-0.97440530281726	1	0.145	0.243	0.098
Med15	0.000484147101009499	-2.15930311213007	1	0.039	0.129	0.09
Pcdh7	0.000497404059287625	1.48018936249736	1	0.145	0.073	0.072
Ralbp1	0.000535857489189025	-1.59502281805627	1	0.051	0.121	0.07
Frmd5	0.000606900862595272	0.434847978184144	1	0.737	0.712	0.025
Khdrbs1	0.000627420332260156	-1.61854052416611	1	0.058	0.129	0.071
Per3	0.000663418205459384	-2.25396049067363	1	0.03	0.127	0.097
Ogt	0.000696399087060522	-0.835379414642067	1	0.189	0.321	0.132
Tango6	0.000697512418207365	0.927494546124025	1	0.118	0.089	0.029
Mpzl1	0.000709928785921008	0.62542102118864	1	0.454	0.315	0.139
Eml1	0.000736675044569746	-0.860872273171288	1	0.131	0.237	0.106
Dgkh	0.000980056574483222	-1.9297013911048	1	0.078	0.218	0.14
Kcmf1	0.00101644620434629	0.434464179084461	1	0.212	0.162	0.05
Mob2	0.00105350743951489	0.94079948767645	1	0.152	0.1	0.052
Mdm4	0.00109384567791712	-0.910853662495283	1	0.124	0.181	0.057
Ap3s1	0.00123963827995008	-1.04400445676776	1	0.099	0.164	0.065
Nckap5	0.0013036167518227	-0.692659489610955	1	0.224	0.307	0.083
Rasal2	0.00130541745272751	-0.488198271729459	1	0.749	0.825	0.076
Prkacb	0.00134312842860534	-1.32262052208176	1	0.051	0.137	0.086
Fam13a	0.00136985345961185	-1.74249213856752	1	0.06	0.143	0.083
Clk1	0.00151018476510886	-0.613007181968549	1	0.265	0.369	0.104
Sumo1	0.00152165664269089	-1.41175034926643	1	0.074	0.159	0.085
Ddah1	0.0015357840018573	-1.72091750671551	1	0.032	0.111	0.079
Gbf1	0.00163566303061101	-1.16924586040354	1	0.111	0.199	0.088
Qki	0.00173054702967354	-0.346000757003194	1	0.664	0.736	0.072
Pafah1b1	0.00174854774794361	-0.333540552697229	1	0.191	0.283	0.092
Sos1	0.00178820460896948	-0.583121816005887	1	0.191	0.278	0.087
Pik3ip1	0.00191442318080157	-1.47047743547114	1	0.058	0.124	0.066
Ankrd12	0.001973987854086	-1.13849758454635	1	0.219	0.399	0.18
Pitpnc1	0.00199888526456082	0.760714347096521	1	0.528	0.412	0.116
Tacc2	0.00209287663740393	-1.43705770768879	1	0.039	0.108	0.069
Macf1	0.00227087412986268	0.260038026766702	1	0.876	0.763	0.113
Kif13b	0.00234582215099854	0.646505623047037	1	0.27	0.21	0.06
Fbxl12	0.00235215427075663	-1.24338521544059	1	0.062	0.113	0.051
Dcbld2	0.00235841226038593	-2.0559967688204	1	0.044	0.137	0.093
Taf15	0.00241016976620143	-1.09284626476494	1	0.108	0.175	0.067
Jmjd1c	0.00241542161075637	0.349623829662865	1	0.574	0.474	0.1
Ccdc85a	0.00251739529793169	-0.646670357370424	1	0.424	0.539	0.115
Dennd1b	0.00260978712342739	-0.677755916883701	1	0.217	0.318	0.101
Ehmt1	0.00274195090355075	-1.01912398136183	1	0.111	0.181	0.07
Wwc2	0.00294081790396721	0.400011467966331	1	0.431	0.329	0.102
Id1	0.00316370205314481	-0.764436503476365	1	0.099	0.189	0.09
Nuak1	0.00324491696544901	1.16367150027948	1	0.168	0.094	0.074
Bclaf1	0.0032686822886957	-0.722136312359391	1	0.101	0.159	0.058
Ralgapa2	0.00349928935647454	0.28930407627458	1	0.147	0.135	0.012
Trak1	0.00350357140905795	-1.27087674635652	1	0.071	0.143	0.072
Inpp5f	0.00367333481124152	-0.717719221370424	1	0.157	0.224	0.067
Ggnbp2	0.00376635350575813	-1.1792099703046	1	0.076	0.181	0.105
Ranbp9	0.0039986282230238	-1.03797765523358	1	0.175	0.299	0.124
Tjp2	0.00400561344439879	0.518571307203063	1	0.353	0.264	0.089
Baz1b	0.00401036803571775	-0.955758239206405	1	0.09	0.154	0.064
Ifnar2	0.00401112865280006	0.668145093360271	1	0.325	0.205	0.12
Xdh	0.00409386407273222	-0.659285186377961	1	0.27	0.375	0.105
Srsf4	0.00429877972781796	0.968777163779338	1	0.124	0.073	0.051
Chd1	0.00447248783542913	0.769313720861096	1	0.161	0.113	0.048
Ddx50	0.00460297124522222	-0.150741723520207	1	0.18	0.186	0.00600000000000001
Bbx	0.00486395860964982	0.15513636654393	1	0.226	0.191	0.035
Malt1	0.00493684904198338	1.11847975035316	1	0.115	0.078	0.037
Cldn5	0.005059768970145	0.560915091022551	1	0.449	0.375	0.074
Net1	0.00510981123388334	-0.867105699825436	1	0.122	0.17	0.048
Pcca	0.00524630469359689	0.487445521829672	1	0.47	0.396	0.074
Akap12	0.00550102048201371	0.213040592677011	1	0.111	0.073	0.038
Eif2ak2	0.0056019159510492	1.38115728223424	1	0.138	0.078	0.06
Krit1	0.0057480584629802	-1.19298515092016	1	0.055	0.116	0.061
Senp7	0.00581635237905769	-1.57179356328609	1	0.046	0.1	0.054
Tek	0.00596123904330807	0.410773751614846	1	0.765	0.682	0.083
Polr2a	0.00637600126576864	0.643721343589689	1	0.113	0.073	0.04
St6galnac3	0.00641284742738069	0.370888242561792	1	0.829	0.776	0.0529999999999999
Syne1	0.00658596563440212	0.569169368322627	1	0.654	0.534	0.12
Timp3	0.00683524829710421	-0.297213378538718	1	0.143	0.226	0.083
Lama3	0.00696387588365195	1.43425060009312	1	0.2	0.097	0.103
Hs3st1	0.0069837826554539	1.05573955611322	1	0.203	0.116	0.087
Rcbtb1	0.0070407043288952	-1.37849798733978	1	0.041	0.102	0.061
Mtdh	0.00723964187122778	-0.593674830228003	1	0.159	0.224	0.065
Phlpp1	0.00725544561222207	-0.268889182170763	1	0.124	0.208	0.084
Slc2a1	0.00732885576135952	-0.478964762190077	1	0.399	0.499	0.1
Fmnl2	0.00750464260207621	-0.41251411337433	1	0.452	0.464	0.012
Taok1	0.00765336752246717	-0.96452776245084	1	0.099	0.205	0.106
Pam	0.00776527202513765	-0.377266083793456	1	0.249	0.361	0.112
Abcg2	0.00791554934771507	-0.464289872789238	1	0.611	0.725	0.114
Eif2ak4	0.00793708064151892	-1.30539424308572	1	0.055	0.119	0.064
Apoe	0.00837996247698059	-0.451163859249694	1	0.143	0.208	0.065
Nhs	0.00844169852234201	1.06367961668319	1	0.212	0.119	0.093
Fam117b	0.00846733617572535	-0.837165384402158	1	0.182	0.283	0.101
Zfhx3	0.00856959647804358	1.02491710349766	1	0.182	0.1	0.082
Snx24	0.00879498846907419	1.30638027674482	1	0.194	0.094	0.1
Mprip	0.00892765952299972	-0.533518039750425	1	0.329	0.399	0.07
Creb3l2	0.00919765661557342	0.613023698813872	1	0.173	0.135	0.038
Scarf1	0.00920058882712459	0.796660126893873	1	0.131	0.073	0.058
Slc31a1	0.00947271294733665	-0.37895783812044	1	0.111	0.159	0.048
Nebl	0.0094793770979932	-0.151451863288684	1	0.857	0.871	0.014
Kif1b	0.00970328383170079	-1.08131786843495	1	0.074	0.111	0.037
Tnks2	0.00970745671677302	-0.711741452424438	1	0.184	0.248	0.064
Ddx3x	0.00972171200984894	1.00446436618987	1	0.177	0.081	0.096
Por	0.0101547050784372	-1.47978111667546	1	0.058	0.137	0.079
Myo1b	0.0101776004742913	0.509432766170996	1	0.276	0.229	0.047
Tspan5	0.0103291968595893	0.361108832317771	1	0.714	0.668	0.0459999999999999
Vps54	0.0105261806901703	-0.48971597936245	1	0.187	0.218	0.031
Ppp2r5a	0.0106644259249592	0.63497939515334	1	0.304	0.248	0.056
Supt16	0.0107528115118394	-1.16924819888484	1	0.058	0.1	0.042
Thsd1	0.0111985243170004	0.424702765120647	1	0.389	0.302	0.087
H2-Q6	0.0112838991123077	0.335176971951166	1	0.111	0.102	0.00900000000000001
Arid4a	0.0113525457884129	-0.552329553197017	1	0.154	0.181	0.027
Rsrp1	0.0117446826735208	-0.223434787176496	1	0.094	0.121	0.027
Nxn	0.0120049843116287	0.514324431462466	1	0.551	0.431	0.12
Rbm27	0.0121345055092017	-0.97898298777655	1	0.078	0.129	0.051
Dock4	0.0121427085824426	0.195321741807563	1	0.811	0.763	0.048
Hmbox1	0.0122138613074591	-0.536443469205295	1	0.302	0.364	0.062
Scai	0.0126982385481339	-0.757770570313991	1	0.044	0.1	0.056
Osmr	0.0129330141077651	0.706055326730698	1	0.244	0.175	0.069
Lrrn3	0.0131262165602599	-1.84716843749467	1	0.03	0.105	0.075
Btbd9	0.013686666564167	-0.433930679702706	1	0.221	0.288	0.067
Ube2g1	0.0137017916775557	-0.741483890626217	1	0.175	0.248	0.073
Zmym4	0.0138601962437444	-0.601728935412723	1	0.154	0.226	0.072
Fubp1	0.0142587137806211	-0.625332104740916	1	0.083	0.151	0.068
Ireb2	0.0143290375050717	1.41529743660675	1	0.108	0.051	0.057
Ldlrad4	0.0143890161727475	0.621979201629647	1	0.38	0.259	0.121
Kat6a	0.0144280112389453	-0.655422730220874	1	0.205	0.28	0.075
Naa16	0.0150837672342649	0.605168136071098	1	0.124	0.084	0.04
Arhgap29	0.0151775981146498	0.451920651408594	1	0.528	0.472	0.056
Zfp950	0.0152072577969914	-0.804013550506418	1	0.159	0.232	0.073
Spock2	0.0153161885535908	-0.293970708912723	1	0.325	0.442	0.117
Sik2	0.0156310326624136	-0.549134039693977	1	0.164	0.175	0.011
Megf6	0.0157802718743041	-0.333338184133588	1	0.094	0.129	0.035
Rundc3b	0.0158778068218357	-0.646391675810914	1	0.62	0.722	0.102
Slc38a9	0.0159201218574749	-1.58206359356641	1	0.051	0.1	0.049
Pals1	0.0160727809418489	-0.801663016208279	1	0.055	0.1	0.045
Tlk1	0.0162393476612466	-0.347615690906057	1	0.15	0.164	0.014
Srsf5	0.0163752321758736	-0.570468043452525	1	0.214	0.256	0.042
Smad2	0.0164483667717063	0.354368078020418	1	0.138	0.111	0.027
Arcn1	0.016625553785597	0.708392479571834	1	0.101	0.065	0.036
Smg6	0.0166899799295375	0.326965184904433	1	0.403	0.345	0.0580000000000001
Asb3	0.0167038999601467	0.468201901092518	1	0.124	0.1	0.024
Usp54	0.0167763056273306	-0.626463957587139	1	0.191	0.28	0.089
Ube2h	0.0170650506180639	-0.495660657229833	1	0.171	0.218	0.047
Caap1	0.0171758957245944	-1.93410266048484	1	0.039	0.1	0.061
Wdpcp	0.0179811194920695	-1.40168156165791	1	0.046	0.105	0.059
Spag9	0.0186092241174028	-0.22395142850082	1	0.406	0.474	0.0679999999999999
Hdac9	0.0188952660401821	0.593964764789913	1	0.465	0.358	0.107
Uhrf2	0.0189039848095553	0.253285887827782	1	0.207	0.151	0.056
Adam10	0.0194065706119078	0.415265725534294	1	0.452	0.369	0.083
Mnat1	0.0194635222322685	0.498872997162332	1	0.134	0.129	0.005
Smad1	0.0194964451207222	0.616723834934751	1	0.187	0.135	0.052
Ptprb	0.0196997416286072	0.321121018815579	1	0.924	0.86	0.0640000000000001
Atp2b1	0.0200497204702491	-1.1200487921209	1	0.051	0.102	0.051
Diaph1	0.0201096460619992	0.637780367740034	1	0.207	0.132	0.075
Tmem164	0.0201616710850662	0.584170432012932	1	0.217	0.154	0.063
Crlf3	0.0201627649446704	-0.707877944581391	1	0.104	0.146	0.042
Frs2	0.0202545845326518	-0.169475081629262	1	0.136	0.113	0.023
Pecam1	0.0204302847533769	0.472415225581992	1	0.604	0.464	0.14
Jarid2	0.0204377503802719	-0.577040379200461	1	0.145	0.229	0.084
Cwc27	0.0205823847428179	-0.597386892875021	1	0.081	0.116	0.035
Ppp1r16b	0.020691602299006	0.593006772517792	1	0.21	0.146	0.064
Sorbs3	0.0209809482660064	-1.26560469554178	1	0.048	0.1	0.052
Grk5	0.0211218464569925	0.63946690533058	1	0.401	0.296	0.105
Lhfpl2	0.021364580537595	0.631596977948567	1	0.281	0.208	0.073
Svil	0.0215530434733916	-0.435181205735564	1	0.341	0.402	0.061
Srek1	0.0219691386079005	-1.03064808041076	1	0.076	0.167	0.091
Commd10	0.0221667603249417	1.07554690661145	1	0.101	0.059	0.042
Elf1	0.0224313586049174	0.584637107343376	1	0.311	0.21	0.101
Lrch3	0.0227579387705609	-0.525984412723827	1	0.302	0.337	0.035
Hdgfl3	0.0232128478402412	-0.745654816491973	1	0.06	0.102	0.042
Tpd52	0.0233217285717442	0.296446227336136	1	0.272	0.197	0.075
Ctdspl2	0.0233588370610097	-0.201139017952394	1	0.152	0.132	0.02
Mrtfa	0.0234676791345585	-1.06706725713788	1	0.065	0.124	0.059
Gbp4	0.0236632319120154	0.456519701345961	1	0.184	0.121	0.063
Ppp1r12a	0.0236790154946772	0.503385429922028	1	0.484	0.372	0.112
Pou2f1	0.0237501613291843	-0.816298585909749	1	0.101	0.173	0.072
Ankrd17	0.024081098491764	-0.426139221342429	1	0.24	0.323	0.083
Ube2k	0.0241327394211287	-0.556754303765337	1	0.129	0.197	0.068
Akt3	0.0248550728770135	-0.506546951722687	1	0.389	0.523	0.134
Snd1	0.0251052056256099	0.873129838092866	1	0.159	0.108	0.051
Lyrm1	0.0251939596648914	-1.04884387488487	1	0.046	0.102	0.056
Vps13b	0.0253401271921287	0.37477320098004	1	0.3	0.278	0.022
Nhsl2	0.0260181077434312	1.13122552302587	1	0.157	0.089	0.068
Ralgapa1	0.0267516892251587	0.146062185716231	1	0.744	0.666	0.078
Zhx3	0.0268573512870661	-0.661025590957184	1	0.346	0.426	0.08
Ndrg1	0.0269563500543184	-0.494021772622993	1	0.207	0.27	0.063
Nfkbia	0.0277518653105599	-0.720084163404104	1	0.069	0.119	0.05
Pced1b	0.0283150584170156	-0.302633505906977	1	0.173	0.205	0.032
Scaf4	0.0283170257147144	-1.51115945505583	1	0.06	0.119	0.059
Uty	0.0286697520499034	-2.22006189985422	1	0.039	0.178	0.139
Tut4	0.0287342840830417	-0.876505410538544	1	0.108	0.191	0.083
Rnf111	0.028771743070035	-0.629475556876753	1	0.113	0.143	0.03
Tbc1d4	0.0289322104480325	-0.407465626154487	1	0.505	0.588	0.083
Prkd1	0.0289857490590421	-1.09120359501238	1	0.051	0.116	0.065
Sema6a	0.0294032080067311	0.520946631994948	1	0.565	0.474	0.091
Ngly1	0.0295876812059979	0.474156544267668	1	0.106	0.089	0.017
Rap1a	0.0297993357232477	0.376475290213332	1	0.29	0.221	0.069
Sypl	0.029895166998972	-0.741875158050926	1	0.138	0.183	0.045
Sparcl1	0.0299434529325375	-0.573183796774882	1	0.194	0.224	0.03
Tll1	0.0304923618817762	0.817647151169166	1	0.173	0.113	0.06
Rnf103	0.0305381901687619	-0.894679826321821	1	0.078	0.121	0.043
Ppm1h	0.0306471066218515	0.34897636310274	1	0.297	0.229	0.068
Sertad2	0.0313898995856784	-0.95221798146545	1	0.081	0.132	0.051
Lcp1	0.0319372060919199	-0.5611968557789	1	0.099	0.111	0.012
Slc7a5	0.032015240588664	-0.491664360168255	1	0.203	0.259	0.056
Crispld1	0.0321501427620919	-0.713921808916412	1	0.18	0.229	0.049
Gna13	0.0330095016013931	-0.444365318918117	1	0.076	0.108	0.032
Fut8	0.0331028756281512	0.436371402098756	1	0.551	0.499	0.052
Dapk1	0.0334116528245103	-0.725411809519572	1	0.092	0.156	0.064
Cp	0.0336003828138218	0.409098995639065	1	0.472	0.361	0.111
Lrrk1	0.0342241067652177	0.236183925789358	1	0.316	0.332	0.016
Cdk17	0.0342933172929362	0.332896176340951	1	0.495	0.412	0.083
Cradd	0.0344011213689507	0.765956992958889	1	0.242	0.154	0.088
Atxn7	0.0345394849834657	-0.777404363292999	1	0.177	0.256	0.079
Arid1b	0.0358599024780051	0.255508773569529	1	0.334	0.291	0.043
Mef2c	0.0359015337004447	0.486422894919101	1	0.449	0.358	0.091
Tet2	0.0360102142272217	0.319673237778647	1	0.113	0.108	0.005
Add1	0.0361214000071262	-1.00121398280916	1	0.062	0.132	0.07
Itm2b	0.0362340652091118	-0.290936707421256	1	0.219	0.251	0.032
She	0.0368956339457686	-0.261084694500968	1	0.15	0.183	0.033
Ivns1abp	0.0369573254413554	-1.66115461613916	1	0.051	0.116	0.065
Tcf7l2	0.0381740581885706	0.880668195278595	1	0.26	0.181	0.079
Stx3	0.0381889137863409	-1.06709602426469	1	0.088	0.159	0.071
Zkscan3	0.0384749889996094	-0.305641699118175	1	0.108	0.105	0.003
Bltp1	0.0385283729087414	0.121322020126411	1	0.134	0.154	0.02
Cab39l	0.0388371745690727	0.547252647849106	1	0.111	0.092	0.019
Rnf169	0.03918811601117	-0.305463305824405	1	0.203	0.191	0.012
Arl15	0.0391925294077058	0.727435707664001	1	0.675	0.642	0.033
Gtdc1	0.0396011279322238	0.170847240538186	1	0.327	0.31	0.017
Cbl	0.0396297650290881	0.527697338687784	1	0.145	0.121	0.024
Ptp4a2	0.0399100612462269	0.481715977967696	1	0.226	0.178	0.048
Ly6c1	0.0405907903613774	-0.544779918367425	1	0.171	0.248	0.077
Itpkb	0.0407475143709136	0.307179741359779	1	0.355	0.329	0.026
Setd5	0.0416318154067348	0.27235945558901	1	0.41	0.326	0.084
B230219D22Rik	0.0417892285204582	0.566155726222787	1	0.113	0.075	0.038
Otud7b	0.0418590129074643	-0.350826528518942	1	0.15	0.183	0.033
B4galt5	0.0423626164160398	-0.975533060544802	1	0.065	0.108	0.043
Thada	0.0424510721427583	0.23147584250549	1	0.147	0.121	0.026
Rbm20	0.0425225665808509	0.432701632516113	1	0.159	0.143	0.016
Jak2	0.042600089604725	-0.552489613620185	1	0.074	0.1	0.026
Robo4	0.0438576088243034	-0.158804001618107	1	0.113	0.135	0.022
Hltf	0.0443630580953666	0.596115712948712	1	0.138	0.089	0.049
Pnpla6	0.0454570483145135	0.492484579281009	1	0.175	0.129	0.046
Cfdp1	0.0455738919322106	-0.186159562576236	1	0.131	0.137	0.00600000000000001
Usp25	0.0462742236220947	0.341657348145866	1	0.212	0.178	0.034
Cdc73	0.0464342173121639	-1.2801626549098	1	0.101	0.191	0.09
Atxn1	0.0465447211605104	0.437526799921266	1	0.373	0.364	0.00900000000000001
Med13l	0.0467957172467724	-0.675083903555277	1	0.198	0.27	0.072
Frmd4b	0.0474481926782719	0.408418545760223	1	0.521	0.491	0.03
Tln1	0.0476383287891317	-0.963490920233719	1	0.055	0.1	0.045
Stxbp5	0.0476608171597282	-1.80122278671539	1	0.032	0.1	0.068
Sik3	0.0477311732173432	0.578633078255087	1	0.32	0.261	0.059
Tmtc4	0.0480902630086146	-0.284927385706521	1	0.12	0.156	0.036
Mrtfb	0.0481751746213831	0.346029591672119	1	0.758	0.677	0.081
Cd34	0.0483794441935424	-0.831929176526184	1	0.101	0.164	0.063
Tmsb4x	0.048910122433892	-0.170235743248786	1	0.159	0.208	0.049
Dnajb6	0.048926109006249	-0.884661392412785	1	0.076	0.129	0.053
Mpp7	0.0494528082904163	0.438592618411355	1	0.244	0.164	0.08
Kdm5a	0.0495338539090702	-0.724665855062616	1	0.113	0.148	0.035
Glg1	0.049570852794078	-0.578025477037539	1	0.136	0.156	0.02
Pibf1	0.0496971521147291	-0.605512743516974	1	0.115	0.162	0.047
Arhgap12	0.0500042286874029	-0.367947735848196	1	0.23	0.235	0.00499999999999998
Camk2d	0.0510997810439286	0.566631324914386	1	0.327	0.264	0.063
Tmtc1	0.0521576457473734	-0.269386742181277	1	0.459	0.48	0.021
Stag2	0.0523703361919742	-0.555939466412769	1	0.214	0.251	0.037
Rassf3	0.0526012105606665	0.271472740224069	1	0.297	0.226	0.071
Cnot1	0.052851221540894	-0.798414141671782	1	0.115	0.146	0.031
Foxo3	0.0529161469035939	-0.723073424146268	1	0.115	0.162	0.047
Arhgef15	0.0532681653503098	-0.360290076752876	1	0.141	0.17	0.029
Myo1d	0.0532878978203815	0.259664794970321	1	0.682	0.606	0.0760000000000001
Bmpr2	0.0533215691418373	-0.171027667242427	1	0.684	0.677	0.00700000000000001
Pik3r1	0.0535144939435725	0.541009109388836	1	0.118	0.108	0.01
Tal1	0.0540301484505278	0.365010382408903	1	0.113	0.075	0.038
Itprid2	0.0544326804353937	0.718578119690188	1	0.272	0.178	0.094
Eml4	0.0547300521895542	0.20346485115111	1	0.18	0.178	0.002
Vti1a	0.0550575487831448	0.552831091621306	1	0.378	0.296	0.082
Pkn2	0.0553239569362932	-0.263536458630179	1	0.224	0.245	0.021
Stk38	0.0563339916684075	-0.263076775119282	1	0.359	0.402	0.043
Eif4g3	0.0564229359337478	0.816685531996953	1	0.113	0.081	0.032
Magi3	0.056556667725054	-0.893954461008152	1	0.286	0.41	0.124
Bsg	0.0569219816685731	0.222440373624996	1	0.463	0.439	0.024
Maob	0.0571057165761929	0.798773384967605	1	0.129	0.094	0.035
Ncoa3	0.057123964538749	0.281465077018235	1	0.191	0.186	0.005
Foxp1	0.0571486951485338	0.282382982958411	1	0.933	0.925	0.00800000000000001
Pkig	0.0572414553686218	-0.670290858058322	1	0.147	0.205	0.058
Kank3	0.057924747219716	0.146025021701996	1	0.336	0.358	0.022
Iqgap1	0.0583240430309494	0.296277868395636	1	0.429	0.396	0.033
Sorbs1	0.0588266951658212	-0.318488940718119	1	0.68	0.698	0.0179999999999999
Aplp2	0.0592103249046194	-0.651515746915866	1	0.177	0.261	0.084
Fat4	0.0593409090087219	0.51118532298315	1	0.152	0.129	0.023
Ttc28	0.059409956128673	0.304269862072104	1	0.567	0.518	0.0489999999999999
Top1	0.059672921936562	-1.20533976879575	1	0.104	0.181	0.077
Agrn	0.0603488791924489	-0.695338818443362	1	0.152	0.226	0.074
Nkd1	0.061293635613186	-0.577305688685649	1	0.069	0.102	0.033
Dst	0.0615577489866776	0.403216124535834	1	0.267	0.261	0.00600000000000001
Dennd5b	0.0619063350248723	0.164517543003437	1	0.362	0.337	0.025
Fas	0.0620558565836161	-0.650656018201357	1	0.101	0.162	0.061
Cep112	0.0624001764586431	-0.214803624317353	1	0.173	0.226	0.053
Alpk1	0.0624950135737351	-0.712173152720667	1	0.088	0.135	0.047
Gkap1	0.0625481298443943	-0.299384468333882	1	0.071	0.1	0.029
Ccnl2	0.0633344253486804	-0.865498577737011	1	0.143	0.216	0.073
Ptprj	0.0640057857334642	0.518023841560923	1	0.525	0.426	0.099
Akap7	0.0641114455698717	-0.789709463195046	1	0.12	0.164	0.044
Ptprm	0.0644642774723674	0.309457734147188	1	0.947	0.935	0.0119999999999999
Epb41l2	0.0645240420176231	-0.434362387433603	1	0.161	0.208	0.047
Umad1	0.0647039731400465	0.622759635001247	1	0.124	0.102	0.022
Eogt	0.0647156780827235	0.181339248662608	1	0.495	0.493	0.002
Lsm14a	0.0650596150074206	-0.432039715861018	1	0.131	0.148	0.017
Lyst	0.0652140613654845	-0.780860786413958	1	0.118	0.148	0.03
Vamp4	0.065610767502076	-0.878145104417769	1	0.085	0.113	0.028
Ptpra	0.0657356189818494	-0.361837107547585	1	0.097	0.116	0.019
Ehd4	0.0658987920541839	0.933153123393406	1	0.161	0.1	0.061
B4galt4	0.0661748875353099	-0.630516053395385	1	0.076	0.108	0.032
Nsmaf	0.0661841341474294	-1.44438285767426	1	0.048	0.1	0.052
App	0.0664172144816847	0.168421541504811	1	0.862	0.822	0.04
Klf9	0.0667250538753047	-0.87524069706451	1	0.113	0.183	0.07
Mill2	0.0669796630881757	0.163385392065706	1	0.396	0.334	0.062
Rbpj	0.0670732096155582	0.665733849323635	1	0.101	0.067	0.034
Foxn3	0.0670839351237158	0.334922490587419	1	0.569	0.504	0.0649999999999999
Gbp7	0.0675110894064502	0.180776923082713	1	0.124	0.092	0.032
Lbr	0.0675552658576209	0.749721533827509	1	0.108	0.075	0.033
Pkn1	0.0684257663780154	0.95337328015533	1	0.15	0.094	0.056
Ubr2	0.0696242144432435	-1.17097814028882	1	0.074	0.148	0.074
Bend7	0.0696858654989785	-0.384639351753443	1	0.09	0.119	0.029
Dnajc1	0.0701680196932265	-0.536538788695637	1	0.318	0.404	0.086
Sp1	0.0704791419685279	0.645346167296353	1	0.152	0.111	0.041
Srsf2	0.0705545445628101	-0.918127261733295	1	0.092	0.135	0.043
Oma1	0.0705586511083729	-0.611381158011941	1	0.085	0.129	0.044
Tfrc	0.0707645482849078	-0.644206281716284	1	0.251	0.318	0.067
Hivep1	0.0708475941459197	-0.776168670980655	1	0.067	0.116	0.049
Ctnnb1	0.0713291465276799	0.205768203122783	1	0.21	0.21	0
Sltm	0.0714494944769918	-0.408117724725441	1	0.104	0.154	0.05
Abi1	0.0715151046465427	0.420451031761099	1	0.417	0.326	0.091
Gas6	0.0719476693455097	-1.12536589916717	1	0.076	0.121	0.045
Srcap	0.072034608174039	-0.645928198692049	1	0.094	0.121	0.027
Entpd1	0.0724152301050028	0.41823408844203	1	0.518	0.439	0.079
Thap3	0.0732293847072573	0.172899080168933	1	0.182	0.143	0.039
Rhoj	0.0733534065654309	0.789197485999939	1	0.306	0.194	0.112
Arid4b	0.0739259318899977	-0.455874892014172	1	0.127	0.164	0.037
Atrx	0.074398142047157	0.201957040434479	1	0.495	0.447	0.048
Ubn1	0.0763126760774606	-0.580464949845176	1	0.069	0.1	0.031
Mospd2	0.0764092408826073	0.659917735599832	1	0.124	0.084	0.04
Eea1	0.0767783034568037	0.751955699718043	1	0.219	0.151	0.068
Ctnnd1	0.0768250270208358	0.341777137056527	1	0.396	0.353	0.043
Marchf3	0.077530609593993	0.432136644526586	1	0.329	0.264	0.065
Srsf7	0.0776086939623364	-1.43076218086351	1	0.055	0.127	0.072
Nck1	0.0781059972628362	0.520322358683919	1	0.244	0.173	0.071
Actr3	0.0783716227444392	-0.207480052355967	1	0.15	0.167	0.017
Smchd1	0.0785937618396728	0.408784497775023	1	0.29	0.221	0.069
Tpp2	0.0786342238013255	-1.02211180043773	1	0.048	0.105	0.057
Gm4951	0.0792818838104353	0.367866029695294	1	0.127	0.086	0.041
Plxna2	0.0795819200787977	-0.649982177095337	1	0.295	0.402	0.107
Ppp1r2	0.0804363296229497	0.388714807841167	1	0.249	0.178	0.071
Trim14	0.0805720254001584	0.203742791481737	1	0.108	0.111	0.003
Tdrd7	0.0810801239184552	0.346512755785135	1	0.106	0.092	0.014
Tm6sf1	0.0810944406268585	0.464211181417582	1	0.134	0.102	0.032
Nup160	0.081696677220049	0.78065797146857	1	0.12	0.075	0.045
Arhgef11	0.082491534306714	-0.376398888749907	1	0.104	0.119	0.015
Ccm2	0.0828288885521661	-0.615665606822213	1	0.108	0.148	0.04
Srsf3	0.0830187527184784	0.126919664295297	1	0.15	0.119	0.031
Gch1	0.0832354714004699	-0.126046289801217	1	0.118	0.146	0.028
Pbx3	0.0833203255480156	0.431273663527098	1	0.288	0.261	0.027
Ube3c	0.083335141759761	0.367998330644314	1	0.104	0.094	0.01
Cgnl1	0.0833866691246573	0.482748189699245	1	0.389	0.337	0.052
Mon2	0.0838902960709908	-0.450914250850676	1	0.092	0.135	0.043
Sh3d19	0.0840719121067852	-0.229907791956756	1	0.115	0.154	0.039
Fmo1	0.0846391209497217	-0.134530711154875	1	0.147	0.199	0.052
Pds5a	0.0851301703800487	-0.415734660436357	1	0.194	0.221	0.027
Pcdh19	0.0852742963766797	-0.491022339402322	1	0.106	0.151	0.045
Pik3r3	0.0862877760716118	0.546181169711937	1	0.359	0.307	0.052
Tnks	0.0865798003849995	-1.03882814298938	1	0.06	0.119	0.059
Kdm7a	0.0878130546347108	-0.179095321398397	1	0.074	0.1	0.026
Zbtb38	0.0878142971689936	-0.949572116565548	1	0.058	0.105	0.047
Chd8	0.0878563214403062	-1.09069934536606	1	0.053	0.1	0.047
Rbfox2	0.0881085594291241	0.16838629572868	1	0.641	0.553	0.088
Rbm5	0.0881196745618469	-0.865703215848555	1	0.152	0.251	0.099
Nckap1	0.0883360542470993	-0.351020426669739	1	0.182	0.24	0.058
Rbm25	0.0884382342851641	-0.270635663608812	1	0.27	0.267	0.003
Cdc42bpa	0.088538996825816	0.256358709603834	1	0.256	0.21	0.046
Far2	0.0885675152510688	0.238515892219763	1	0.348	0.286	0.062
Pum1	0.0892450168552176	-0.740983592946987	1	0.171	0.218	0.047
Acin1	0.0893480648947159	-0.660293450177244	1	0.143	0.181	0.038
Ip6k1	0.0898890423796615	-0.817935581030685	1	0.152	0.205	0.053
Adipor2	0.0899828408597924	-0.263443981315526	1	0.509	0.547	0.038
Nrp1	0.0914370005964066	0.357952227296578	1	0.332	0.259	0.073
Tom1l2	0.0924817276724695	-0.24027888478863	1	0.145	0.194	0.049
Ywhab	0.0926669685872558	-1.42295033622597	1	0.041	0.108	0.067
Glcci1	0.0936698367388729	0.190700280917338	1	0.219	0.175	0.044
Zfr	0.0937616467704804	-0.5283214373904	1	0.115	0.167	0.052
Bod1l	0.0945693587827684	0.364102177956933	1	0.113	0.081	0.032
Il17rd	0.095259272889165	0.605048500670704	1	0.166	0.132	0.034
Gimap8	0.0954339005469602	-0.759791870594987	1	0.083	0.132	0.049
Ssh2	0.0968722381505292	0.224086892805612	1	0.461	0.399	0.062
Sned1	0.0978635232996378	0.268127578841832	1	0.118	0.119	0.001
Tamalin	0.0983974947406306	-0.265811157918885	1	0.122	0.14	0.018
Tet3	0.0990104466621919	-0.473609838279307	1	0.108	0.14	0.032
Eng	0.0994907279574948	0.365530151529321	1	0.452	0.361	0.091
Txlnb	0.0996916463185196	-0.865849030321723	1	0.041	0.102	0.061
Zfp871	0.100398290706581	-0.984155254224675	1	0.051	0.102	0.051
Rapgef5	0.100568889908688	0.402037168284608	1	0.488	0.404	0.084
Ephx1	0.101339105930752	0.169670051582817	1	0.092	0.1	0.00800000000000001
Slc38a6	0.102156298047414	0.354262661326029	1	0.104	0.1	0.00399999999999999
Tecrl	0.102582272165162	-0.399048513010005	1	0.069	0.102	0.033
Pde4d	0.103049513828215	0.27338425095418	1	0.396	0.369	0.027
Tln2	0.103767643876269	-0.216643306337426	1	0.106	0.132	0.026
Ppfibp1	0.104269269717656	0.338368966039019	1	0.454	0.404	0.05
AW554918	0.106018875588743	0.283128297158807	1	0.378	0.353	0.025
Slc44a1	0.106096039570027	-0.977060323181745	1	0.134	0.232	0.098
Git2	0.106855089619665	-0.100765887521011	1	0.341	0.35	0.00899999999999995
2900026A02Rik	0.107031393469031	0.668615224463341	1	0.244	0.159	0.085
Paqr5	0.107058060600727	-0.261238054686394	1	0.484	0.561	0.0770000000000001
Cox16	0.107500012069344	0.45878287682564	1	0.205	0.178	0.027
Arap2	0.107975351358291	0.30677853836793	1	0.29	0.264	0.026
Flt1	0.108014214158267	0.238763429944255	1	0.959	0.949	0.01
Nxpe4	0.108087550684086	0.244371903957668	1	0.682	0.628	0.054
Ubr3	0.108378565948162	-0.348483619977692	1	0.147	0.189	0.042
Slc35f2	0.108570216391019	-0.559874132601648	1	0.097	0.14	0.043
Smap1	0.109584064342767	-1.03112277622431	1	0.085	0.146	0.061
Sncaip	0.110133955002974	0.357881634194114	1	0.217	0.154	0.063
Edn1	0.111015395498137	1.13886136923954	1	0.138	0.073	0.065
Rgs12	0.111411269033658	-0.240236201518064	1	0.164	0.205	0.041
Arhgef2	0.112076560894154	0.239771592750644	1	0.226	0.178	0.048
Rc3h1	0.112275609131128	-0.363157197613164	1	0.166	0.202	0.036
Relch	0.112762048115133	-0.840369058748505	1	0.069	0.148	0.079
Rps6kb1	0.11292224773104	-0.470464460138199	1	0.104	0.14	0.036
Arhgef28	0.113143883914307	1.12559006133202	1	0.265	0.175	0.09
Trim33	0.113232222909368	-0.756272840108642	1	0.06	0.108	0.048
Ccnt1	0.113835834910214	-0.702446265921594	1	0.104	0.156	0.052
Dnm2	0.115055559404543	-0.185633567511998	1	0.187	0.216	0.029
Hif1a	0.115116244337242	-0.140301063236723	1	0.129	0.156	0.027
Agap1	0.116040004363729	-0.407746469303355	1	0.131	0.178	0.047
Mef2a	0.116280657291029	-0.175551285881557	1	0.452	0.474	0.022
3110082I17Rik	0.116502884879164	-0.430182772445144	1	0.071	0.1	0.029
Cyyr1	0.118432605377442	0.380636271331299	1	0.694	0.633	0.0609999999999999
Il6ra	0.118991256082182	0.748748784181071	1	0.147	0.094	0.053
Ocln	0.119059531429004	-0.178874723059943	1	0.394	0.404	0.01
Arhgef10	0.119332878065641	0.60218307681117	1	0.108	0.067	0.041
Ppp6r3	0.120238365291449	0.196306526740152	1	0.247	0.21	0.037
Col4a1	0.122550221070971	0.553692652842676	1	0.177	0.137	0.04
Apbb2	0.122930135040613	0.307578635660757	1	0.793	0.722	0.0710000000000001
Wdr44	0.123277124395063	-0.561259899056237	1	0.097	0.124	0.027
Gpatch2	0.123739429478146	-0.544953214351358	1	0.171	0.232	0.061
Armh3	0.124339477036327	0.210131503060621	1	0.134	0.116	0.018
Cd59a	0.125442701900768	-1.05713397192997	1	0.053	0.1	0.047
Dnah3	0.126211111580162	-0.70605637130661	1	0.081	0.14	0.059
Trim26	0.126259355291273	0.58374582515402	1	0.106	0.086	0.02
Pcnx	0.126397525219171	-0.301934330304849	1	0.281	0.296	0.015
Smarca5	0.126652902201701	-1.24485782341872	1	0.051	0.1	0.049
Dync1h1	0.127413754777334	-0.627729130308164	1	0.062	0.105	0.043
Fip1l1	0.128504712888638	-0.777989947794679	1	0.06	0.119	0.059
Rab7	0.128908795633887	-0.160391378048059	1	0.111	0.111	0
Huwe1	0.128936251146951	-0.724560316030454	1	0.2	0.305	0.105
Ndufs4	0.129137558641603	-0.722159113648539	1	0.09	0.127	0.037
Crybg3	0.130039873473638	-0.141030282266128	1	0.26	0.259	0.001
Wdr33	0.130058161961432	-0.732522421719731	1	0.221	0.288	0.067
Clip1	0.130298694322913	-0.47638470680051	1	0.203	0.24	0.037
Gmds	0.131324766028196	0.296763469831081	1	0.488	0.423	0.065
Degs2	0.131337554222456	-0.178355788155844	1	0.141	0.175	0.034
Myo6	0.132272145090749	-0.438847314336722	1	0.233	0.28	0.047
Lgals8	0.132277335193834	1.00948839221105	1	0.134	0.065	0.069
Ric1	0.132567473463021	-0.541351446587626	1	0.099	0.108	0.00899999999999999
Cald1	0.13279507439868	0.764246170840078	1	0.173	0.105	0.068
Adgrl2	0.133943170534835	0.115570538685436	1	0.491	0.464	0.027
Fnbp1l	0.134196157078131	-0.42843798041016	1	0.35	0.437	0.087
Rps6ka3	0.135450249790297	-0.74953327456026	1	0.134	0.178	0.044
Phf20l1	0.135922226017742	-0.698279527504297	1	0.175	0.261	0.086
Yme1l1	0.135979748576375	-1.1160274663172	1	0.067	0.124	0.057
Lpp	0.136457479508852	0.375794261096664	1	0.408	0.315	0.093
Myh9	0.137341529147207	0.633854794356491	1	0.253	0.202	0.051
Cnot4	0.137408766492144	0.153517839182255	1	0.323	0.288	0.035
Asap1	0.137507464533282	-0.460954800706923	1	0.336	0.42	0.084
Zfp207	0.137652846414147	-0.17518191727923	1	0.092	0.116	0.024
Scaf11	0.139525813396245	-0.228263771227476	1	0.124	0.127	0.003
Rac1	0.139609464329858	0.493302154165475	1	0.141	0.086	0.055
Dixdc1	0.140401533787899	-0.514320862474774	1	0.097	0.111	0.014
Rnf38	0.140522627748942	0.353881485942122	1	0.251	0.191	0.06
Srgap2	0.140907779574979	0.191250718238638	1	0.733	0.722	0.011
Rcan2	0.141271758723743	-0.264996067814994	1	0.166	0.178	0.012
Tfeb	0.141403751192519	0.693490226924689	1	0.118	0.07	0.048
Arhgap27	0.141644119376622	-0.189013552283958	1	0.083	0.102	0.019
Ppp4r2	0.141875680993703	-0.331536406880889	1	0.078	0.1	0.022
Acadl	0.14244159024769	-0.315154531017289	1	0.094	0.102	0.00799999999999999
Col4a2	0.142657796151312	0.234862309814283	1	0.187	0.154	0.033
Cadm1	0.143271959839254	0.429430279736136	1	0.203	0.167	0.036
Ncoa1	0.143764296627898	-0.581973665502933	1	0.35	0.434	0.084
Utrn	0.145211047450338	0.244799442377134	1	0.965	0.946	0.019
Jmy	0.145277929650641	-0.114262773422476	1	0.118	0.14	0.022
Cyfip1	0.145453413450308	-0.12117972478366	1	0.187	0.186	0.001
Spidr	0.145909680735849	0.357610087187196	1	0.141	0.119	0.022
Gbp5	0.145941627154561	-0.471571739299186	1	0.122	0.143	0.021
Csnk2a1	0.146305990796165	0.229449315034021	1	0.131	0.1	0.031
Mbd5	0.146317444403493	0.187428209801371	1	0.304	0.302	0.002
Epha4	0.146635149231639	-0.202108141345327	1	0.224	0.267	0.043
Clec14a	0.146820134281298	0.245539358823815	1	0.129	0.121	0.00800000000000001
Hnrnph3	0.146834029712973	0.11880310877843	1	0.113	0.108	0.005
Fndc3a	0.146955398751016	-0.280988751532196	1	0.187	0.208	0.021
Fam222b	0.147086243334623	-0.213795595007222	1	0.154	0.183	0.029
Atp10d	0.149454623485467	0.318803618127276	1	0.429	0.367	0.062
Spata13	0.149711247637097	0.292054687281566	1	0.184	0.159	0.025
Hmg20a	0.150090988606069	-0.145580157148281	1	0.189	0.216	0.027
Prrc2b	0.150622690088418	-1.10046892844721	1	0.078	0.146	0.068
Dido1	0.151389925791327	-0.992157792003102	1	0.055	0.102	0.047
Xiap	0.153254195967307	0.267510251156847	1	0.297	0.232	0.065
Ash1l	0.153350839603845	-0.412743011957943	1	0.304	0.38	0.076
Syne2	0.154103598559744	0.415410117052305	1	0.447	0.342	0.105
Lrch1	0.156103434125248	0.235138543218052	1	0.636	0.623	0.013
Fermt2	0.156810307955596	0.368231989187418	1	0.288	0.216	0.072
Pik3cb	0.156980247606295	0.85721419158912	1	0.141	0.07	0.071
Ap3b1	0.157524522492403	0.341906404843748	1	0.207	0.146	0.061
Mndal	0.15830005268815	0.918947322614053	1	0.108	0.059	0.049
Faf1	0.158801316775899	-0.863850957377986	1	0.134	0.226	0.092
Nherf2	0.159008738028425	-0.376359185336003	1	0.138	0.154	0.016
Shroom2	0.159041831596103	-0.502356933555205	1	0.212	0.27	0.058
Drg1	0.159414613577697	-1.04790831017509	1	0.076	0.14	0.064
Ankfy1	0.159821677113595	0.112231215780054	1	0.113	0.094	0.019
Smad7	0.159879505759754	0.32692249690216	1	0.237	0.191	0.046
Il1r1	0.159989482670297	-0.15177752621026	1	0.364	0.426	0.062
Prkch	0.160418090453517	0.253494527579201	1	0.594	0.569	0.025
Herc4	0.161896112636736	-0.302611530799308	1	0.309	0.345	0.036
Maco1	0.161953547315414	-1.89202751557463	1	0.035	0.119	0.084
Gapvd1	0.162951903609396	-0.48102187465783	1	0.159	0.216	0.057
Lrrc8c	0.163866347162505	0.526034271237364	1	0.3	0.237	0.063
Nostrin	0.16445802261079	-0.276163435969686	1	0.378	0.472	0.094
St8sia6	0.164509539797133	0.153805423066776	1	0.175	0.183	0.00800000000000001
Lrmda	0.164585264697235	0.2739099927486	1	0.486	0.429	0.057
Stk10	0.164824055187729	0.991349527077305	1	0.101	0.07	0.031
Fto	0.165063334474243	-0.147504069244548	1	0.251	0.272	0.021
Frmd4a	0.16624371268514	-0.296435049416245	1	0.154	0.183	0.029
Srrm1	0.166706458479737	-0.238137588530867	1	0.097	0.105	0.00799999999999999
Inpp5a	0.166870263909455	-0.709663057230141	1	0.071	0.1	0.029
Rasgrp3	0.168397489697787	0.433947979441689	1	0.327	0.251	0.076
Kmt5b	0.168706381378664	0.362508800802721	1	0.224	0.186	0.038
Ppard	0.169487749970602	0.397357700882632	1	0.212	0.194	0.018
Mef2d	0.169880632854789	-0.800732743892031	1	0.06	0.108	0.048
Tmem245	0.17009308373433	0.468027156334306	1	0.196	0.146	0.05
Reck	0.170368002839974	0.78063206054834	1	0.281	0.216	0.065
Rheb	0.171011410791955	0.673578883212038	1	0.157	0.097	0.06
Rrbp1	0.171030299170109	-0.195106467896521	1	0.23	0.275	0.045
Ndel1	0.171921473212832	0.630834880636691	1	0.111	0.081	0.03
Fn1	0.171968160740845	-0.327679737912538	1	0.327	0.372	0.045
Cuedc1	0.173498228915524	-0.44501363756453	1	0.159	0.181	0.022
Sipa1l3	0.173808880789464	-1.0003330199085	1	0.085	0.137	0.052
Plxna4	0.17420785489411	-0.136512595446872	1	0.071	0.108	0.037
Mark2	0.174960670870734	-0.739478443158156	1	0.076	0.119	0.043
Tbl1x	0.176294822870337	0.197072593739296	1	0.283	0.226	0.057
Pde8a	0.176872097817828	-0.198168870594215	1	0.353	0.41	0.057
Lims1	0.17693324803313	-0.266859713267946	1	0.302	0.367	0.065
Stat2	0.17698537034655	0.807259574848222	1	0.136	0.084	0.052
Vps13d	0.177593155258632	-0.207495043378078	1	0.214	0.235	0.021
Ap1s2	0.177793749887293	-0.260821468421564	1	0.134	0.146	0.012
Papola	0.178444260920101	0.308836039499435	1	0.164	0.124	0.04
Smarca2	0.178835918980147	0.153199663904778	1	0.486	0.447	0.039
Tmod3	0.17909879414513	0.343714309663283	1	0.281	0.235	0.046
Tulp4	0.180047463489406	0.119144425496748	1	0.166	0.17	0.004
Arhgap5	0.180539841327756	-0.650492072697499	1	0.12	0.173	0.053
Hnrnpc	0.181250834537263	-0.215281373761459	1	0.141	0.132	0.00899999999999998
Nhsl1	0.181894212087989	0.266031207671899	1	0.415	0.396	0.019
Ddx6	0.18250153834481	-0.477904773992721	1	0.226	0.278	0.052
Ktn1	0.182947410709965	0.289979117124152	1	0.147	0.124	0.023
Cstf3	0.183423859638056	-0.73425773222223	1	0.083	0.143	0.06
Vim	0.183514991341856	0.313821378691288	1	0.106	0.105	0.001
Sbf2	0.184796007374425	0.201537942406396	1	0.537	0.445	0.092
Rbm39	0.184968211590586	-0.312815454312107	1	0.541	0.639	0.098
Tasor	0.185855474282319	-0.137818719820421	1	0.346	0.383	0.037
Sgms1	0.185907650987641	-0.175883240859043	1	0.88	0.914	0.034
Zup1	0.185985312501223	-0.891019935179872	1	0.09	0.135	0.045
Stk24	0.186263970916902	0.403659832888883	1	0.212	0.181	0.031
Afap1l1	0.187154535794915	0.233705175627782	1	0.348	0.323	0.025
Arap3	0.187403483251069	-0.294645038242871	1	0.124	0.159	0.035
Mysm1	0.188027528195058	0.242267601384634	1	0.187	0.162	0.025
Bach2	0.188407453979657	-0.929305935698906	1	0.058	0.105	0.047
Lyn	0.18848528621378	-0.183152653255636	1	0.247	0.291	0.044
Tead1	0.188678299864231	0.265032538841528	1	0.196	0.159	0.037
Hmgxb4	0.188710486054257	0.423601457080076	1	0.113	0.092	0.021
Ppp2r5c	0.189191420496951	0.261058713765596	1	0.111	0.1	0.011
Zfp521	0.189355848950231	0.294314883411662	1	0.369	0.299	0.07
Abcc4	0.189947280974722	-0.110746639707823	1	0.689	0.757	0.0680000000000001
Ppig	0.190367519983564	-1.08614535033	1	0.09	0.159	0.069
Ccnt2	0.192023386003694	-0.814927844633143	1	0.071	0.113	0.042
Tspan9	0.192381121563435	0.277558087977992	1	0.339	0.27	0.069
Fer	0.192848487467359	-0.353898818446572	1	0.21	0.232	0.022
Rps6ka5	0.19417292429093	0.345916259850565	1	0.433	0.323	0.11
Fam118b	0.194536591021583	0.573053993301711	1	0.143	0.121	0.022
Fau	0.194682590078096	-0.491278719160922	1	0.085	0.119	0.034
Gab1	0.196069956137733	0.214221035895057	1	0.387	0.35	0.037
Xrn2	0.196314198752761	-0.249798213611003	1	0.129	0.17	0.041
Aqp11	0.197457603522698	-0.559076856858157	1	0.129	0.151	0.022
Rb1cc1	0.197511666609611	-0.300419808309897	1	0.2	0.245	0.045
Zfp280d	0.197897061880241	-0.561274194281539	1	0.157	0.229	0.072
Nr2f2	0.198512824523576	0.712692912185229	1	0.129	0.105	0.024
Csnk1g1	0.199643705636801	-0.673686035306252	1	0.122	0.154	0.032
Rab11a	0.199800633725693	0.280838784161655	1	0.21	0.148	0.062
Igsf5	0.200087610771301	0.431085193018864	1	0.131	0.086	0.045
Mob3b	0.201081608447366	0.473047719509151	1	0.251	0.229	0.022
Slc16a9	0.201562518897881	0.350340620343809	1	0.131	0.089	0.042
Zmiz1	0.20363913282257	0.495368982998478	1	0.371	0.288	0.083
Axin2	0.204504438605246	-0.758077694927197	1	0.065	0.1	0.035
Cers4	0.205066688122202	-0.677630907632916	1	0.097	0.132	0.035
Thrap3	0.206446892621717	-0.319447254369031	1	0.203	0.261	0.058
H3f3a	0.206667441652829	0.343995669095162	1	0.141	0.097	0.044
Nek7	0.207575824215947	0.525348095816382	1	0.417	0.302	0.115
Msi2	0.20799958591413	0.234759489133966	1	0.689	0.617	0.072
Dmxl1	0.209266913892114	-0.754759826994737	1	0.088	0.127	0.039
Tbc1d14	0.209447671159625	-0.238838503128794	1	0.111	0.124	0.013
Tpk1	0.209974868698519	0.103593915180392	1	0.171	0.181	0.00999999999999998
Ago3	0.210720145191725	-0.2583378726825	1	0.081	0.108	0.027
Sec14l1	0.211717387222219	0.465550891221978	1	0.157	0.124	0.033
Myo9a	0.212936937125111	-0.101236062738962	1	0.111	0.135	0.024
Prkd3	0.213403200616318	0.303381608325533	1	0.203	0.181	0.022
Ubr5	0.214669464310293	-0.35462173589317	1	0.118	0.159	0.041
Add3	0.215556832470657	0.179569395338122	1	0.346	0.286	0.06
Dip2b	0.215699315422029	-0.305318900250159	1	0.279	0.28	0.001
Cyth3	0.215786010705769	-0.382418846988852	1	0.329	0.407	0.078
Dpp8	0.215909475554103	-0.630566728968673	1	0.134	0.173	0.039
Rasa1	0.21737585065453	-0.584704518416678	1	0.164	0.199	0.035
Exoc4	0.218631901607512	0.133309607575578	1	0.608	0.55	0.0579999999999999
Lrrc49	0.219446932187802	-0.686634677407266	1	0.104	0.167	0.063
Marf1	0.219724432275848	-0.620272444246314	1	0.106	0.143	0.037
Arhgap28	0.220007443969694	0.525307472875845	1	0.111	0.07	0.041
Clcn3	0.220726796817618	-1.88660982248293	1	0.037	0.121	0.084
Egfl7	0.221600366956508	0.205875407443407	1	0.636	0.596	0.04
Dis3l2	0.222688311697576	0.391571304798721	1	0.147	0.116	0.031
Eif4a2	0.223100939326496	0.518394568409743	1	0.134	0.105	0.029
Skil	0.223740591821949	0.224553991033205	1	0.127	0.124	0.003
Pkp4	0.223937806794926	0.309200261347536	1	0.594	0.531	0.0629999999999999
Erc1	0.224533547912636	-0.396814182396644	1	0.161	0.216	0.055
Asxl2	0.22483880136697	-0.413688343616813	1	0.067	0.1	0.033
Ppp3cc	0.225082460346017	-0.372729578874104	1	0.244	0.286	0.042
Nfat5	0.225237383759329	-0.123989727310616	1	0.631	0.639	0.00800000000000001
Fndc3b	0.225793591931422	0.626505312150747	1	0.214	0.151	0.063
Trip12	0.225853007263014	0.298993030064834	1	0.214	0.205	0.00900000000000001
Picalm	0.230399782776964	0.222159637308641	1	0.424	0.348	0.076
Adcy9	0.231100292695534	-0.244617102943214	1	0.113	0.116	0.003
Erg	0.231198209800405	0.343295878027411	1	0.429	0.372	0.057
Mms19	0.232311294830154	0.717722036094496	1	0.129	0.086	0.043
Rsu1	0.232557594159708	0.458635668062837	1	0.343	0.28	0.063
Ubap2	0.232970142765008	-0.376763604156597	1	0.115	0.148	0.033
Vegfd	0.233639298823615	0.109947940116571	1	0.145	0.146	0.001
Ankrd11	0.234224547665255	-0.479211084577778	1	0.3	0.342	0.042
Ahnak	0.234707323069017	0.107141704163238	1	0.256	0.272	0.016
Ranbp2	0.23591435336854	-0.552248648468831	1	0.076	0.124	0.048
Clasp1	0.236393153362517	-0.689151875325201	1	0.069	0.102	0.033
Fbxo11	0.236977070136391	0.104184262564359	1	0.302	0.267	0.035
Eln	0.237655508273738	0.783638888527908	1	0.325	0.27	0.055
Fgd6	0.237812379488374	0.429915392757408	1	0.224	0.183	0.041
Atp10a	0.239616482393642	-0.123202116908121	1	0.772	0.833	0.0609999999999999
Dipk1a	0.239841126482106	0.352326667158205	1	0.173	0.148	0.025
Elp4	0.241654543194472	0.768375904086173	1	0.12	0.086	0.034
Lama4	0.242323425467767	0.102906550499613	1	0.318	0.302	0.016
Arhgap26	0.24423434401577	-0.480874909301781	1	0.401	0.477	0.076
Gsk3b	0.2450836137987	-0.523105385797418	1	0.3	0.367	0.067
Gpd2	0.245767784792064	-0.238147699226278	1	0.366	0.407	0.041
Eml6	0.246402590162489	0.199304815549138	1	0.122	0.119	0.003
Dennd3	0.246546275760616	0.522155001716738	1	0.226	0.186	0.04
Vegfc	0.246551230842892	0.780405228143717	1	0.376	0.286	0.09
Med13	0.246686784895173	-0.498430226520913	1	0.143	0.183	0.04
Atp11c	0.248829874449236	0.420892637225398	1	0.389	0.31	0.079
Slc12a7	0.249343664409593	0.789510510486282	1	0.108	0.075	0.033
Lsr	0.250671368585119	0.744374914545177	1	0.21	0.135	0.075
Lima1	0.250704888838647	0.149383920484595	1	0.396	0.383	0.013
Alcam	0.250797948980004	1.51817084267264	1	0.127	0.054	0.073
Wwp2	0.25121571323599	0.228381195174508	1	0.111	0.113	0.002
Ets1	0.251404643184492	0.137881146233058	1	0.343	0.332	0.011
Sec62	0.252082039280572	-0.878073306932549	1	0.129	0.175	0.046
Pde7b	0.252154483268268	-0.12136945970875	1	0.362	0.345	0.017
Parp14	0.252619348741241	0.67717400063438	1	0.166	0.121	0.045
Camkmt	0.25354948775378	-0.644148965290901	1	0.101	0.156	0.055
Ttyh2	0.25383012905195	0.614321075408451	1	0.111	0.073	0.038
Map4k2	0.254246298697966	0.520183128453802	1	0.154	0.111	0.043
Anks1	0.254457928260715	0.263662326470393	1	0.357	0.283	0.074
Lef1	0.254565770099084	0.16053535777379	1	0.747	0.757	0.01
Ifnar1	0.255800566115241	0.3519517387572	1	0.224	0.178	0.046
Hipk3	0.255922467094052	-0.152442505594535	1	0.166	0.183	0.017
Arih2	0.256687773741728	0.685553540126805	1	0.145	0.102	0.043
Brd4	0.256859177883757	0.23437573489702	1	0.304	0.243	0.061
Nfyc	0.257719630157668	-1.22857940782719	1	0.058	0.105	0.047
Klf7	0.26077528836612	-0.261084712770905	1	0.387	0.394	0.00700000000000001
Kank2	0.260837380068399	0.203816752384778	1	0.152	0.121	0.031
Ubxn7	0.261632870426501	0.350021779916275	1	0.129	0.102	0.027
Fbxw2	0.263289417294377	-0.664888607975748	1	0.092	0.121	0.029
Rnf216	0.263528526327795	-0.24022508544879	1	0.2	0.232	0.032
Ppp4r3b	0.264370682406804	-0.210896943266792	1	0.136	0.135	0.001
Col5a2	0.264509512783125	0.61239848192531	1	0.196	0.143	0.053
Cxcl12	0.265504563555457	-0.773445736900521	1	0.143	0.224	0.081
Nampt	0.265571356140775	-0.308592890835476	1	0.217	0.251	0.034
Tcf7l1	0.266699956708443	0.176801268285423	1	0.212	0.202	0.00999999999999998
Oasl2	0.267238247277053	0.148310618880501	1	0.145	0.124	0.021
Osbpl9	0.268387757093299	-0.254205805242326	1	0.364	0.407	0.043
Dop1a	0.268735720739742	-0.409139243315493	1	0.191	0.224	0.033
H3f3b	0.270835623139287	-0.362517360266335	1	0.145	0.194	0.049
Pld1	0.271872271025176	-0.211405692046647	1	0.083	0.1	0.017
Shld1	0.273396344777067	0.662674513626446	1	0.136	0.105	0.031
Rnf19a	0.274196353386563	-0.544257291268847	1	0.166	0.208	0.042
Rps14	0.275670712515619	0.629903470617381	1	0.118	0.089	0.029
Mia3	0.276201407654014	-0.540089184226506	1	0.101	0.124	0.023
Zadh2	0.276937213594264	0.841035790251751	1	0.141	0.084	0.057
Tent4b	0.277432739936456	-0.706110266816646	1	0.088	0.121	0.033
Dennd2b	0.278366713468994	0.291910926247847	1	0.21	0.167	0.043
Klf6	0.278690117019605	-0.201408991556126	1	0.092	0.1	0.00800000000000001
Rabep1	0.280767785053395	-0.283789966741261	1	0.118	0.151	0.033
Serinc3	0.280854441188023	-0.298996570525843	1	0.318	0.353	0.035
Cmtm8	0.281143173940482	0.400741144677675	1	0.108	0.105	0.003
Trps1	0.281670403695611	-0.43008913404752	1	0.237	0.307	0.07
Vcp	0.281679700477131	-0.725544016323172	1	0.06	0.102	0.042
Rbm6	0.282721570819355	-0.40336551874584	1	0.207	0.278	0.071
Rmnd5a	0.28356345030126	-0.645540120832564	1	0.074	0.108	0.034
Snrnp70	0.284958557550345	-0.674913805996753	1	0.058	0.1	0.042
Lgals9	0.285314848180858	-0.294142807009437	1	0.076	0.1	0.024
Map2k5	0.286641791246039	-0.358222745233009	1	0.159	0.175	0.016
Tns1	0.286851153952703	0.186024740117146	1	0.449	0.426	0.023
Cnot6	0.288035542517874	-0.513614821815777	1	0.106	0.132	0.026
Ghr	0.288283031136929	0.442033385201674	1	0.463	0.356	0.107
Chchd3	0.288768074330205	-0.142206411643338	1	0.113	0.124	0.011
Top2b	0.289442515837323	-0.161491065072634	1	0.097	0.124	0.027
Pdxdc1	0.290141691539658	0.498706055233297	1	0.152	0.113	0.039
Sipa1l2	0.291046889715045	-0.501897529454845	1	0.099	0.119	0.02
Ptpn12	0.291189945197196	-0.305981704244829	1	0.182	0.218	0.036
Snx2	0.292170413838317	0.248418391665451	1	0.113	0.078	0.035
Tnrc6c	0.292264850639433	-0.443799380575191	1	0.304	0.375	0.071
Exoc5	0.294723972514486	-0.833499089660427	1	0.157	0.232	0.075
Lrrc7	0.295711218074895	-0.349113462407035	1	0.152	0.194	0.042
Lmntd1	0.297053791966108	-0.140009048075135	1	0.253	0.296	0.043
Tle1	0.29734071549974	-0.569793961155619	1	0.173	0.194	0.021
Tgfb2	0.297958468243748	-0.271514339807863	1	0.161	0.21	0.049
Fxr1	0.298365179130053	-0.273458576508133	1	0.078	0.1	0.022
Creb1	0.299794290112202	0.333673447706633	1	0.283	0.224	0.059
Trappc8	0.299895820178484	-0.141343780699113	1	0.094	0.1	0.00600000000000001
Herc6	0.300050795003357	0.152084351291545	1	0.18	0.148	0.032
Cbx1	0.300319450290399	0.206461576212109	1	0.175	0.129	0.046
Snx6	0.301463979985337	0.114340067288884	1	0.118	0.119	0.001
Fbxl17	0.301604395271279	0.134886246978845	1	0.548	0.526	0.022
Akr1a1	0.302833768106116	-0.361164911694729	1	0.085	0.116	0.031
Akap10	0.30285578696709	0.302561657292261	1	0.173	0.127	0.046
Arnt	0.303622874346217	-0.962048725576282	1	0.104	0.173	0.069
Tead4	0.303728179209561	-0.192893643064516	1	0.129	0.127	0.002
Clint1	0.303978897822254	-0.281089497598946	1	0.332	0.348	0.016
Upf2	0.304317132627839	-0.989497674961731	1	0.062	0.113	0.051
Kmt2e	0.304361933110063	-0.294852062634758	1	0.371	0.442	0.071
Cept1	0.304551258487258	0.352793686423097	1	0.168	0.119	0.049
Crim1	0.304950204417414	-0.100109822318956	1	0.355	0.38	0.025
Tpr	0.305299198335976	-0.848164094026328	1	0.127	0.17	0.043
Slc16a4	0.30534313780442	0.382604019707618	1	0.147	0.124	0.023
Lamb2	0.305527414081031	0.791912346083804	1	0.118	0.075	0.043
Mcc	0.306401051992524	0.266950000304342	1	0.569	0.515	0.0539999999999999
Ly6a	0.306541158429722	-0.23413256699812	1	0.159	0.189	0.03
Fchsd2	0.30788868564285	0.47758392348414	1	0.431	0.321	0.11
Laptm4a	0.308268977177293	-0.520730055766068	1	0.111	0.143	0.032
Slco1a4	0.309692007884235	-0.127878545023116	1	0.901	0.925	0.024
Slco2b1	0.310268644950631	0.363658223142977	1	0.242	0.191	0.051
Chd2	0.311214443124585	-0.235921504212073	1	0.198	0.218	0.02
Hnrnph1	0.312284142466898	-0.620762158544244	1	0.189	0.235	0.046
F11r	0.313202612738248	0.112988837943943	1	0.138	0.121	0.017
Pgm5	0.313291402736979	0.159110972501384	1	0.279	0.27	0.00900000000000001
Sgpp2	0.314016611239469	0.283082542294712	1	0.389	0.367	0.022
Abcb1a	0.314603551640301	0.110574533604214	1	0.747	0.765	0.018
Erc2	0.314959123315423	-0.375134163383158	1	0.141	0.183	0.042
Adgrg6	0.314992618483826	-0.167520146808783	1	0.224	0.264	0.04
Zfp644	0.315013640006334	0.111561208329268	1	0.251	0.221	0.03
Myl6	0.315221903439082	-0.220249713500216	1	0.118	0.137	0.019
Rlf	0.315223698883099	-0.794838768533805	1	0.094	0.151	0.057
Limch1	0.315249416339848	0.169302630697768	1	0.627	0.577	0.05
Spaca6	0.316096134891963	-0.404279267945726	1	0.099	0.108	0.00899999999999999
Sox17	0.316457069943986	0.233975608171178	1	0.203	0.194	0.00900000000000001
Tsc22d1	0.316802727777405	-0.170180772560347	1	0.187	0.224	0.037
Skap2	0.317607299410584	0.865091622594702	1	0.111	0.07	0.041
Prdm2	0.318233608073307	0.18163910030551	1	0.2	0.17	0.03
Snx3	0.319194349332834	0.123169298080714	1	0.173	0.164	0.00899999999999998
Fgd5	0.319698179780434	0.26255081589901	1	0.495	0.429	0.066
Larp4b	0.319804446628955	-0.437860483843864	1	0.134	0.162	0.028
Fbln5	0.32084801084983	1.1840922103562	1	0.113	0.065	0.048
Wls	0.322935011776261	0.344717977802096	1	0.152	0.146	0.00600000000000001
Nxpe2	0.323087121671305	-0.190452295707593	1	0.353	0.396	0.043
Ttc3	0.323450334787025	0.21329609820728	1	0.143	0.105	0.038
Uvrag	0.324231712069294	-0.274792103895218	1	0.327	0.38	0.053
Man1a	0.324327248637672	-0.19915593233697	1	0.138	0.14	0.002
Kcnq1	0.326918804092178	0.544233647441053	1	0.101	0.081	0.02
Zfp148	0.328155595407246	-0.50554162543529	1	0.217	0.305	0.088
Msn	0.328917228325216	0.320888304462872	1	0.173	0.151	0.022
Spata6	0.329475142735714	-0.213341228263576	1	0.182	0.213	0.031
Zzz3	0.329941770869425	-0.44590696718371	1	0.145	0.178	0.033
Nrip1	0.330483155097155	0.315559927734393	1	0.194	0.167	0.027
Atad2b	0.331411606692248	-0.388816697569717	1	0.161	0.194	0.033
Itga6	0.333489440264741	0.232870817936992	1	0.373	0.383	0.01
Gk5	0.333888978803169	0.685878169405075	1	0.124	0.075	0.049
Asic2	0.334508234424036	-0.347783394075644	1	0.131	0.167	0.036
Stxbp6	0.334839551233911	-0.125171392693722	1	0.477	0.526	0.049
Swap70	0.335215285256078	0.564262168372	1	0.265	0.189	0.076
Grm5	0.335625269877444	-0.357771895872302	1	0.143	0.183	0.04
Lnpep	0.335854915178479	-0.227705808543971	1	0.21	0.256	0.046
Csnk1g3	0.336514871367217	-0.488950852474179	1	0.083	0.129	0.046
Uimc1	0.339332711353199	-1.01864855127483	1	0.092	0.132	0.04
Kdm3a	0.340796007127662	-0.546270199836633	1	0.127	0.162	0.035
Csmd3	0.340840372492799	-0.353744595339883	1	0.111	0.143	0.032
Tnrc18	0.340889707276832	0.365148886886901	1	0.164	0.124	0.04
Sgk3	0.341264240257781	0.947065546044215	1	0.12	0.062	0.058
Mid1	0.341364429284927	-0.380107601283401	1	0.141	0.17	0.029
Fryl	0.344661222083993	0.304479714511387	1	0.753	0.679	0.074
Tmeff1	0.34580769912864	-0.344566754429111	1	0.094	0.124	0.03
Resf1	0.346856022632207	-0.68647797517784	1	0.092	0.108	0.016
Fry	0.347310222821109	0.113609600365566	1	0.869	0.857	0.012
Phf21a	0.347601742630008	-0.236587145847411	1	0.329	0.396	0.067
Cab39	0.347679549509861	0.187306648704296	1	0.12	0.105	0.015
Vcam1	0.348057714207154	-0.119010549417561	1	0.205	0.235	0.03
Slc19a3	0.34824860787429	0.180491538127095	1	0.094	0.1	0.00600000000000001
Esr1	0.348560881888785	0.520691790066332	1	0.145	0.105	0.04
Ubl3	0.349197866825252	-0.202543243711656	1	0.173	0.17	0.00299999999999997
Plscr4	0.34933703069544	0.128926351569632	1	0.376	0.369	0.00700000000000001
Ldlrad3	0.349995474711154	0.198630095888453	1	0.373	0.369	0.004
Rif1	0.350118954161894	-0.294321500322688	1	0.113	0.105	0.00800000000000001
Mipol1	0.350881589360596	-0.254470466513747	1	0.106	0.111	0.005
Glul	0.351083953437115	0.108671656386877	1	0.118	0.132	0.014
Slfn5	0.35174281102063	-0.252681316606272	1	0.171	0.202	0.031
Klhl5	0.351873276002762	0.401097902656136	1	0.346	0.305	0.041
Tnrc6b	0.352376635302616	-0.424601485286982	1	0.293	0.342	0.049
Abl1	0.35536621966681	-0.542093256630885	1	0.085	0.111	0.026
Akap8l	0.355401967959314	-1.13863737755467	1	0.055	0.108	0.053
Scarb1	0.355405975275347	0.281198090170963	1	0.136	0.119	0.017
Kdm1a	0.35585186844126	-0.392110405474255	1	0.078	0.1	0.022
Rora	0.356494646734658	-0.251035910160052	1	0.541	0.566	0.0249999999999999
Atf7	0.35716128618132	-0.245925209653483	1	0.306	0.345	0.039
Capza1	0.357980950833143	-0.656335877990625	1	0.081	0.119	0.038
Rims1	0.358023224496843	-0.249620504053607	1	0.145	0.181	0.036
Fbxw11	0.359151097598196	-0.406457374581159	1	0.187	0.229	0.042
Arglu1	0.360008901006079	-0.218195509756183	1	0.187	0.226	0.039
Apobec3	0.360377790076098	-0.213441151274514	1	0.203	0.226	0.023
2510009E07Rik	0.360410235619892	-0.25342771670976	1	0.152	0.175	0.023
Ints8	0.360667234267456	-0.330985081844541	1	0.083	0.1	0.017
Ccnd3	0.361169713920153	-0.294501636175026	1	0.249	0.307	0.058
Lingo2	0.362617887680684	-0.358625134119377	1	0.138	0.175	0.037
Clec2d	0.363083135946289	0.201138309962345	1	0.553	0.534	0.019
Qser1	0.364735011250402	-0.612762326809316	1	0.076	0.102	0.026
Rere	0.364763014815842	-0.140242578052017	1	0.565	0.625	0.0600000000000001
Arhgap23	0.366105989420021	0.11964940229619	1	0.104	0.086	0.018
Sash1	0.36689011992676	0.172759355937668	1	0.468	0.426	0.042
Kras	0.36691869508007	0.171798032876141	1	0.196	0.186	0.01
Ntn1	0.367431299263396	0.487765398481168	1	0.214	0.162	0.052
Mbnl2	0.367469151922596	-0.265618398266282	1	0.353	0.385	0.032
Arid1a	0.367671903012492	0.178140006337023	1	0.177	0.148	0.029
Luc7l3	0.368551063674331	-0.490829508389229	1	0.069	0.102	0.033
Tdrd3	0.368702574338799	-0.663091324150178	1	0.078	0.1	0.022
St6gal1	0.368814651650303	0.436226977235068	1	0.364	0.313	0.051
Vps13a	0.369181255184672	-0.459841205612162	1	0.187	0.243	0.056
Snapc3	0.369808591119236	-0.507339364537803	1	0.12	0.14	0.02
Lmo7	0.371373413914415	0.203231427538142	1	0.297	0.283	0.014
Dmd	0.3716742504781	-0.301216056959577	1	0.205	0.256	0.051
Erap1	0.3726098975007	-0.555641136369659	1	0.076	0.102	0.026
Xrn1	0.37350339398231	-0.476586552384504	1	0.196	0.224	0.028
Smad3	0.374148514888478	0.482576874832736	1	0.175	0.124	0.051
Usp6nl	0.374347353722125	0.175239073459324	1	0.24	0.21	0.03
Ss18	0.374992513605745	-0.129458031406422	1	0.166	0.191	0.025
Reep3	0.376284116023081	0.192572594576984	1	0.224	0.194	0.03
Mycbp2	0.376292037929519	0.196558966817584	1	0.194	0.194	0
Grb2	0.376871389667311	-0.167061125019804	1	0.138	0.151	0.013
Slc38a2	0.378080181982963	-0.193504454774682	1	0.108	0.132	0.024
Gigyf2	0.378478763550589	0.520950027541211	1	0.122	0.086	0.036
Itch	0.379200502537222	0.196874059856228	1	0.182	0.159	0.023
Invs	0.3796493903343	0.864286693126247	1	0.104	0.07	0.034
Slc1a1	0.38014856863907	0.146766382609973	1	0.097	0.1	0.003
Pggt1b	0.380688489016361	-0.271609649481727	1	0.127	0.146	0.019
Msrb3	0.381631600660606	0.396352296090108	1	0.276	0.245	0.031
Map4k4	0.383372780511511	-0.30694765536619	1	0.21	0.221	0.011
Bicra	0.384795057974625	-0.44312117832318	1	0.138	0.175	0.037
Eef1a1	0.38613087996933	-0.194329229800437	1	0.113	0.135	0.022
Synj2bp	0.386215829734531	-1.25822145788753	1	0.069	0.135	0.066
Ccser1	0.387212120158177	-0.29116474198365	1	0.104	0.132	0.028
Mmp28	0.387278807446312	0.325845656918385	1	0.152	0.111	0.041
Rassf1	0.38757523155899	-0.853314701774463	1	0.067	0.108	0.041
Casp12	0.388288124662697	0.377737954819955	1	0.118	0.102	0.016
Chd6	0.389108785691935	-0.724484930133718	1	0.104	0.167	0.063
Setd2	0.389162200319097	0.403908975032562	1	0.141	0.108	0.033
Clybl	0.389394405793569	-0.14877722814998	1	0.115	0.137	0.022
Ep300	0.391527438681559	-0.524951198022542	1	0.101	0.127	0.026
Atg10	0.391901513684012	-0.25346892964039	1	0.145	0.183	0.038
Mapk14	0.392797344822338	-0.173734112461268	1	0.113	0.127	0.014
Nktr	0.394538536042142	-0.214573891934202	1	0.104	0.108	0.004
Ank3	0.394871324243866	-0.2729783441139	1	0.196	0.235	0.039
Kank4	0.395112807737733	0.635701454279337	1	0.141	0.092	0.049
Fzd6	0.395119315923354	0.272344681187171	1	0.426	0.385	0.041
Cttnbp2nl	0.395580503619607	0.406095633048718	1	0.256	0.191	0.065
Zmym2	0.397932856653759	-0.798238880158818	1	0.113	0.162	0.049
Grik2	0.398546548306193	-0.608402239847266	1	0.071	0.111	0.04
Zfyve9	0.399782952158353	-0.474021713524783	1	0.175	0.224	0.049
Calcrl	0.400984383852699	0.129859740331591	1	0.336	0.353	0.017
Cep350	0.401314713916602	-0.708920518882441	1	0.168	0.24	0.072
Wbp1l	0.402371206577849	0.302145922189518	1	0.138	0.121	0.017
Hspa12b	0.402490210284152	-0.149626261225059	1	0.311	0.348	0.037
Cdc42bpb	0.403200361188044	-0.393166391093303	1	0.177	0.21	0.033
Pwwp2a	0.403633713980748	0.254220279497551	1	0.129	0.119	0.01
Usp34	0.404058810091902	-0.328766980282335	1	0.412	0.469	0.057
Ext1	0.405350257026337	0.53881833331196	1	0.124	0.089	0.035
Tgfbr3	0.410084674055454	0.177996707335633	1	0.343	0.302	0.041
Sh3glb1	0.410375211249228	0.157823754879028	1	0.205	0.202	0.00299999999999997
Trappc9	0.41146303338516	-0.378458206492604	1	0.092	0.129	0.037
Pik3ca	0.41325679597953	-0.723063195735687	1	0.106	0.154	0.048
Sav1	0.414155943002074	0.455275830332178	1	0.111	0.089	0.022
Stx5a	0.414575230178025	0.31231345255958	1	0.115	0.108	0.00700000000000001
Nod1	0.415668658396195	0.538085587476995	1	0.228	0.175	0.053
Sdk1	0.417942779677959	0.774628462258374	1	0.141	0.086	0.055
Cdk6	0.418359725471229	-0.307070056241687	1	0.131	0.164	0.033
Pear1	0.419473892863842	-0.167265042186655	1	0.085	0.1	0.015
Epc1	0.420307838336916	-0.205984743406352	1	0.168	0.194	0.026
Zdhhc20	0.421066582255679	-0.266557900032425	1	0.141	0.167	0.026
Zfp292	0.423558352288308	-0.32148115716254	1	0.286	0.313	0.027
Rab2a	0.427275728075211	-0.587163461713323	1	0.187	0.232	0.045
Gcc2	0.428250044665393	-0.618863382500024	1	0.159	0.199	0.04
Pcm1	0.428418740062528	-0.116355596332155	1	0.138	0.167	0.029
Tgfa	0.429164025282541	0.468854027963767	1	0.111	0.1	0.011
Samd12	0.429296087842129	0.1088177775334	1	0.673	0.652	0.021
Gse1	0.429378618990139	-0.232412676048541	1	0.249	0.275	0.026
Pcbp2	0.429567669547869	-0.302738906829103	1	0.097	0.105	0.00799999999999999
Sh2d3c	0.429913745439854	-0.496429673765279	1	0.076	0.102	0.026
Tnpo3	0.430804445665163	-0.744887239221576	1	0.108	0.159	0.051
Mdfic	0.432099518396623	0.780283646589663	1	0.138	0.1	0.038
Psma3	0.43277705743881	-0.661888289562811	1	0.085	0.135	0.05
Gata2	0.433405506151221	0.115783778738751	1	0.131	0.113	0.018
Heca	0.434303976833423	0.364648705133437	1	0.122	0.108	0.014
Cyp2d22	0.436085315484329	-0.40755226527425	1	0.083	0.116	0.033
Fbxw7	0.436204944933098	-0.223105305162973	1	0.154	0.14	0.014
Pde2a	0.436923531990767	-0.51884090316858	1	0.164	0.191	0.027
Exoc6	0.437023735299707	0.40301873851919	1	0.382	0.315	0.067
Asxl1	0.437350647799806	0.1402154053707	1	0.24	0.208	0.032
Swt1	0.438279029170886	-0.583531194370128	1	0.113	0.137	0.024
Ddx5	0.43876117109642	0.111191761229849	1	0.666	0.615	0.051
Tnpo1	0.439229035289835	-0.878211105754452	1	0.083	0.143	0.06
Nrxn1	0.439496145140285	0.403052128441352	1	0.618	0.59	0.028
Rapgef6	0.439636303156163	-0.452318836077777	1	0.293	0.337	0.044
Sptan1	0.443782647453555	-0.370285484697644	1	0.3	0.342	0.042
Efna5	0.444631316748547	0.287882778061271	1	0.115	0.094	0.021
Arhgef12	0.445045408134554	0.269854644303497	1	0.569	0.48	0.089
Fli1	0.445596132814969	0.246083139362094	1	0.753	0.687	0.0659999999999999
Tmem135	0.445981791694473	0.171375210357092	1	0.157	0.132	0.025
Klhl24	0.446616529956571	-0.56940775673219	1	0.111	0.137	0.026
Stat3	0.447161903257992	0.324253592916155	1	0.226	0.178	0.048
Ctnna1	0.447255046116759	-0.188331039079323	1	0.371	0.388	0.017
Tbc1d1	0.447634048992431	-0.497586579414267	1	0.085	0.111	0.026
Slco1c1	0.447932865421459	-0.25945162226244	1	0.521	0.598	0.077
Phactr4	0.449154253701747	-0.286242514275833	1	0.207	0.229	0.022
Mmrn2	0.45156570140907	0.180720048022215	1	0.104	0.097	0.00699999999999999
Anxa3	0.452066323591271	0.146454108094319	1	0.274	0.261	0.013
Rapgef1	0.452133262763704	0.464460143395255	1	0.316	0.24	0.076
Wipf1	0.452145016029991	0.473957435590305	1	0.171	0.132	0.039
Herc1	0.452617814815668	-0.371082758253875	1	0.177	0.237	0.06
Apod	0.454064573367399	0.447174015170677	1	0.141	0.092	0.049
Erbin	0.45520575438725	-0.316212363429712	1	0.251	0.283	0.032
Stard8	0.458166878554151	0.301786923638229	1	0.134	0.102	0.032
Srsf11	0.459171506946126	-0.711557863321062	1	0.111	0.148	0.037
Pla2g4a	0.460484209666457	0.328967393835953	1	0.348	0.296	0.052
Hip1	0.460747139377219	0.212885659434086	1	0.675	0.639	0.036
Scmh1	0.463292221814087	-0.23432589358624	1	0.304	0.337	0.033
Ildr2	0.464569733860467	1.35190784822182	1	0.104	0.046	0.058
Heatr5a	0.464993026273011	0.421441762568376	1	0.145	0.137	0.00799999999999998
Vgll4	0.466045582359004	0.493774255222503	1	0.182	0.143	0.039
Mtmr3	0.46725647369087	0.119554076678826	1	0.212	0.191	0.021
Pard3b	0.467804994384835	0.11800226352733	1	0.574	0.569	0.005
Smyd3	0.467899557860894	0.302521384053319	1	0.309	0.24	0.069
Fgf12	0.467904315791482	-0.183229206752876	1	0.251	0.28	0.029
Mapkap1	0.469255019379449	-0.331557458553485	1	0.104	0.137	0.033
Ap2b1	0.469902414087812	-0.288602636918851	1	0.184	0.194	0.01
Alas1	0.470922529030747	-0.110657951245272	1	0.134	0.137	0.003
Ube2v2	0.471666130002059	-0.806455031866919	1	0.074	0.102	0.028
Srrm2	0.471886978073653	-0.568307500520541	1	0.182	0.267	0.085
Myl12b	0.472888338373464	-0.380385454511258	1	0.111	0.151	0.04
Bbs9	0.473205180110225	0.183502231033235	1	0.157	0.119	0.038
Pds5b	0.476825870871435	-0.552110233858449	1	0.251	0.332	0.081
Cysltr1	0.478269968651269	-0.447570611669317	1	0.154	0.173	0.019
Cwf19l2	0.478314837465847	-0.533442036611781	1	0.143	0.178	0.035
Suclg2	0.480769716484689	-0.159236004795089	1	0.124	0.135	0.011
Stx6	0.480975326235696	-0.214553668281681	1	0.106	0.108	0.002
Rmdn1	0.482888807236954	-0.135758487576628	1	0.083	0.1	0.017
Kif5b	0.483124274545791	0.281722367181625	1	0.263	0.232	0.031
Ddi2	0.483741277893782	0.370059644545301	1	0.136	0.108	0.028
Rasgrf2	0.485351777637541	0.31483897483742	1	0.217	0.181	0.036
Hip1r	0.487638855019587	-0.19754240936255	1	0.092	0.119	0.027
Ifi203	0.488948911258247	0.734273582348506	1	0.129	0.084	0.045
Limk2	0.490138807078329	-0.525198374075442	1	0.127	0.148	0.021
Abca1	0.491634386540525	0.585151199506474	1	0.15	0.116	0.034
Dach2	0.491644997664656	0.49566661486373	1	0.159	0.14	0.019
Tab2	0.491927537791426	-0.305167147337792	1	0.099	0.108	0.00899999999999999
Ly6e	0.491967671962715	-0.23680414110766	1	0.281	0.291	0.00999999999999995
Ezh1	0.494504302745788	0.601789592170809	1	0.2	0.146	0.054
Mtss1	0.495163644043614	0.190359303069483	1	0.435	0.383	0.052
Suz12	0.495265708546221	-0.724007768923747	1	0.081	0.135	0.054
Znrf3	0.497268921434349	-0.237658903464519	1	0.357	0.394	0.037
Sgcz	0.498807702444561	-0.234353666257189	1	0.166	0.197	0.031
Ppp1r13b	0.500681780041181	0.240598706218278	1	0.339	0.313	0.026
Celf1	0.502625727287836	0.105768121901842	1	0.111	0.111	0
Amotl1	0.502698329733971	-0.135510132614603	1	0.104	0.097	0.00699999999999999
Rab31	0.50303269585328	-0.483118632464818	1	0.071	0.1	0.029
Ostf1	0.510114375101108	0.39814835957434	1	0.212	0.164	0.048
Etv6	0.510660896731921	0.355665905310373	1	0.546	0.466	0.08
Rptor	0.513602443396039	0.611214367042861	1	0.127	0.081	0.046
Slk	0.514390238835194	-0.244246854109748	1	0.161	0.197	0.036
Snrk	0.516710232387094	-0.231533383923209	1	0.258	0.302	0.044
Ccny	0.518262318446342	-0.230539898995287	1	0.435	0.469	0.034
Osbpl1a	0.518380427714965	-0.44148746694547	1	0.235	0.28	0.045
Parp12	0.519406127276896	-0.3245800426393	1	0.115	0.148	0.033
Mecom	0.520829165394741	0.11692100627893	1	0.956	0.941	0.015
Tie1	0.522945673424112	0.139674380736375	1	0.224	0.224	0
H2-Q4	0.524834239525362	-0.24966745755913	1	0.143	0.164	0.021
Il6st	0.524865702456536	0.307252362269886	1	0.253	0.216	0.037
Gpbp1l1	0.525934985463106	-0.300901914300934	1	0.147	0.151	0.004
Niban1	0.526508794446119	-0.40648973707018	1	0.106	0.121	0.015
Zranb1	0.526600048921672	-0.636458301800022	1	0.088	0.135	0.047
Ankrd13a	0.532254724052516	-0.618162935727147	1	0.083	0.121	0.038
Adamts10	0.532334851999346	0.408004102175007	1	0.233	0.186	0.047
Mark3	0.533857327795572	-0.460055742470248	1	0.242	0.296	0.054
Jam2	0.534483782071667	0.200122793318584	1	0.288	0.28	0.00799999999999995
Gdi2	0.534616629215606	-0.112858002848621	1	0.138	0.151	0.013
Elk3	0.537151305423822	0.188741165142651	1	0.433	0.399	0.034
Sh3rf1	0.538479854192906	0.174503163686599	1	0.424	0.396	0.028
Adcy4	0.539179457198969	-0.111213576491857	1	0.136	0.127	0.00900000000000001
Parp4	0.539492476178108	-0.127702298272019	1	0.113	0.132	0.019
Arid5b	0.539636668618861	0.131899799886244	1	0.286	0.28	0.00599999999999995
Iigp1	0.539915896871302	0.387783387312676	1	0.145	0.116	0.029
Acer2	0.543076938536294	0.383747899845372	1	0.392	0.334	0.058
Zfand3	0.543097467087604	0.231930997093215	1	0.502	0.434	0.068
Cpne1	0.543151096072193	-0.434249691442772	1	0.094	0.116	0.022
Cdc14a	0.544794970385754	-0.165151973687791	1	0.171	0.199	0.028
Trim24	0.545043312624125	0.209623070564114	1	0.205	0.17	0.035
Klf2	0.545331995363316	0.168402412950267	1	0.134	0.111	0.023
Lrrtm4	0.546278543871226	0.591730473468144	1	0.348	0.326	0.022
Agfg1	0.546564047445881	-0.148155830479815	1	0.286	0.313	0.027
Mylk	0.546971221098533	0.282216677759668	1	0.122	0.119	0.003
Arl6ip5	0.546992148428051	0.381517969972784	1	0.15	0.113	0.037
Atp13a3	0.549354421714869	-0.133520558401793	1	0.09	0.102	0.012
Wdr26	0.551282585740588	-0.162570348270211	1	0.129	0.148	0.019
Crebbp	0.553149044428259	0.134765511909328	1	0.424	0.402	0.022
Esyt2	0.553648896340026	0.212369047699136	1	0.675	0.617	0.0580000000000001
Phf20	0.554906392944111	-0.121615364053982	1	0.173	0.194	0.021
Rsrc2	0.556186374597714	0.12671736548727	1	0.115	0.102	0.013
Gria2	0.556881387195798	-0.21018856886304	1	0.23	0.264	0.034
Atp8b1	0.557149200874733	0.865150243378597	1	0.131	0.07	0.061
Sfswap	0.561671629044746	-0.421799605479444	1	0.09	0.121	0.031
Ssu72	0.563597716273658	0.559876555649094	1	0.113	0.084	0.029
Osbpl8	0.565536550854951	-0.50129843813883	1	0.118	0.129	0.011
9930021J03Rik	0.565855688204091	-0.266881883327077	1	0.122	0.135	0.013
Tor1aip1	0.566183286697592	0.219724048860512	1	0.196	0.17	0.026
Zfp277	0.567320945923745	0.431211719274149	1	0.122	0.1	0.022
Rsrc1	0.5687627562382	-0.105198218148353	1	0.258	0.275	0.017
Cpd	0.568897971671637	-0.250091893721014	1	0.088	0.108	0.02
Vwa8	0.569139595390878	-0.467624302358351	1	0.099	0.127	0.028
Ctif	0.571570016769274	-0.378359727045213	1	0.078	0.1	0.022
Phactr1	0.573971431426218	0.249018132566774	1	0.472	0.439	0.033
Itm2a	0.574828743061098	-0.216899137506395	1	0.187	0.226	0.039
Epas1	0.575430434321497	0.253444276963815	1	0.666	0.593	0.0730000000000001
Macrod2	0.575609600439495	0.104331716853018	1	0.318	0.313	0.005
Gdpd5	0.576017558013293	-0.297010623917322	1	0.083	0.1	0.017
Pias1	0.576537427460009	-0.41724119031365	1	0.143	0.186	0.043
Mcl1	0.577019885054909	0.246845521603402	1	0.115	0.108	0.00700000000000001
Pitpna	0.577042559477933	-0.385295964338249	1	0.159	0.183	0.024
Spop	0.577067381635249	-0.293849652132394	1	0.182	0.21	0.028
Clic4	0.577744039249274	0.553998838102674	1	0.318	0.259	0.059
Large1	0.579349999569961	0.2116357105842	1	0.166	0.151	0.015
Rftn1	0.579597168232874	0.299196355775932	1	0.104	0.105	0.001
Rab1a	0.581916443275845	0.22185056244544	1	0.138	0.132	0.00600000000000001
Tnfaip8	0.5828869391749	0.322950842950668	1	0.143	0.111	0.032
Car4	0.583507375815657	-0.111957078157112	1	0.104	0.089	0.015
Ubr1	0.584601740187574	0.129172685632244	1	0.194	0.194	0
Mbnl1	0.584729519544261	0.216424039145779	1	0.581	0.526	0.0549999999999999
Nhlrc2	0.585106490543772	0.164577435679164	1	0.113	0.116	0.003
Cdyl	0.585290324016341	0.160814612764232	1	0.127	0.105	0.022
Pum2	0.585635627113835	-0.176043226157413	1	0.288	0.296	0.00800000000000001
Arih1	0.589318943880376	-0.174363181049274	1	0.309	0.348	0.039
Mga	0.58981092751593	-0.948696341785379	1	0.069	0.119	0.05
Wasf2	0.590122928445185	0.140674077716514	1	0.401	0.358	0.043
Cst3	0.590125273270963	0.328085720157227	1	0.161	0.129	0.032
Sntb2	0.590646760959638	-0.122025072220464	1	0.118	0.137	0.019
Ppp3cb	0.591169722169507	-0.309012231929051	1	0.101	0.121	0.02
Bptf	0.591926145797316	-0.191348922018763	1	0.147	0.173	0.026
Zfp609	0.591958066016433	0.361324475340955	1	0.129	0.119	0.01
Kdm2a	0.591967514684041	-0.319186106702055	1	0.196	0.208	0.012
Cflar	0.592171783171822	0.336457357574252	1	0.134	0.1	0.034
Ushbp1	0.592991128602136	-0.123198398615827	1	0.293	0.288	0.005
Prkag2	0.593058740128502	-0.334212957958278	1	0.187	0.232	0.045
Cav1	0.593748122864626	0.266944843742239	1	0.263	0.251	0.012
Shroom4	0.593911325947431	0.299103771483588	1	0.452	0.375	0.077
Susd6	0.595090527609017	-0.369776214492965	1	0.343	0.399	0.056
Rnf125	0.596712507964654	0.144859193350037	1	0.129	0.116	0.013
Jag1	0.596772426515467	0.580141629921947	1	0.18	0.137	0.043
Atp7a	0.598974576011769	-0.231885007429111	1	0.118	0.146	0.028
Slain2	0.599021095683758	-0.335105245381098	1	0.131	0.148	0.017
Phc3	0.601298124107492	-0.472841131118588	1	0.131	0.164	0.033
Nav1	0.602843469238861	0.290857904145534	1	0.426	0.348	0.078
Plcg2	0.603598800932946	0.482257821191849	1	0.15	0.113	0.037
Slc12a6	0.603738342216092	-0.1787399767944	1	0.311	0.31	0.001
Rreb1	0.603929532531428	0.242394994879888	1	0.346	0.305	0.041
Tnfrsf19	0.604012293940652	0.108209389766285	1	0.316	0.315	0.001
Elovl5	0.606749142366401	0.296119501270932	1	0.101	0.092	0.00900000000000001
Lmo2	0.608696319213288	0.216870195310306	1	0.256	0.229	0.027
Epb41l4a	0.608880983466383	0.336626129642846	1	0.113	0.086	0.027
Arid2	0.609837456499881	0.122822070138703	1	0.313	0.278	0.035
Dpp10	0.613956309767623	0.100508808519771	1	0.422	0.396	0.026
Zcchc7	0.614772489581582	0.212727103291888	1	0.558	0.507	0.051
Adk	0.615806738898716	-0.283461541753454	1	0.332	0.369	0.037
Nisch	0.617152743590898	0.18234319743577	1	0.111	0.097	0.014
Fbxl7	0.617409715143607	0.346106190868596	1	0.539	0.507	0.032
Tnrc6a	0.61860267654773	-0.42562425769681	1	0.143	0.167	0.024
Plpp1	0.618671666503026	0.485159714643001	1	0.182	0.132	0.05
Arhgef3	0.621743982163351	0.114023256023399	1	0.35	0.318	0.032
Ttc7b	0.623114797791431	-0.354913389891921	1	0.175	0.186	0.011
Fam120a	0.624006339390431	0.117140458602789	1	0.127	0.094	0.033
Ptma	0.625578286672995	0.157700527552131	1	0.122	0.111	0.011
Selenop	0.628734651555487	-0.377408200261398	1	0.173	0.202	0.029
Itsn2	0.62971412751277	-0.202697078762194	1	0.323	0.35	0.027
Nos3	0.630751797842429	0.451152743004602	1	0.295	0.261	0.034
Yap1	0.630892097206314	0.10104658492781	1	0.15	0.137	0.013
Elf2	0.635490376873167	-0.265698888538096	1	0.265	0.288	0.023
Hnrnpa3	0.636009620295871	-0.105788435484834	1	0.228	0.218	0.01
Tanc1	0.640326006991686	0.105768635727665	1	0.456	0.402	0.054
Cdc42se2	0.641568048531771	-0.187306689574561	1	0.083	0.105	0.022
Cyb5b	0.643398415975294	-0.22915340229994	1	0.143	0.148	0.005
Mtmr6	0.643819314959792	-0.722770360832012	1	0.065	0.1	0.035
Cep68	0.644020707787746	-0.327461365832872	1	0.115	0.137	0.022
Ubap2l	0.644763458923744	-0.196731700032635	1	0.129	0.154	0.025
Rb1	0.649756702027094	-0.239322079693235	1	0.228	0.24	0.012
Prpf39	0.650238555831355	0.320200266569586	1	0.143	0.119	0.024
Rnf152	0.651758055547253	0.127713199744065	1	0.134	0.135	0.001
Usp15	0.652057054272117	0.265911620368398	1	0.141	0.108	0.033
Gphn	0.65228831633854	-0.224592493742664	1	0.521	0.574	0.0529999999999999
Rock1	0.652900713886702	-0.153900927193361	1	0.35	0.385	0.035
Aopep	0.655114235647529	-0.174330686317495	1	0.438	0.472	0.034
Actb	0.655340970344139	0.332010401930514	1	0.157	0.119	0.038
Ppp1cb	0.655405059009746	0.241042647977989	1	0.272	0.232	0.04
Stat1	0.656185869459069	0.528788673787887	1	0.141	0.116	0.025
Zfp407	0.656223744980469	-0.18613038452409	1	0.323	0.348	0.025
Rai14	0.657244266615551	0.161526160012545	1	0.355	0.291	0.064
Slmap	0.657328991659435	-0.39359465171162	1	0.129	0.159	0.03
Jag2	0.659338707506592	-0.256599297195725	1	0.134	0.146	0.012
Klf12	0.660645481027199	0.168188636369668	1	0.827	0.814	0.013
Tshz2	0.661488450575542	0.113480772186239	1	0.682	0.666	0.016
Rbbp6	0.662122209381206	-0.276673121641256	1	0.129	0.132	0.003
Mkln1	0.663839590651015	-0.262530135045002	1	0.355	0.407	0.052
Adnp	0.665302237500116	-0.310100348879632	1	0.081	0.1	0.019
Atp6v0a1	0.665450580536229	-0.118054121295602	1	0.094	0.108	0.014
Bcl2l1	0.665756806108512	-0.316685354798506	1	0.32	0.345	0.025
Sh3bgrl	0.665786771263795	0.414026707548165	1	0.302	0.24	0.062
Fnbp4	0.667097623432859	-0.274628630296216	1	0.113	0.135	0.022
Map3k3	0.668346430551322	0.221143004039045	1	0.334	0.275	0.059
Smim14	0.669245994115376	-0.407228523097453	1	0.097	0.124	0.027
Ubn2	0.670350970569573	-0.328639005024675	1	0.221	0.27	0.049
Acox1	0.670865596672269	-0.428671011133152	1	0.104	0.113	0.00900000000000001
Fmnl3	0.670949371660378	0.156443308972359	1	0.221	0.221	0
Ggact	0.671514355313636	-0.204188475188626	1	0.166	0.178	0.012
Kpna4	0.671718408835277	-0.311835860264976	1	0.196	0.224	0.028
Zfp182	0.671988101831386	-0.576705576850067	1	0.115	0.151	0.036
Pbrm1	0.672402699108981	-0.247344911994356	1	0.18	0.213	0.033
Lmbr1	0.673376201454109	-0.682845916234927	1	0.099	0.14	0.041
Max	0.673577941768682	-0.431609194011963	1	0.083	0.105	0.022
Ankhd1	0.675334891863773	-0.179077887794027	1	0.327	0.342	0.015
Elovl7	0.676423914788769	0.198964833394	1	0.336	0.296	0.04
Map3k2	0.67655750368355	-1.17840821164155	1	0.058	0.116	0.058
Pik3r6	0.676775764193968	0.435793203756348	1	0.122	0.105	0.017
Samhd1	0.677063362967456	0.220502693919125	1	0.198	0.181	0.017
Akap9	0.677757355085093	-0.191499523707106	1	0.143	0.173	0.03
Celf2	0.677901365588071	0.234757729427809	1	0.611	0.561	0.0499999999999999
Mtmr2	0.677915928345806	-0.358840231506122	1	0.106	0.108	0.002
Zfp638	0.678153691945612	-0.392660786983043	1	0.173	0.197	0.024
B2m	0.678373909966305	0.436727845672961	1	0.154	0.111	0.043
Bcam	0.682021197297357	0.372479553028194	1	0.113	0.097	0.016
Tmcc1	0.684675453957105	0.234383220240764	1	0.221	0.173	0.048
Epn2	0.684689822355725	0.20352401627654	1	0.516	0.45	0.066
Fgfr1op2	0.684954413861413	-0.54690785094785	1	0.083	0.108	0.025
Jak1	0.68657862581859	-0.185906828657281	1	0.09	0.105	0.015
Mertk	0.687477256218176	0.119084941899682	1	0.306	0.275	0.031
Capzb	0.68769919452944	0.4819085055636	1	0.115	0.089	0.026
Terf1	0.689165903187423	-0.376745473961873	1	0.136	0.186	0.05
Hnrnpm	0.690260115428462	-0.524696439124491	1	0.134	0.175	0.041
Hnrnpa2b1	0.691328018512199	-0.172561172153574	1	0.256	0.28	0.024
Ccnyl1	0.692222818741444	0.278886035970811	1	0.175	0.156	0.019
Ifih1	0.692563749823483	0.4471334236181	1	0.138	0.102	0.036
Tec	0.692864391763717	-0.366904539597448	1	0.127	0.124	0.003
Ank2	0.694095076444553	0.11919799890216	1	0.454	0.418	0.036
Exoc6b	0.695997680092823	0.175440204577292	1	0.726	0.642	0.084
Pls3	0.696105219149982	0.300922077409578	1	0.327	0.296	0.031
Tpm4	0.698474584285624	0.96303123285648	1	0.101	0.062	0.039
Tbc1d22a	0.699770236414129	-0.221681435745204	1	0.129	0.129	0
Mbtd1	0.700617963865926	0.416724388839914	1	0.106	0.078	0.028
Galnt15	0.701118824509186	-0.178306950857713	1	0.092	0.105	0.013
Ttc14	0.701163041322234	0.132497491600035	1	0.106	0.092	0.014
Yy1	0.701541050192753	-0.162577651583667	1	0.106	0.116	0.01
Ccdc91	0.70156718562775	0.334121348287861	1	0.106	0.097	0.00899999999999999
Pot1b	0.701840026787544	0.343175125360507	1	0.101	0.084	0.017
Nfia	0.702145834291567	0.201884919942886	1	0.749	0.671	0.078
Palmd	0.704541890376299	-0.294171580230688	1	0.3	0.334	0.034
Arfgef1	0.705312968472518	-0.146846909713579	1	0.221	0.232	0.011
Zswim6	0.706474927702794	0.247971652922667	1	0.242	0.197	0.045
Lrp5	0.706916254319819	0.332967415443671	1	0.143	0.108	0.035
Il15	0.706997057700642	0.244111473011262	1	0.194	0.175	0.019
Cdk14	0.707735713517393	0.166835946313951	1	0.316	0.305	0.011
Dlc1	0.708386691076339	0.179105569603269	1	0.274	0.235	0.039
Tnfsf10	0.709145480553065	-0.20586080167425	1	0.2	0.237	0.037
Nsd3	0.709464202053817	-0.490149834647245	1	0.249	0.299	0.05
Pten	0.709876885523028	-0.14840161551181	1	0.168	0.178	0.00999999999999998
Numb	0.710506982203541	0.113590924529583	1	0.355	0.334	0.021
Cachd1	0.710641922101245	0.131512005210249	1	0.251	0.237	0.014
Parva	0.710967701947661	0.193563373301071	1	0.122	0.097	0.025
Slc7a1	0.712417528469037	0.106509394159771	1	0.297	0.275	0.022
Prickle1	0.714850031581542	-0.602454654411593	1	0.18	0.232	0.052
Pros1	0.715961587330356	0.199383766429405	1	0.138	0.137	0.001
Aftph	0.716120250239287	0.218347847872159	1	0.196	0.154	0.042
Atl3	0.718622290527062	-0.385409736176187	1	0.111	0.148	0.037
Nsd1	0.72173474306173	-0.153795813803852	1	0.435	0.434	0.001
Taf3	0.722449275001637	-0.213073970056348	1	0.171	0.194	0.023
Rsbn1l	0.725095187662719	-0.195540359471882	1	0.203	0.232	0.029
Mllt10	0.725756712421201	-0.397216765564464	1	0.392	0.477	0.085
Ep400	0.725876128472868	-0.175164732452235	1	0.138	0.159	0.021
Elk4	0.726396450948463	0.2709339706214	1	0.115	0.094	0.021
Srgn	0.726799831295443	0.104737550136315	1	0.127	0.127	0
Hdac8	0.727059424472309	-0.484708873140289	1	0.078	0.108	0.03
Znrf1	0.729190000752061	0.121923975947338	1	0.449	0.426	0.023
Srgap1	0.732785514923754	-0.300083791200534	1	0.127	0.156	0.029
Ldb2	0.734875047389681	0.606178938704478	1	0.258	0.183	0.075
Flnb	0.735233152783074	0.350759967539598	1	0.431	0.396	0.035
Tbx1	0.735840719004954	0.262287464802306	1	0.143	0.105	0.038
Btaf1	0.736004949406387	-0.405256273520143	1	0.101	0.111	0.01
Gtf2i	0.737941633027787	-0.304036520330781	1	0.171	0.194	0.023
Cr1l	0.739338377467395	-0.138602487190578	1	0.244	0.237	0.00700000000000001
Chd7	0.740119110627082	0.25912303794041	1	0.124	0.102	0.022
Tgfbr2	0.740305529840129	0.665622906435883	1	0.276	0.202	0.074
Ube3a	0.740527840074214	-0.556457164755543	1	0.085	0.129	0.044
Ino80d	0.742591012004422	-0.661266569728557	1	0.131	0.167	0.036
Adam17	0.744389255936082	0.83409659811011	1	0.118	0.067	0.051
Cdh13	0.744490591198046	0.189955728199209	1	0.129	0.113	0.016
Exoc2	0.744513171656289	0.123847777173189	1	0.258	0.232	0.026
Colgalt2	0.746016238643816	-0.475963215145934	1	0.127	0.146	0.019
Zfp326	0.746367599280833	-0.125660622759246	1	0.104	0.105	0.001
Oga	0.747082783728768	-0.132858625579966	1	0.274	0.313	0.039
Tra2a	0.749093298628245	-0.137777619127641	1	0.214	0.224	0.01
Fbxl20	0.749219192051304	-0.475120351354223	1	0.083	0.113	0.03
Diaph2	0.750064441731507	0.16148163694677	1	0.463	0.412	0.051
Tmem204	0.75079741958276	-0.145415771179786	1	0.108	0.113	0.005
Smad6	0.753495930931986	0.305441095986347	1	0.187	0.151	0.036
Pdss2	0.754768934253501	-0.262719559827412	1	0.088	0.1	0.012
Ramp2	0.754833650217378	-0.261240244322203	1	0.106	0.124	0.018
Xpr1	0.755047435993575	-0.499776434887146	1	0.205	0.243	0.038
Dicer1	0.757242162323858	0.396741542806892	1	0.101	0.073	0.028
Tcf12	0.759075393376629	0.165591773721595	1	0.797	0.755	0.042
N4bp1	0.759758918871829	-0.301163193884084	1	0.101	0.121	0.02
Capn2	0.759811930464327	0.216472418202597	1	0.141	0.127	0.014
Tasor2	0.761689081378277	0.132880807253344	1	0.104	0.086	0.018
Shank3	0.762491209852997	0.144810007120381	1	0.297	0.283	0.014
Rprd2	0.764045095919969	-0.499854912013333	1	0.09	0.119	0.029
Ywhaq	0.767179940531573	-0.109903620270247	1	0.152	0.154	0.002
Tmem243	0.767790108199982	-0.307893805292395	1	0.187	0.21	0.023
Trpm6	0.769386295830555	0.231820791660174	1	0.152	0.129	0.023
Cnot2	0.77131689869469	-0.278496214529909	1	0.127	0.159	0.032
Pdcd6ip	0.771338582715204	-0.261000833832851	1	0.097	0.1	0.003
Uaca	0.771454050473317	0.381819325915288	1	0.311	0.232	0.079
Fam172a	0.772088166817999	-0.184236923447541	1	0.362	0.385	0.023
Inpp5d	0.774524147185294	0.136962051678188	1	0.164	0.137	0.027
Ano6	0.774637744332789	0.347078432972082	1	0.357	0.294	0.063
Sppl2a	0.774785915841394	-0.196141861364972	1	0.129	0.132	0.003
Pcp4l1	0.775013007443307	-0.292807413414955	1	0.207	0.248	0.041
Cemip2	0.776333475577478	-0.165648706377528	1	0.118	0.127	0.00900000000000001
Dusp11	0.776380516893926	-0.164460392700412	1	0.099	0.102	0.00299999999999999
Cbx5	0.776470376362987	-0.124395385070831	1	0.115	0.127	0.012
Nrd1	0.777299133162966	-0.565453967879192	1	0.129	0.159	0.03
Tm9sf3	0.778143411970236	-0.547520512258486	1	0.076	0.105	0.029
R3hcc1l	0.77846734965902	0.15774369278891	1	0.166	0.148	0.018
Nedd4l	0.778764419993897	-0.48557234669623	1	0.212	0.275	0.063
Eif4h	0.779956585785379	-0.122619451767019	1	0.099	0.105	0.00599999999999999
Map4k3	0.784917819528557	0.179131871352019	1	0.509	0.464	0.045
Tbck	0.787299439551282	-0.159128442478083	1	0.115	0.132	0.017
Tcf25	0.78729978170933	-0.323456248560677	1	0.175	0.202	0.027
Cdk11b	0.788631354064304	-0.184988211432964	1	0.094	0.105	0.011
Dab2ip	0.789952123863625	0.147408677135547	1	0.318	0.307	0.011
Auts2	0.79072260802984	0.252319320375872	1	0.567	0.491	0.076
Son	0.7909010470311	0.116161012053785	1	0.518	0.466	0.052
Vcl	0.793278716893601	0.218617638869668	1	0.228	0.21	0.018
Eif4g2	0.793504338370988	-0.53909647764974	1	0.076	0.108	0.032
Ube2r2	0.793948681887594	-0.960952440993404	1	0.078	0.14	0.062
Tut7	0.794439559942235	0.133448665348057	1	0.187	0.175	0.012
Slc3a2	0.795479563726428	0.513103282540416	1	0.124	0.097	0.027
Peak1	0.795496926813062	0.205429457611054	1	0.334	0.286	0.048
Stt3b	0.7968328098513	-0.17408689744476	1	0.173	0.191	0.018
Klhl4	0.797189403712817	0.290341045315091	1	0.175	0.146	0.029
Rai1	0.797640897359766	-0.367524734122253	1	0.12	0.143	0.023
Atp8a1	0.801091129145959	-0.23508573043224	1	0.488	0.515	0.027
Tgm2	0.804576587633023	0.284035663000336	1	0.113	0.105	0.00800000000000001
Atf7ip	0.807653972278037	-0.261126626514856	1	0.221	0.253	0.032
Gbe1	0.809765165585059	-0.183337576264284	1	0.394	0.423	0.029
Zc3h7a	0.81055990562099	0.118858435518255	1	0.27	0.243	0.027
Marchf7	0.811567495855448	-0.3298016128951	1	0.249	0.283	0.034
Snhg11	0.811793826860934	0.112574556460403	1	0.424	0.394	0.03
Zfp652	0.812408430834076	-0.174325164586385	1	0.152	0.154	0.002
Fam135a	0.813645817401579	0.623789034767916	1	0.235	0.164	0.071
Abcc6	0.813972933997966	-0.202323682548073	1	0.104	0.116	0.012
Hpcal1	0.814079234893522	0.29075686121465	1	0.15	0.119	0.031
Cpq	0.816521478038809	0.361772671963479	1	0.276	0.24	0.036
Pak2	0.816754039710643	0.106101415096529	1	0.251	0.226	0.025
Hnrnpf	0.819171608605628	-0.254223810084163	1	0.134	0.148	0.014
Kcnip4	0.819861994447599	0.131754799428325	1	0.548	0.526	0.022
Pnn	0.821726601210937	-0.515424073544936	1	0.071	0.1	0.029
Slc22a8	0.823421558091353	-0.175676636756868	1	0.205	0.216	0.011
Myo1e	0.824738737025502	0.169979178797913	1	0.334	0.31	0.024
Adgrf5	0.82824025412124	0.142709507369794	1	0.687	0.671	0.016
Lypla1	0.828248056830643	-0.395700442481519	1	0.106	0.121	0.015
Rgs3	0.830631561825663	0.15920650789417	1	0.251	0.24	0.011
Aff4	0.830659806248612	-0.126183049753807	1	0.226	0.237	0.011
Anapc1	0.831269242336796	-0.331121862597723	1	0.111	0.124	0.013
Ascc3	0.832178941301762	0.148510087956645	1	0.35	0.318	0.032
Klf3	0.832200632174103	0.101261246362887	1	0.233	0.208	0.025
Ap1g1	0.833092619533256	-0.192474050735305	1	0.111	0.127	0.016
Cbfb	0.833627511576226	-0.205137884499626	1	0.138	0.148	0.00999999999999998
St8sia4	0.834025282483894	-0.216614637520772	1	0.339	0.383	0.044
Zbtb44	0.836840987985049	-0.440245738177784	1	0.09	0.108	0.018
St3gal1	0.837433528341049	0.276665885828226	1	0.23	0.202	0.028
Tlk2	0.837790404759214	-0.469114849724701	1	0.164	0.199	0.035
Wdr70	0.838605262036591	-0.401188059907081	1	0.108	0.129	0.021
Gls	0.838610432479325	0.188376062064564	1	0.194	0.167	0.027
Sp3	0.841886268728111	-0.153004791339261	1	0.253	0.245	0.00800000000000001
Tbc1d12	0.842742111533027	-0.123279828356614	1	0.161	0.148	0.013
Prrg1	0.842929706337288	0.188207523259845	1	0.247	0.232	0.015
Nbeal1	0.843237770512366	-0.111500958345822	1	0.389	0.391	0.002
Tmem184b	0.845245297932604	0.279548588603995	1	0.15	0.129	0.021
Tpm3	0.847238568018215	0.160132267664205	1	0.184	0.167	0.017
Peli1	0.848081270997777	0.230746778396373	1	0.369	0.321	0.048
Sfpq	0.850555277678288	-0.37880077907705	1	0.141	0.173	0.032
Nedd4	0.851894175568462	-0.113077963551343	1	0.279	0.315	0.036
Lrba	0.852867095462682	-0.253315586080494	1	0.369	0.404	0.035
Asap2	0.852975204689743	-0.116908716012539	1	0.111	0.111	0
Vwa1	0.853188836259827	-0.169702794948175	1	0.115	0.127	0.012
Lamc1	0.853410918904791	-0.152113797279657	1	0.09	0.105	0.015
Snx9	0.854025699756873	0.285361667577443	1	0.108	0.086	0.022
Rab10	0.855829532642377	-0.243484930517185	1	0.161	0.183	0.022
Wnk1	0.856789474390397	0.104740859790878	1	0.32	0.307	0.013
Eci2	0.857009602892608	-0.265817527873759	1	0.099	0.108	0.00899999999999999
Ece1	0.857041893907704	-0.395804488933635	1	0.127	0.154	0.027
Gulp1	0.860180968106655	0.111981841897776	1	0.56	0.536	0.024
Gatad2a	0.86332902538827	0.321994148320235	1	0.168	0.154	0.014
Rnf213	0.8652630844107	0.453141043561215	1	0.2	0.175	0.025
Ccnl1	0.865312107299887	-0.24669097164342	1	0.175	0.191	0.016
Ints9	0.865759680301721	-0.132833997647647	1	0.09	0.102	0.012
Anp32a	0.868307533838728	0.45320130757672	1	0.111	0.089	0.022
Cadm2	0.868398394593562	-0.148501674596989	1	0.562	0.55	0.012
Zfx	0.868496325634294	0.118136780006576	1	0.154	0.143	0.011
Crk	0.868849984717671	0.108856149607919	1	0.145	0.132	0.013
Kif2a	0.870174842858418	-0.501773665945857	1	0.136	0.151	0.015
Sf3b1	0.87062541051373	-0.219837662079406	1	0.173	0.197	0.024
Slc40a1	0.871060382525569	0.190549894746325	1	0.235	0.226	0.00899999999999998
Dnajc10	0.871344067960108	-0.381540600166081	1	0.097	0.116	0.019
Birc6	0.874309890663851	-0.337375102697623	1	0.256	0.278	0.022
Csde1	0.87473255500556	-0.136372506786077	1	0.147	0.156	0.00900000000000001
Atp2c1	0.875358577161511	-0.391477876217351	1	0.094	0.111	0.017
Stim2	0.875453151867791	0.106394887218472	1	0.279	0.243	0.036
Ptk2	0.875790055807639	-0.367386581698353	1	0.394	0.434	0.04
Cpt1a	0.878460950380054	-0.184776385872375	1	0.104	0.113	0.00900000000000001
Cntnap2	0.878755319756302	0.125188061789583	1	0.396	0.372	0.024
Cpne8	0.878978707134292	-0.17268531842727	1	0.316	0.305	0.011
Tbl1xr1	0.879025021795012	-0.146879265571782	1	0.104	0.111	0.00700000000000001
Cd200	0.880073838250064	0.122389779585741	1	0.276	0.27	0.00600000000000001
Pspc1	0.880516704475228	-0.605037236613738	1	0.094	0.135	0.041
Slc6a6	0.880542384266153	0.125046390286009	1	0.728	0.712	0.016
Dab2	0.880798202908904	0.267818753147435	1	0.224	0.208	0.016
Myof	0.881072038488281	0.34584664811804	1	0.346	0.291	0.055
Tra2b	0.881137294349664	-0.535143853899679	1	0.088	0.108	0.02
Dach1	0.88269294472139	0.124339247185628	1	0.643	0.569	0.0740000000000001
Actn4	0.883044883659148	0.147575919336968	1	0.27	0.256	0.014
Maml3	0.883976030735305	-0.287981663861975	1	0.182	0.202	0.02
Ppp4r3a	0.884411602306143	-0.856322145530801	1	0.085	0.121	0.036
Tpm1	0.890410353760549	-0.132886557241401	1	0.12	0.137	0.017
Lrrc4c	0.893872737489639	0.185555659606313	1	0.442	0.415	0.027
Fyco1	0.894984134840642	-0.32769321902866	1	0.134	0.154	0.02
Specc1l	0.896980711158778	-0.367202805812683	1	0.15	0.167	0.017
Helz	0.898385694628018	-0.409951550626904	1	0.115	0.132	0.017
Eps8l2	0.898867372950835	0.209533260373524	1	0.154	0.143	0.011
Cul3	0.898999407537792	-0.361042158220631	1	0.141	0.173	0.032
Pir	0.899697936623956	0.101298637201215	1	0.392	0.353	0.039
Sgms2	0.89986541300483	0.166900234119556	1	0.198	0.186	0.012
Sec24b	0.901870638294358	-0.49554247575111	1	0.138	0.178	0.04
Tmpo	0.906215724609749	0.246795304976192	1	0.173	0.159	0.014
Abhd2	0.906409690897961	0.126728029533901	1	0.445	0.426	0.019
Nedd9	0.907126851901345	0.218737133175331	1	0.251	0.229	0.022
Smc6	0.907213614506211	-0.556529997935085	1	0.085	0.119	0.034
Rabgap1	0.909710731477639	-0.100232841471976	1	0.177	0.189	0.012
Ccdc82	0.910033032199381	-0.130186277621257	1	0.198	0.199	0.001
Atp9b	0.912467303639652	-0.280159308405231	1	0.101	0.111	0.01
Atp11b	0.913499753772939	-0.135518007588928	1	0.131	0.129	0.002
Psd3	0.913785693249372	0.184912996318965	1	0.532	0.472	0.0600000000000001
Trim12a	0.914256031018867	0.230390238626452	1	0.164	0.154	0.01
Xpo1	0.915166012275188	-0.329183365465751	1	0.099	0.111	0.012
Acacb	0.915688418928443	0.106235634184512	1	0.157	0.132	0.025
Arhgap31	0.916507275281966	0.144243642708494	1	0.76	0.741	0.019
Fcho2	0.916564665893503	0.121458243823947	1	0.592	0.547	0.0449999999999999
Dennd5a	0.919120257731428	-0.297566221698522	1	0.157	0.181	0.024
Mfhas1	0.919858202599935	0.182712308871225	1	0.318	0.278	0.04
Gjc1	0.919894502428914	-0.400213633668856	1	0.168	0.21	0.042
Mib1	0.920300810447096	-0.72679738370571	1	0.09	0.116	0.026
Dmtf1	0.920323836207605	-0.895099460440919	1	0.088	0.137	0.049
Gm5127	0.923121521127297	0.190029373464217	1	0.343	0.321	0.022
BC028528	0.924668928493142	-0.278718550956937	1	0.099	0.124	0.025
Phf3	0.924749255538137	-0.302866176736916	1	0.101	0.108	0.00699999999999999
Irak2	0.924833406514432	0.206809099167353	1	0.145	0.111	0.034
Rin2	0.925978400098465	0.319762591660421	1	0.362	0.345	0.017
Snx29	0.927723001185241	0.647340269276488	1	0.12	0.084	0.036
Nfe2l2	0.928390620387989	0.371803087032463	1	0.138	0.119	0.019
Layn	0.928625318359222	0.315914163245839	1	0.2	0.159	0.041
Supt3	0.928836260235517	0.263359950666345	1	0.111	0.092	0.019
Brd8	0.929209512310436	-0.219748395114712	1	0.099	0.105	0.00599999999999999
Itpr3	0.929469249234666	0.295050147908309	1	0.143	0.129	0.014
Rapgef3	0.930612887491899	0.376389428428308	1	0.124	0.097	0.027
Ski	0.932895026092014	0.196825778253775	1	0.214	0.186	0.028
Trpm7	0.934864807623052	-0.347059122071683	1	0.166	0.202	0.036
Kdm4c	0.936459315786817	-0.459003497156236	1	0.189	0.208	0.019
Prr5l	0.939515277466949	-0.176143700260441	1	0.2	0.208	0.00799999999999998
Acvrl1	0.939686802954985	-0.168469852038888	1	0.194	0.202	0.00800000000000001
Ankrd44	0.939982843144723	0.110299271260113	1	0.191	0.183	0.00800000000000001
Tax1bp1	0.940250989777057	-0.233377734669177	1	0.141	0.151	0.01
Cltc	0.940563179756637	-1.1272118230613	1	0.09	0.146	0.056
Epc2	0.940955005094404	-0.267993637192178	1	0.101	0.108	0.00699999999999999
Hmcn1	0.94364947340165	-0.13255311312529	1	0.389	0.431	0.042
Zfp36l1	0.944068438540002	0.145388013881564	1	0.177	0.175	0.002
Myo10	0.944891022412769	0.270580124381319	1	0.385	0.358	0.027
Prdm16	0.945761549844797	0.409384333719171	1	0.175	0.137	0.038
Phactr2	0.946837616355153	0.141398885944055	1	0.297	0.28	0.017
Fars2	0.947009635521711	-0.20500548035415	1	0.12	0.124	0.004
Nt5dc1	0.947436332910866	-0.367979874318617	1	0.15	0.17	0.02
Hmgcs2	0.948131688748513	0.570705585854779	1	0.111	0.086	0.025
Rasip1	0.949213388213726	-0.16834930324216	1	0.168	0.189	0.021
Bmx	0.952214966962778	0.246095808328545	1	0.196	0.167	0.029
Nemf	0.95331877217254	-0.365876539660713	1	0.099	0.113	0.014
Bclaf3	0.957144373338832	-0.256605925702948	1	0.094	0.102	0.00799999999999999
Cdk13	0.95753670894136	-0.215294367626435	1	0.198	0.202	0.004
Zscan26	0.958166518084582	-0.685877895930114	1	0.074	0.116	0.042
Ccm2l	0.959184726254882	0.233552136462833	1	0.212	0.189	0.023
Tm4sf1	0.959423245220131	0.312123737493538	1	0.157	0.127	0.03
Usp53	0.963682426641363	0.239284522323736	1	0.539	0.488	0.051
Gab2	0.965379816970774	0.228388180250219	1	0.396	0.348	0.048
Piezo1	0.969284173834427	0.123651333350952	1	0.182	0.173	0.00900000000000001
Kcnd2	0.969869339934809	0.338843299399525	1	0.435	0.415	0.02
Nsmce2	0.970913472745921	0.316117016005857	1	0.164	0.143	0.021
Id3	0.971164840749717	-0.823375047998719	1	0.101	0.135	0.034
Sox13	0.971223316043584	0.280936362291691	1	0.247	0.226	0.021
Stox2	0.971675494564172	0.103137360613043	1	0.7	0.66	0.0399999999999999
Pik3c2a	0.972433808917921	-0.175022375232827	1	0.369	0.372	0.003
Parvb	0.974063715615661	0.111430846340365	1	0.274	0.259	0.015
Hprt	0.974393590835075	-0.453536979766748	1	0.111	0.132	0.021
Usp47	0.974574041471354	-0.112213483710879	1	0.184	0.186	0.002
Lrrc58	0.975784085955545	-0.27404809837356	1	0.092	0.1	0.00800000000000001
Cbfa2t3	0.976453902591635	0.368965401797186	1	0.115	0.086	0.029
Prkd2	0.978580622852986	0.335650387327175	1	0.143	0.129	0.014
Usp9x	0.979728438386298	-0.201211607307527	1	0.127	0.156	0.029
Rras2	0.980110777163443	0.18528428497443	1	0.118	0.1	0.018
Tspan12	0.98032769494159	-0.142304032730668	1	0.106	0.116	0.01
Rpl13	0.981399935871978	-0.262341915465796	1	0.09	0.102	0.012
Hipk1	0.981509973411826	-0.468947366753143	1	0.118	0.137	0.019
Arfip1	0.982070837112829	0.134719339732688	1	0.134	0.116	0.018
Lrp1b	0.985516211573885	-0.130304751217345	1	0.482	0.464	0.018
Ccdc186	0.987435202274138	0.490746270970444	1	0.101	0.073	0.028
Supt20	0.988319202930886	-0.224516426102762	1	0.127	0.14	0.013
Cux1	0.989010990295277	-0.153762919604086	1	0.221	0.237	0.016
Ddc	0.989520429374054	-0.575465310761461	1	0.108	0.148	0.04
Rbpms	0.989822498903726	0.201508892324509	1	0.585	0.547	0.0379999999999999
Dock1	0.990165256836112	0.213034125905553	1	0.597	0.547	0.0499999999999999
Sema7a	0.993137004526053	0.102928243090143	1	0.205	0.191	0.014
Arhgef1	0.993404458494721	0.204677486079988	1	0.154	0.151	0.003
Arpc2	0.993899235525439	0.123142239578309	1	0.177	0.148	0.029
Fam171a1	0.993967096372436	0.264219742537706	1	0.168	0.148	0.02
Ube2e2	0.994885926218359	0.206555683679764	1	0.145	0.132	0.013
Sarnp	0.99535439413437	-0.454941921625841	1	0.113	0.135	0.022
Dusp16	0.995414503763578	-0.415636295254005	1	0.09	0.127	0.037
Spopl	0.995517097915246	-0.173295766658914	1	0.182	0.199	0.017
Esam	0.995905738729702	-0.162972734359828	1	0.219	0.221	0.002
Cop1	0.995930011368742	-0.72136922914996	1	0.115	0.135	0.02
Cilk1	0.999259429825181	-0.113173788014346	1	0.212	0.213	0.001
Emcn	0.99931854595053	0.206293985843212	1	0.431	0.41	0.021
Nrf1	0.999405105388344	-0.185465784168073	1	0.2	0.208	0.00799999999999998
Srbd1	0.999578156833652	-0.183126974091596	1	0.122	0.124	0.002
