gene	p_val	avg_log2FC	p_val_adj	percent_3	percent_0	percent_difference
Galnt17	4.15735242319831e-09	8.3794349988742	7.44914407188673e-05	0.37	0	0.37
Serpini1	6.10823020391322e-07	-3.17912065720003	0.0109447268793717	0.071	0.302	0.231
Plcb4	1.63648353063428e-05	-1.70107273240854	0.293225119019051	0.293	0.512	0.219
Serinc3	4.89243046726035e-05	-2.08376664844208	0.87662569112371	0.114	0.326	0.212
Arap2	5.96537307569378e-05	1.0086573897585	1	0.342	0.093	0.249
Plcb1	6.48055389342406e-05	-2.98600297609046	1	0.065	0.233	0.168
Mt1	7.41972403455859e-05	-4.26211464099556	1	0.011	0.186	0.175
Mrtfb	8.09898863619945e-05	-2.83364818367999	1	0.038	0.163	0.125
Mast4	8.45254513307558e-05	0.886942021332904	1	0.94	0.86	0.08
Fam168a	8.89111718776842e-05	-7.8705615073532	1	0	0.116	0.116
Tax1bp1	0.000103191491698911	6.59054008471647	1	0.201	0	0.201
Pwwp2a	0.000114577089625678	-1.47803568665941	1	0.168	0.256	0.088
Slco3a1	0.00014500190050678	-0.65386666380966	1	0.674	0.628	0.046
Itm2b	0.000152739484333173	-1.38404507763925	1	0.223	0.395	0.172
Per2	0.000196947196725556	-3.08197800185872	1	0.033	0.209	0.176
Cysltr2	0.000221096562847468	2.2502349480893	1	0.283	0.047	0.236
Arcn1	0.000298054524852429	6.44315905604134	1	0.163	0	0.163
Fnbp1	0.000319416429991854	-2.20219292692754	1	0.087	0.326	0.239
Cert1	0.000363185441940478	-1.71542577395878	1	0.13	0.163	0.033
Adap2	0.000511109571630821	0.529923085463644	1	0.668	0.372	0.296
Rbfox1	0.000531310763804374	-1.46789622576898	1	0.082	0.302	0.22
Ppp2r2a	0.000600760738412706	6.48439981913487	1	0.179	0	0.179
Stag2	0.000644166903424445	-0.779955447753035	1	0.293	0.279	0.014
Pabpc1	0.000778323915406381	-3.20366736683807	1	0.022	0.14	0.118
Cbl	0.000908589201314521	-4.34950580039099	1	0.005	0.116	0.111
Pdzd2	0.000911500564101176	0.334095251338516	1	0.592	0.349	0.243
Pde7b	0.00093668289379606	0.445897014550247	1	0.511	0.233	0.278
Trpc3	0.00113833429245978	0.848560802400401	1	0.723	0.512	0.211
Rsrp1	0.00115445448191575	-2.9116046027092	1	0.049	0.256	0.207
Psd3	0.00125266763067771	0.882307720230126	1	0.75	0.442	0.308
Crebbp	0.00137008753708063	0.863981413227775	1	0.489	0.209	0.28
Atp1b2	0.00144587075066709	6.14745366980686	1	0.13	0	0.13
Kcnip4	0.00149743223037005	-2.96707451026016	1	0.049	0.256	0.207
Grm7	0.00156902558099746	-0.251052830586625	1	0.848	0.698	0.15
Nrxn3	0.00158094166338102	-1.91732833862936	1	0.065	0.279	0.214
Jak2	0.00160492838270196	6.01854800971624	1	0.136	0	0.136
Pdgfrb	0.0017018850750466	0.266393754571597	1	0.788	0.558	0.23
Nadk	0.00170887999507367	-4.77222999477134	1	0.005	0.116	0.111
Upf3b	0.00201746308494143	5.91418653175608	1	0.125	0	0.125
Abcc9	0.00207122676658621	0.601247536034049	1	0.625	0.395	0.23
Pan3	0.00219857652256501	0.205820572527744	1	0.418	0.233	0.185
Mef2a	0.00220671147176799	-1.06437445855115	1	0.342	0.512	0.17
Plxdc1	0.00232003296642301	1.54495754276075	1	0.413	0.163	0.25
Afap1l2	0.00239826383277433	0.893342659828491	1	0.391	0.163	0.228
Sbf2	0.00239948076249645	0.236272909349168	1	0.587	0.349	0.238
Daam1	0.00248910874751417	0.458694366759925	1	0.527	0.279	0.248
Slc6a20a	0.00280900254566822	0.389761701608067	1	0.723	0.488	0.235
Fry	0.00284522171170399	0.667143228251453	1	0.962	0.884	0.078
Ythdf3	0.00285482788027932	3.12623471913552	1	0.217	0.023	0.194
Lamp2	0.00313716584718708	5.89163512867337	1	0.103	0	0.103
Zfc3h1	0.0031448573941405	5.96757819676619	1	0.114	0	0.114
Snd1	0.00318740210666476	-0.458913682098724	1	0.212	0.116	0.096
Trpc4	0.00334022989691051	-0.394667023002753	1	0.353	0.279	0.074
Rpl41	0.00341673885921093	-3.94094954340731	1	0.005	0.116	0.111
D5Ertd579e	0.00357570146178325	-2.41817132203878	1	0.092	0.209	0.117
Ddx6	0.00374440094486675	1.38378450123607	1	0.217	0.047	0.17
Gatm	0.00375913249127846	2.22805729889252	1	0.239	0.047	0.192
Sparcl1	0.00381862353300182	-1.11469510599435	1	0.402	0.628	0.226
Dtx3	0.00387282157365063	1.56709457038542	1	0.326	0.116	0.21
Atosa	0.00390480735296423	-1.07790737793624	1	0.223	0.372	0.149
Anpep	0.00390710698310859	6.15012491366823	1	0.114	0	0.114
Lin7a	0.00405157604010782	-1.25626967251719	1	0.332	0.442	0.11
Flt1	0.00431176864151763	-0.649519905004329	1	0.277	0.256	0.021
Ano4	0.00434011532771662	-0.837510725262702	1	0.375	0.465	0.09
Ago2	0.00437471680610434	5.67515865953921	1	0.109	0	0.109
Zkscan3	0.00448023196361678	6.01401531143907	1	0.136	0	0.136
Zbtb38	0.00474375580283067	-1.10454359676962	1	0.158	0.233	0.075
Klf12	0.00495000005522509	-0.652054454464245	1	0.582	0.581	0.001
Kctd1	0.00497692693689497	-2.11561118981597	1	0.125	0.256	0.131
Tef	0.0051671745998292	-1.00492718186734	1	0.185	0.256	0.071
Atxn1	0.00522512645459687	-1.21717829460237	1	0.223	0.442	0.219
Foxc1	0.00542453817533633	6.13386500346948	1	0.109	0	0.109
Oaz2	0.00559000714597048	1.8081232820179	1	0.288	0.07	0.218
Igsf8	0.0056616136195765	-0.251635835357093	1	0.277	0.209	0.068
Tbl1x	0.00570085244127636	0.46752761411964	1	0.44	0.209	0.231
Abi2	0.00574766886669696	6.15266397922636	1	0.125	0	0.125
Ptprk	0.00579999307538467	0.476291512208936	1	0.875	0.744	0.131
Gpcpd1	0.00583563420189718	0.697632656339282	1	0.554	0.326	0.228
Srgap2	0.00586310872452533	-1.6618055188736	1	0.114	0.302	0.188
Maco1	0.00603423962723027	-2.2537082756004	1	0.038	0.14	0.102
Septin4	0.00610084860430209	1.31742137558427	1	0.473	0.233	0.24
Tns2	0.00644192787213297	-0.678602938359913	1	0.185	0.163	0.022
Atf7ip	0.00645799022096059	-0.541080828184164	1	0.207	0.186	0.021
Pde4d	0.00678501875484875	0.690248220563933	1	0.842	0.628	0.214
Dpf3	0.00683504685603498	-0.469898619099371	1	0.163	0.116	0.047
Ppp1r12a	0.00685475446430249	-0.575126347438713	1	0.592	0.581	0.011
Alpk1	0.00691069536775364	3.01916709818182	1	0.179	0.023	0.156
Fam135a	0.00700292088784348	5.91619425400966	1	0.125	0	0.125
Slc12a2	0.00711643481612998	-0.264653489159658	1	0.473	0.372	0.101
Ube2h	0.00714574128545051	-1.3521657870218	1	0.136	0.279	0.143
Klf13	0.00719678517401569	-2.18493915328291	1	0.054	0.14	0.086
Strn3	0.00726519939272156	0.845929462476276	1	0.571	0.302	0.269
Actn4	0.00735887891382369	-1.05461524497133	1	0.234	0.395	0.161
Dock1	0.00764319359626998	-0.678470521751889	1	0.457	0.442	0.015
Arhgap35	0.00775805882660063	-1.7128442889332	1	0.076	0.209	0.133
Ankhd1	0.00790685861007382	1.37508023422431	1	0.462	0.209	0.253
Elk3	0.00792911300204073	6.04469073491825	1	0.12	0	0.12
Nrg3	0.00812278914931279	-1.78516707988142	1	0.06	0.233	0.173
Cyth3	0.00829656384657373	-0.15093501350129	1	0.424	0.302	0.122
Fndc3a	0.0088736846723485	1.37822866568917	1	0.234	0.07	0.164
Stk38l	0.00889487813814156	-1.88051241714538	1	0.06	0.186	0.126
Thsd4	0.00891280396517549	0.248443601215182	1	0.103	0.163	0.06
Med1	0.00905193183098796	-2.68134479834823	1	0.027	0.116	0.089
Syne2	0.00922317612036392	-0.599987646471486	1	0.38	0.372	0.00800000000000001
Brd1	0.0094413400748072	-1.60379987515901	1	0.071	0.163	0.092
Mrtfa	0.00964490107427366	5.66923864529435	1	0.12	0	0.12
Cdk5rap2	0.00967455054654989	-2.61974658674172	1	0.027	0.116	0.089
Itga1	0.00967684403136157	0.485246497091208	1	0.837	0.628	0.209
Gabpb2	0.00978173565626887	-0.403930322395623	1	0.158	0.116	0.042
Nrf1	0.00981763299243385	0.473978181079431	1	0.245	0.116	0.129
Plcl1	0.0099061219468854	0.136983021911577	1	0.967	0.86	0.107
Zmym5	0.0100239580455605	3.22985241717129	1	0.168	0.023	0.145
Sdccag8	0.010234217994622	-2.53327801572625	1	0.033	0.186	0.153
Nr1d2	0.0103800059083834	-0.876604806907499	1	0.326	0.395	0.069
Ccdc141	0.0104578638676971	0.736405426522035	1	0.505	0.256	0.249
Ak3	0.0104896351452229	2.50914068851817	1	0.163	0.023	0.14
Exoc4	0.0105003387318275	1.18663708014363	1	0.451	0.209	0.242
Nup153	0.0105472619766614	-2.58650631163989	1	0.049	0.186	0.137
Garre1	0.0105558507043368	-0.367519459624591	1	0.288	0.233	0.055
Nlgn1	0.0105671954675294	-2.74355408207118	1	0.06	0.233	0.173
Ryk	0.0109474961510564	-0.820773112141138	1	0.147	0.186	0.039
Dym	0.0110703266231128	-2.84147449274129	1	0.027	0.163	0.136
Pik3ca	0.0114385165453659	-0.171099660982184	1	0.304	0.233	0.071
Eif4g3	0.0114907107188922	1.46796854872501	1	0.163	0.047	0.116
Lama2	0.0116743165869423	0.754710904504491	1	0.766	0.558	0.208
Zscan26	0.011779879563369	-1.79748233466035	1	0.06	0.14	0.08
Pla2g4a	0.011838796821619	-2.94645279911768	1	0.022	0.14	0.118
Sf1	0.0118615029682031	-1.83313068377803	1	0.071	0.186	0.115
Rasl12	0.0120268547999931	-0.172575409558963	1	0.299	0.209	0.09
Hmbox1	0.0122429164733876	-1.11887707036906	1	0.174	0.326	0.152
Itga4	0.0122744624588707	0.804501348620676	1	0.337	0.14	0.197
Dlc1	0.0124728420454361	0.274357046693688	1	0.995	0.977	0.018
Zbtb4	0.0124791218169021	-1.31588952523176	1	0.098	0.116	0.018
Nrxn1	0.0125229525736431	-1.32109205356157	1	0.125	0.326	0.201
Fap	0.0128958616221151	1.45806652462697	1	0.342	0.14	0.202
Camk2d	0.0129320354157561	-0.554146900531128	1	0.429	0.488	0.059
Ywhaq	0.0134412804531178	2.72377303226609	1	0.174	0.023	0.151
Stard9	0.0134485773524645	0.164413148049614	1	0.342	0.209	0.133
Il34	0.0137548284613007	0.420122169751005	1	0.489	0.279	0.21
Uvssa	0.0139005165634387	2.84336099354412	1	0.152	0.023	0.129
Ccm2	0.0139581980660689	5.64313766959612	1	0.103	0	0.103
Bclaf1	0.0142083778610065	-0.515626994810721	1	0.217	0.209	0.00800000000000001
Atp13a5	0.0142881946415771	0.299726753654896	1	0.821	0.651	0.17
Rai1	0.0144311907991416	-2.11121619786881	1	0.06	0.163	0.103
Ablim1	0.0144441562537166	-1.47785817481322	1	0.147	0.256	0.109
Rsf1	0.0157076193413816	-1.23647773626306	1	0.109	0.14	0.031
Ncor2	0.0157422013347556	-1.14073717710737	1	0.141	0.233	0.092
Mprip	0.0158018047602277	0.599203503467525	1	0.603	0.395	0.208
Atp10d	0.0159560258725162	0.513773708116731	1	0.408	0.209	0.199
Nfkb1	0.0164024268439723	-1.07493929942075	1	0.196	0.209	0.013
Phf12	0.0166982307744317	-1.83116667476021	1	0.065	0.209	0.144
Itch	0.0168980248097457	-1.21841163604297	1	0.201	0.349	0.148
Ptpn9	0.0169550151942165	0.648937382137832	1	0.342	0.163	0.179
P4ha1	0.0172795847873983	-1.76188057772725	1	0.103	0.14	0.037
B3galt1	0.0173142791818682	-0.282225564922836	1	0.228	0.14	0.088
Lrch1	0.0174295394111944	-0.823484096219957	1	0.174	0.326	0.152
Pcca	0.0174770872463425	0.150942809535124	1	0.516	0.349	0.167
Plekhm2	0.0177032740731532	-2.32867802383724	1	0.027	0.116	0.089
Asap1	0.0178087811009056	-1.04586945748201	1	0.245	0.395	0.15
Tbc1d12	0.0181310421058836	-1.70742277781266	1	0.054	0.163	0.109
Thada	0.0182671478684512	-0.801018753762319	1	0.163	0.186	0.023
Fut8	0.0183858188766079	2.63308362547732	1	0.201	0.047	0.154
Pcmtd1	0.0185801832828502	-1.49415397889691	1	0.098	0.209	0.111
Dcdc2a	0.0186260660348591	0.458422026080542	1	0.326	0.14	0.186
Rgs4	0.0188000755607591	-0.537895161282759	1	0.272	0.233	0.039
Capzb	0.0195533280390105	0.767388569014292	1	0.147	0.047	0.1
Septin11	0.0196035225481423	0.76313326429804	1	0.679	0.488	0.191
Ulk2	0.0199164691481212	-1.13517692331702	1	0.109	0.116	0.00700000000000001
Ppp1r2	0.0200128989031225	2.07092668574482	1	0.25	0.07	0.18
Slc16a12	0.0203055014672729	-0.362267383263335	1	0.359	0.279	0.08
Csmd1	0.0203231413307074	-1.34453939355415	1	0.065	0.209	0.144
Rbm27	0.0206118259694036	1.44788213239134	1	0.114	0.023	0.091
Golga4	0.0209630923006762	-2.46366718280267	1	0.033	0.14	0.107
Ncl	0.0209767411607181	0.197571090823745	1	0.136	0.07	0.066
Fgf14	0.0209954443595877	-1.06210722731767	1	0.114	0.279	0.165
Prdx1	0.0211085625491238	-2.2676858767462	1	0.043	0.116	0.073
Ifi203	0.0213785866629017	0.330923462808977	1	0.158	0.07	0.088
Plekhg2	0.0214251287434259	-0.196051892384295	1	0.234	0.163	0.071
Pitpnc1	0.0215119445529072	0.16344150179584	1	0.848	0.698	0.15
Pde8b	0.0218528962826832	0.307310191887022	1	0.832	0.674	0.158
Tinagl1	0.0218770583915288	-1.74663673180219	1	0.038	0.163	0.125
Tjp1	0.0218932107424751	0.848624342890095	1	0.533	0.302	0.231
Fgf1	0.0223824501656929	-1.03813330414695	1	0.13	0.14	0.01
Tnfrsf21	0.0224837262944039	1.8774182155778	1	0.174	0.047	0.127
Msn	0.022528707815261	-1.07258541197896	1	0.163	0.256	0.093
Cemip2	0.0228268953875769	-0.921273539751242	1	0.261	0.349	0.088
Dlg2	0.0237647002723994	-1.53304134695104	1	0.098	0.279	0.181
Btbd9	0.0237986759593521	-1.03633340038974	1	0.109	0.116	0.00700000000000001
Kmt2c	0.0241316010040515	0.404912450874572	1	0.44	0.256	0.184
Dock6	0.0246134321902387	0.411761539715894	1	0.69	0.465	0.225
Fbxo11	0.0247507038008561	1.31375716313262	1	0.266	0.093	0.173
Eln	0.02526033497419	0.274276661429735	1	0.109	0.209	0.1
Rassf3	0.0254297723824129	2.7267962492423	1	0.168	0.023	0.145
Cbx5	0.0258335195427916	-0.877331347293704	1	0.228	0.302	0.074
Luc7l2	0.0259487845695889	0.583458273991818	1	0.766	0.535	0.231
Maml3	0.0259704685669395	-1.3780334777331	1	0.212	0.372	0.16
Pik3r1	0.0261192295265476	0.793323728194856	1	0.446	0.233	0.213
Lrrc58	0.0261571032503252	2.30709481427267	1	0.158	0.023	0.135
Qser1	0.026321213801732	1.99327415224367	1	0.147	0.023	0.124
Supt3	0.026651215022598	-1.58221974144813	1	0.076	0.14	0.064
Soga1	0.0268750048698749	-0.915571754905371	1	0.136	0.163	0.027
Ugp2	0.0270476492082417	-1.28240472517129	1	0.136	0.233	0.097
Susd6	0.0272534119864702	0.500436046838418	1	0.402	0.233	0.169
Adgrb3	0.0274848241150994	-2.05565554978645	1	0.038	0.163	0.125
Stard13	0.0278064295845187	0.586284412004034	1	0.516	0.326	0.19
Ptpn4	0.0280530633387788	3.15413666949233	1	0.136	0.023	0.113
Gng12	0.028601802744006	-1.35188968126732	1	0.12	0.279	0.159
Stk38	0.0289119484024838	-1.77442334703873	1	0.054	0.116	0.062
Pdgfd	0.0290962271524708	-0.142734480361577	1	0.147	0.256	0.109
Chd4	0.02939291981854	-1.32679963131085	1	0.13	0.209	0.079
Nek7	0.0298734326660542	-0.443040799996635	1	0.201	0.163	0.038
Ahnak	0.0306585952277801	-1.1620898253119	1	0.163	0.326	0.163
Gpc3	0.0308689975734814	1.40306004586483	1	0.277	0.116	0.161
Akap12	0.0309775088349325	0.863533018341309	1	0.293	0.116	0.177
Zswim6	0.0315792194168198	-0.937005541382452	1	0.12	0.14	0.02
Itpr1	0.0316211385694732	0.202935629560523	1	0.739	0.535	0.204
Nfib	0.0317596307543323	-1.2549172836204	1	0.163	0.302	0.139
Mtus1	0.0319759205085558	0.246232259496091	1	0.147	0.047	0.1
Jag1	0.0322864328633643	0.367252153510064	1	0.196	0.093	0.103
Ralgapa2	0.0329083819312795	-1.06185183397729	1	0.12	0.209	0.089
Ercc6l2	0.033159827460321	3.07879945530747	1	0.13	0.023	0.107
Lbh	0.0332848303399003	-0.924389827602548	1	0.212	0.233	0.021
Grm3	0.033586016206338	0.410906336172409	1	0.761	0.581	0.18
Mfhas1	0.0338127646892655	-1.59143379169217	1	0.071	0.186	0.115
Dnajc19	0.0339208302085302	-2.70997491687051	1	0.033	0.14	0.107
Mdm4	0.0343948655350157	1.93113125879604	1	0.196	0.047	0.149
Stat2	0.0346558797033006	-1.87270297560756	1	0.065	0.116	0.051
Pear1	0.0346665338508952	1.21752027995731	1	0.196	0.047	0.149
Dock5	0.0347396722181968	-1.91834963541373	1	0.033	0.14	0.107
Ggt5	0.035201311383705	-0.355594499791377	1	0.25	0.186	0.064
Pias1	0.035359687825893	0.166631444801842	1	0.228	0.14	0.088
Vtn	0.0354985048681441	0.346123288703124	1	0.723	0.535	0.188
Plxdc2	0.0355428925461408	0.454094875828385	1	0.81	0.651	0.159
Akap10	0.0364850194932363	1.43496381900056	1	0.196	0.047	0.149
Gigyf2	0.0366257791117394	0.373143102177451	1	0.152	0.07	0.082
Nsd1	0.0372357297349414	-0.251167006653258	1	0.451	0.349	0.102
Crim1	0.0373897228844303	-0.56964769986607	1	0.446	0.628	0.182
Pafah1b1	0.0377588552899363	1.09417671535757	1	0.223	0.07	0.153
Il13ra1	0.0379458705886956	2.17633983734702	1	0.12	0.023	0.097
Arhgef7	0.0380510971452219	5.99619091627494	1	0.109	0	0.109
Agfg1	0.0384042340881334	0.326403085465006	1	0.147	0.07	0.077
Gsk3b	0.0385182066312706	-0.460615508754774	1	0.201	0.163	0.038
Arhgap17	0.0387616408332656	-0.808331683794883	1	0.103	0.093	0.01
Rnf169	0.0387700413198725	-1.17416668630809	1	0.13	0.209	0.079
Parm1	0.0391160653878037	-2.51716796961432	1	0.038	0.14	0.102
Ndel1	0.0391926730040924	1.97080674605564	1	0.147	0.023	0.124
Irs1	0.0396778786801286	2.60836073481305	1	0.152	0.023	0.129
Mpp7	0.0396868359852107	-1.18192215729897	1	0.207	0.349	0.142
Rsrc1	0.0400942623828922	-0.873730797008127	1	0.234	0.256	0.022
Rora	0.0402719043078378	-0.326349454948136	1	0.897	0.814	0.0830000000000001
Ino80	0.0405771593322425	1.39586157971239	1	0.196	0.047	0.149
Fbxl7	0.040606182979578	-1.40949666837349	1	0.13	0.256	0.126
Igf2r	0.0407250427800117	2.0160833681359	1	0.217	0.07	0.147
Eps8	0.0407543685588189	0.489959674779322	1	0.5	0.302	0.198
Man2a1	0.0412802400058836	-0.321659679424601	1	0.168	0.14	0.028
Pcbp2	0.0420232024403371	-0.594134166533173	1	0.12	0.116	0.00399999999999999
Jcad	0.0421449866665025	-2.43849499173787	1	0.033	0.116	0.083
Arhgap29	0.0429062279799223	0.669814427743718	1	0.668	0.465	0.203
Csnk2a1	0.0429886821621972	-1.66309595517209	1	0.082	0.14	0.058
Marf1	0.0432782230731913	-1.33863559381964	1	0.092	0.163	0.071
Tnrc18	0.0440955674762564	2.57248067907583	1	0.185	0.047	0.138
Itpr2	0.0447075509902322	0.189307160721474	1	0.625	0.442	0.183
Rnf152	0.0452741072083985	-0.922698354144685	1	0.196	0.326	0.13
Myocd	0.0453379746278944	-0.557522672389673	1	0.087	0.186	0.099
Smad4	0.0455900347715347	-0.762130977439944	1	0.158	0.186	0.028
Setd5	0.0456732881582569	1.27519954743812	1	0.424	0.209	0.215
Clk1	0.0458897412731045	0.896657656310982	1	0.429	0.209	0.22
Camta1	0.0458914733661761	-2.18388437475587	1	0.027	0.116	0.089
Shoc2	0.0459778975513415	-0.6656859922274	1	0.141	0.163	0.022
Cpm	0.0461112027882619	1.42797954696517	1	0.174	0.047	0.127
Tmem45a	0.0463218180330317	1.3320365938371	1	0.185	0.07	0.115
Adk	0.0463286593196141	-0.394393248036486	1	0.462	0.419	0.043
Akap7	0.0468295590416932	1.12177872992419	1	0.315	0.14	0.175
Stag1	0.0475551336336959	0.879811434547019	1	0.484	0.256	0.228
Tbxa2r	0.0479548964041859	2.55333615111273	1	0.141	0.023	0.118
Arhgap31	0.0482571509134937	-0.119140767611878	1	0.266	0.186	0.08
Zfx	0.0483851559316837	-1.50627730061753	1	0.103	0.186	0.083
Rem1	0.0486526444584245	1.70500248665428	1	0.158	0.047	0.111
Tasor	0.0500407706972815	-0.498670029957084	1	0.266	0.302	0.036
Actb	0.0501160147672287	-1.26494803864735	1	0.163	0.279	0.116
Tut4	0.050249579688148	2.0972896874301	1	0.212	0.047	0.165
Mxd4	0.0504864578665178	-1.25374515740939	1	0.092	0.163	0.071
Magi2	0.0507379999264061	-0.844323302747522	1	0.168	0.349	0.181
Fam193a	0.0507400242161487	0.223556101966947	1	0.37	0.233	0.137
Slc22a8	0.0514620330417708	-0.913986936438752	1	0.201	0.302	0.101
Plat	0.0520129734437526	2.76447576459724	1	0.13	0.023	0.107
Scaf4	0.0521690687454259	-1.56252821634066	1	0.065	0.14	0.075
Adamts6	0.0525177274316808	-1.64689090089642	1	0.054	0.14	0.086
Herc4	0.0532907614115717	-0.866797627247404	1	0.125	0.163	0.038
Arglu1	0.0533950206048017	1.22559436707374	1	0.304	0.14	0.164
Cers4	0.0536959958752453	0.176888787267022	1	0.114	0.047	0.067
ENSMUSG00000121513	0.0548075295729296	-0.787387412052416	1	0.353	0.395	0.042
Lsamp	0.0548477499196894	-0.202732149896362	1	0.772	0.628	0.144
Pid1	0.0549887249846781	-0.160367538040664	1	0.696	0.581	0.115
Srcap	0.0551798540456181	2.32470480623548	1	0.163	0.023	0.14
Nf1	0.0553349226316697	1.6904401082496	1	0.321	0.116	0.205
Tet3	0.0556177721456057	-1.97349483233728	1	0.049	0.14	0.091
Klf7	0.055888291839828	-0.806868621796108	1	0.212	0.279	0.067
Spop	0.0565846250616915	-0.944744758233221	1	0.207	0.256	0.049
Ano1	0.0566593802082421	0.753515763903899	1	0.641	0.465	0.176
Ap1g1	0.0570001041315059	-1.37466416308372	1	0.065	0.14	0.075
Ankrd11	0.0570845475124376	-0.652779873201222	1	0.342	0.302	0.04
Hif1a	0.0574225674303821	-0.528577038405277	1	0.103	0.07	0.033
AW554918	0.0582247430881528	0.596072226807635	1	0.457	0.279	0.178
Tspan17	0.0582251451448201	-1.69977029027852	1	0.06	0.14	0.08
Creb1	0.0584948264779498	-0.881123524252577	1	0.13	0.163	0.033
Pum2	0.0585200735825673	0.36856183412316	1	0.179	0.093	0.086
Utrn	0.058984475372938	0.174831769230638	1	0.951	1	0.049
Shld2	0.0593812666746744	0.655999616258352	1	0.12	0.047	0.073
Zmiz1	0.0599052088341254	-1.85227309368927	1	0.054	0.163	0.109
Tnks2	0.0603610463794877	-0.62161744452155	1	0.141	0.163	0.022
Btbd7	0.0604718210365223	0.494172283120584	1	0.196	0.093	0.103
Crispld2	0.0609041654693177	-2.11256141034064	1	0.043	0.116	0.073
Gpatch2	0.0612657482319942	-0.836948348616879	1	0.125	0.116	0.00899999999999999
Zdhhc1	0.0613891189364124	-2.61175100121434	1	0.033	0.14	0.107
Ufd1	0.0620338265499728	-2.03163395457324	1	0.038	0.116	0.078
Fam133b	0.0620794496522028	-1.84166749122371	1	0.054	0.116	0.062
Cux1	0.0624098724778644	-0.47881945445367	1	0.19	0.186	0.004
Nherf2	0.0624566325670812	-1.66710868187062	1	0.054	0.116	0.062
Pik3cd	0.0635956385368516	-1.49209190023112	1	0.076	0.14	0.064
Arhgap24	0.064122513901539	-1.28603802568565	1	0.158	0.279	0.121
Il17rd	0.0649724586589135	-0.205381518350195	1	0.125	0.07	0.055
Pkp4	0.06569680643803	-1.70845178968392	1	0.054	0.186	0.132
Ganc	0.0657548128538447	2.08519406427116	1	0.125	0.023	0.102
Trip12	0.0658050645566069	0.643796996688132	1	0.228	0.093	0.135
Tle1	0.0659897814583065	0.945081272651735	1	0.228	0.093	0.135
Swap70	0.0660043360415494	-1.65539262409153	1	0.027	0.116	0.089
Acadsb	0.0660597259794237	2.19360701218276	1	0.141	0.023	0.118
Tmod3	0.0661471010548187	-0.13939928238382	1	0.451	0.349	0.102
Ggt1	0.0662304450581868	0.970516962803076	1	0.141	0.047	0.094
Ddit4l	0.0664374857703478	2.82329516999049	1	0.136	0.023	0.113
Lats2	0.0664663910247798	0.560493912397402	1	0.212	0.093	0.119
Prkag2	0.0667476022891109	-1.67395730772103	1	0.082	0.116	0.034
Dicer1	0.0668718667315455	-1.22339829266025	1	0.087	0.14	0.053
Ski	0.0672625695078055	-1.34317090233786	1	0.125	0.233	0.108
Hnrnpa3	0.067840147871789	-0.323134763090346	1	0.245	0.233	0.012
Fkbp15	0.068424897230596	-2.10298472041182	1	0.049	0.14	0.091
Baz1b	0.0685467593230422	-1.15805122959867	1	0.098	0.233	0.135
Cnot4	0.0688601359238572	-0.920825321794032	1	0.245	0.372	0.127
Atp1a2	0.0690082801299045	0.306636876210345	1	0.859	0.814	0.045
Foxo3	0.0690766523135016	-1.26918566407109	1	0.103	0.186	0.083
Lyn	0.0692217786759076	-0.711638909212679	1	0.147	0.163	0.016
Srek1	0.069587592331952	1.39293811848375	1	0.185	0.047	0.138
Cnn3	0.0703227532176917	-0.69075657620184	1	0.109	0.093	0.016
Grb10	0.0712130650793797	-0.742090150139217	1	0.212	0.279	0.067
Sulf1	0.0716484911477816	-0.902187747485121	1	0.038	0.116	0.078
Rbpj	0.0721592984852444	-1.14774921839667	1	0.114	0.163	0.049
Pcdh18	0.0732168297184978	-0.219846082950933	1	0.152	0.116	0.036
Ptprd	0.0732802156891659	-1.16807307464575	1	0.13	0.279	0.149
Egflam	0.0733285306909691	0.269891488053319	1	0.625	0.465	0.16
Ehbp1	0.0734850483170477	-0.468172713342393	1	0.196	0.163	0.033
Rnf19a	0.0751810131931077	-0.277173260961601	1	0.114	0.093	0.021
Ogt	0.075684658060505	0.70908689984168	1	0.592	0.395	0.197
Nfat5	0.0757068298653315	0.694488535609925	1	0.413	0.233	0.18
Cald1	0.0761957885702415	0.274265900319008	1	0.978	0.93	0.0479999999999999
Scaf11	0.0767813121045523	2.30094991056775	1	0.141	0.023	0.118
Flna	0.0768482282285905	-0.285198779149533	1	0.288	0.233	0.055
Myo9a	0.0768739103053793	1.69640942039067	1	0.163	0.047	0.116
Gucy1a1	0.0769194179054128	0.621679947046129	1	0.413	0.233	0.18
Rab31	0.0769314984141855	-1.44501987247462	1	0.082	0.14	0.058
Pkd2	0.0774152396716479	-0.426032371885611	1	0.277	0.279	0.002
Dmd	0.0778071441496345	-0.32902788879462	1	0.793	0.767	0.026
S1pr3	0.0778174806793537	1.57337493160681	1	0.212	0.07	0.142
Pbrm1	0.0780583317602266	-0.930789590690951	1	0.163	0.256	0.093
Itgb5	0.0781580268113845	1.0719399169757	1	0.31	0.163	0.147
Ptgis	0.0787770901429733	-1.6781568126926	1	0.092	0.14	0.048
Tnfaip1	0.0800206518132595	1.26734518524031	1	0.293	0.14	0.153
Ggta1	0.0800680302302629	1.47516381690533	1	0.234	0.093	0.141
Sh3pxd2a	0.0802270586963649	2.3882897201599	1	0.12	0.023	0.097
Copa	0.0813774964724116	1.45704579251023	1	0.103	0.023	0.08
Tm9sf2	0.0819413975678097	-2.32651515238362	1	0.022	0.116	0.094
Lrmda	0.0820274231576725	-0.467773299179019	1	0.179	0.326	0.147
Desi2	0.0827456472352708	1.76926560679874	1	0.174	0.047	0.127
St3gal2	0.0830522593569345	-0.81885210513761	1	0.109	0.116	0.00700000000000001
Notch2	0.0836857090235184	-1.02439244394392	1	0.098	0.14	0.042
Acsl1	0.083877436660703	0.998944061270333	1	0.212	0.116	0.096
Fzd6	0.0838905495693983	0.890479289593429	1	0.375	0.279	0.096
Rbms2	0.0840396014525879	-0.126117091306307	1	0.19	0.116	0.074
Ppfibp2	0.0846818428535758	1.13090814282714	1	0.315	0.163	0.152
Igf1r	0.0847879470684246	-0.291293761410967	1	0.505	0.419	0.086
Nostrin	0.0850738317011064	-0.627141348930409	1	0.13	0.14	0.01
Myo6	0.0854252235831631	-0.391871258075323	1	0.201	0.186	0.015
Tet2	0.0858373625231448	-1.22709902322204	1	0.082	0.14	0.058
Eif4ebp2	0.0861530530717619	1.44727111140504	1	0.185	0.07	0.115
Hnrnpdl	0.0865458052304818	2.46289847812442	1	0.125	0.023	0.102
Nckap5	0.0875381893498999	1.80248058938865	1	0.114	0.023	0.091
St6gal1	0.0884731980260594	-0.203606850405201	1	0.402	0.349	0.053
Rab8b	0.0887069519201924	0.695329467733158	1	0.152	0.07	0.082
Dop1a	0.0901842688326815	-1.43694014295086	1	0.082	0.163	0.081
Kcnma1	0.0903065654442934	-1.30954438147914	1	0.114	0.209	0.095
Chic2	0.091080400552696	2.20038028034889	1	0.13	0.023	0.107
Arhgef25	0.0911494136781973	-1.17223370487609	1	0.114	0.14	0.026
Chchd3	0.0912989233621044	-0.922183769655495	1	0.125	0.163	0.038
Cul3	0.0918101588190237	2.44305764890913	1	0.147	0.023	0.124
Phka1	0.0921463109861423	0.133343098284802	1	0.163	0.093	0.07
Zfp280d	0.0932067785585873	0.696569022369599	1	0.283	0.14	0.143
Rgs6	0.0936366851725019	0.483042697133532	1	0.473	0.326	0.147
Mospd1	0.0939886666095592	2.29599435846246	1	0.109	0.023	0.086
Fam222b	0.0940160102818496	2.72804074670495	1	0.141	0.023	0.118
Thsd7a	0.0944166044155782	2.32058829011104	1	0.207	0.093	0.114
Xrcc4	0.0946017106345788	-1.12391064508243	1	0.098	0.163	0.065
Ptn	0.0947174906954588	0.247563441920072	1	0.679	0.535	0.144
Cblb	0.0956855075279666	-0.363029479429996	1	0.245	0.233	0.012
Tmem65	0.0958463315841751	-1.43800964191677	1	0.087	0.14	0.053
Vti1a	0.0958739069256539	-0.639559319759927	1	0.196	0.326	0.13
Pcdh9	0.0961095497690104	-1.04488046326029	1	0.163	0.302	0.139
Ppp1r14a	0.096914676245202	-1.68025894707752	1	0.06	0.116	0.056
Atp8b1	0.0972025849964136	-1.31750766562604	1	0.141	0.209	0.068
Trak1	0.09728948784238	-0.529420500324202	1	0.228	0.233	0.005
Hnrnpl	0.0974984068215719	1.94480382703397	1	0.114	0.023	0.091
Dennd1a	0.097627021270427	1.013310835015	1	0.288	0.14	0.148
Chn1	0.0978262083374336	1.13726650341502	1	0.158	0.047	0.111
Klhl23	0.0980070245123027	0.717093356432385	1	0.315	0.163	0.152
Fam110b	0.0983821897598578	1.84464765774667	1	0.141	0.023	0.118
Arih2	0.099122244894038	-1.07840555845036	1	0.12	0.209	0.089
Fndc3b	0.0991924082559643	-0.272391764308164	1	0.283	0.256	0.027
Tns1	0.0994098671337681	0.149575004520897	1	0.652	0.488	0.164
Gper1	0.0996489768120729	-0.355674044679374	1	0.103	0.07	0.033
Col5a2	0.0997091888487345	-0.763038331729046	1	0.109	0.233	0.124
Arnt	0.0998988364116034	-1.3747920808218	1	0.109	0.209	0.1
Bmpr2	0.100676163449089	0.346545966091706	1	0.141	0.07	0.071
Cacul1	0.101101578305443	-2.11779637896631	1	0.033	0.116	0.083
Pde1a	0.101138956578351	0.587550925864442	1	0.277	0.163	0.114
Pik3c2a	0.10146762910851	0.382874524985445	1	0.217	0.116	0.101
Tbx3	0.101854443926813	1.74636057236716	1	0.168	0.047	0.121
Actg1	0.102215695439337	-2.38035366453134	1	0.027	0.116	0.089
Mamdc2	0.102377043589931	-0.87630386726596	1	0.038	0.116	0.078
Smad3	0.102429485564437	-1.38370516968603	1	0.071	0.14	0.069
Kdm4c	0.102755885925302	0.35558076979597	1	0.125	0.116	0.00899999999999999
Tlk2	0.102974958059845	0.27381948078929	1	0.223	0.14	0.083
Mecp2	0.103237080659032	1.13818444637042	1	0.223	0.093	0.13
Dazap1	0.103573494163491	1.81911347274601	1	0.114	0.023	0.091
Rcor1	0.10366569376338	-0.769333160117793	1	0.103	0.14	0.037
Gypc	0.104345145608135	0.443241184991759	1	0.103	0.047	0.056
Hectd1	0.104737639412117	-0.411102567360037	1	0.185	0.163	0.022
Zfp568	0.104921536341881	-1.06188226244957	1	0.06	0.163	0.103
Zfp639	0.105106759581289	-2.36934427159364	1	0.027	0.116	0.089
Mark1	0.1054341191674	1.64672750798793	1	0.266	0.116	0.15
Nr2f2	0.105618642052021	0.276178209349457	1	0.337	0.209	0.128
Phc3	0.105627198476109	-1.10394683200951	1	0.092	0.14	0.048
Slc10a7	0.10565923636946	1.18293893729304	1	0.141	0.047	0.094
Gnai3	0.105873145666189	-2.18650271401335	1	0.033	0.116	0.083
Gpatch8	0.105922890304172	-1.02090092142749	1	0.152	0.186	0.034
Mkln1	0.105967952719601	1.04011585307436	1	0.386	0.186	0.2
Zfp704	0.106130717610906	-2.24870795243362	1	0.033	0.116	0.083
Cep112	0.107035354044506	0.564437707861382	1	0.272	0.163	0.109
Plce1	0.108549808493094	0.359384881134252	1	0.859	0.721	0.138
Tcf7l1	0.109138452537271	-0.905615763685022	1	0.179	0.326	0.147
Rbpms2	0.109599138167704	-1.03800272743597	1	0.168	0.233	0.065
Ikzf2	0.109676138688131	-1.60463960638089	1	0.071	0.163	0.092
Rac1	0.110122932173842	-2.01390942702152	1	0.038	0.116	0.078
Ssh2	0.11032475317792	0.504561734421062	1	0.408	0.233	0.175
Med13	0.110386723337571	0.430536366324139	1	0.266	0.163	0.103
Pbx1	0.111498938380529	-0.352544568662941	1	0.62	0.558	0.0619999999999999
Elk4	0.111909562652239	2.45207272783349	1	0.114	0.023	0.091
Adam17	0.112060860224004	-1.34115509611095	1	0.054	0.116	0.062
Pip4k2a	0.11224743178956	-0.846449592405816	1	0.065	0.163	0.098
Fryl	0.112414457627829	-0.794825304936303	1	0.147	0.209	0.062
Wls	0.112678804297257	-0.47942011247016	1	0.467	0.465	0.002
Bgn	0.114093701618934	-1.25538631701356	1	0.092	0.163	0.071
Frs2	0.114367943223467	0.77182593818034	1	0.19	0.093	0.097
Jarid2	0.114395599880315	-0.241234882021656	1	0.136	0.093	0.043
Vstm4	0.115901935384465	1.00500853616275	1	0.261	0.116	0.145
Kmt5b	0.116095963657605	1.05504006994695	1	0.255	0.116	0.139
Crlf3	0.116301939432249	1.19141462192081	1	0.19	0.07	0.12
Acta2	0.116892470992087	-0.281213606465627	1	0.179	0.279	0.1
Rap1a	0.117119925910312	-0.112030416848076	1	0.484	0.395	0.089
Art3	0.117157641979977	0.476811139088697	1	0.413	0.279	0.134
Trappc9	0.11723785954097	2.3014431356207	1	0.12	0.023	0.097
Samd4	0.117499457940046	-0.363727312775252	1	0.299	0.302	0.003
Phf21a	0.118929423970842	0.573530069071831	1	0.418	0.256	0.162
Emcn	0.119060806477208	0.807738446246972	1	0.261	0.14	0.121
Phf20l1	0.119063115149071	-0.483404178266452	1	0.13	0.116	0.014
Cradd	0.119077191647122	-0.376547436866722	1	0.125	0.093	0.032
Nrd1	0.119284438309064	-1.4551631298605	1	0.103	0.209	0.106
Braf	0.119602414355727	0.645824424932173	1	0.37	0.209	0.161
Tbx18	0.119820770447745	1.2865209441252	1	0.272	0.116	0.156
Znrf1	0.120035948917585	-1.44061692927946	1	0.054	0.14	0.086
Tmpo	0.120057840482366	2.04050895078165	1	0.103	0.023	0.08
Dars	0.120059708621888	2.05487246551229	1	0.103	0.023	0.08
Ncor1	0.120104619675923	-0.438101485097143	1	0.332	0.326	0.00600000000000001
Baz2b	0.120635564229419	-0.113720415090398	1	0.359	0.279	0.08
Rtn3	0.120713832826212	-0.957338712175342	1	0.125	0.14	0.015
Pygb	0.121852465560132	-2.17636228329871	1	0.043	0.116	0.073
Rnf216	0.121875057355106	-0.898302245903599	1	0.163	0.279	0.116
Atrx	0.121968706524137	-0.260111175344399	1	0.38	0.326	0.054
Zfp407	0.122299405102715	-0.602304523940122	1	0.136	0.14	0.004
Luc7l3	0.122409364245439	-1.74733227654967	1	0.071	0.14	0.069
Rbms1	0.1228500530496	0.539070738235481	1	0.75	0.605	0.145
Fam118b	0.12301470878601	1.10111830286224	1	0.332	0.186	0.146
Cask	0.123618485195469	1.57783170622047	1	0.212	0.093	0.119
Cul1	0.124168568096633	-0.604351686675787	1	0.152	0.14	0.012
Fgf13	0.126079049817658	-0.499192625107675	1	0.092	0.186	0.094
Raph1	0.12663429657577	0.439749697452311	1	0.473	0.326	0.147
Myo1b	0.126866364224454	-0.278317444685937	1	0.777	0.721	0.056
Col4a6	0.127139940565113	-0.68274600430836	1	0.147	0.279	0.132
Ece1	0.127252145026052	-0.384240732766091	1	0.288	0.256	0.032
Ccnd3	0.127324413656773	-0.716937086037769	1	0.163	0.163	0
Gnb4	0.129294189614474	0.656921712275837	1	0.337	0.186	0.151
Clock	0.129618598718278	2.34623155573701	1	0.13	0.023	0.107
Il15ra	0.129699623950867	1.99951819274281	1	0.109	0.023	0.086
Ube2g1	0.129940176776909	-1.04763022526597	1	0.076	0.14	0.064
Ctcf	0.130245480241116	1.27104946631771	1	0.141	0.047	0.094
Fcho2	0.131702003604701	-0.119625059666667	1	0.397	0.326	0.071
Sema5a	0.132405018204472	1.00500005303016	1	0.408	0.256	0.152
Bclaf3	0.133123085478041	-0.316552195287195	1	0.109	0.093	0.016
Dbp	0.13324072548043	-1.02403014594005	1	0.082	0.186	0.104
Timp3	0.133594238731809	-0.997919376141119	1	0.087	0.186	0.099
Sppl3	0.133926324488936	-1.380340845155	1	0.082	0.186	0.104
Mboat2	0.133980623156596	-0.219628133924922	1	0.402	0.372	0.03
Nisch	0.134864501764805	-0.14776506320514	1	0.141	0.116	0.025
Tmem131	0.135162243304207	1.79446239406237	1	0.168	0.047	0.121
Mrc2	0.135727151697464	-0.437360766715621	1	0.245	0.233	0.012
Arhgef11	0.137226065956557	-1.13476092139346	1	0.136	0.256	0.12
Adgra2	0.137764181395461	-1.10077092705966	1	0.076	0.163	0.087
Rin2	0.138167455497898	-1.05355100073445	1	0.06	0.116	0.056
Gucy1a2	0.13827939404003	0.323731127271023	1	0.755	0.628	0.127
Faf1	0.139217308089573	2.0645297331503	1	0.114	0.023	0.091
Prrx1	0.139896361667534	2.05588309534129	1	0.141	0.047	0.094
Epc1	0.140312941140091	-1.21485673915032	1	0.082	0.209	0.127
Pon2	0.141073622489436	2.10430956777593	1	0.103	0.023	0.08
Trpm7	0.141101418306303	0.899352570927186	1	0.25	0.163	0.087
Cbfb	0.141271808613193	-1.10152628478026	1	0.114	0.186	0.072
Insr	0.141795136545349	0.738032043229881	1	0.288	0.14	0.148
Specc1l	0.141920469962948	-0.534224748472867	1	0.158	0.14	0.018
Ldlrad4	0.14335819573028	-0.348247379480181	1	0.245	0.326	0.081
Arhgap18	0.144787461086447	-1.25513190355512	1	0.076	0.116	0.04
Ralb	0.144920434479442	1.73161071196407	1	0.103	0.023	0.08
Plekhh2	0.145493817726815	1.56749045667856	1	0.234	0.093	0.141
Stk3	0.145497072732287	-0.500297975569596	1	0.375	0.395	0.02
Sfswap	0.146277813357646	-1.33213073742996	1	0.065	0.116	0.051
Afap1	0.146775501373614	1.28720534603108	1	0.179	0.07	0.109
Tnrc6a	0.147234317613988	-0.405240349358342	1	0.315	0.349	0.034
Ube2k	0.14729701211221	0.525743357482323	1	0.141	0.07	0.071
Rasgrp2	0.147785376760894	0.241218755005101	1	0.228	0.14	0.088
Mib1	0.148222505672372	-1.25604580814391	1	0.103	0.14	0.037
Wdfy3	0.148488292447343	-0.557731355100983	1	0.234	0.349	0.115
Hnrnph3	0.14923699441707	-0.35326321874171	1	0.13	0.116	0.014
St8sia4	0.149250551153343	0.857966721272301	1	0.239	0.116	0.123
Lef1	0.150103773087027	-1.18047893580331	1	0.103	0.163	0.06
Mrps28	0.151255303525804	1.22907631840913	1	0.114	0.047	0.067
Lpp	0.151981811733138	-0.348500802214936	1	0.565	0.558	0.0069999999999999
Ttc14	0.152019068849312	1.03463877443707	1	0.255	0.116	0.139
Rbpms	0.15215328079553	0.128665737635871	1	0.707	0.791	0.0840000000000001
Rspry1	0.152467404360229	0.344439651565039	1	0.13	0.07	0.06
Mier1	0.152528327391476	0.678037968607347	1	0.283	0.163	0.12
Tiparp	0.153111118147721	1.6578567215408	1	0.12	0.047	0.073
Nsmce2	0.153289497663534	0.412949959732368	1	0.228	0.116	0.112
Arhgef17	0.154172040489398	-0.737482243777623	1	0.304	0.349	0.045
Ccdc50	0.154680646296662	-1.52753851840053	1	0.049	0.14	0.091
Fbxw11	0.155385813613193	0.282069607801317	1	0.179	0.116	0.063
Ss18	0.155829768605658	-0.247259670993653	1	0.114	0.093	0.021
Pitpnm2	0.155868140970771	-0.965053388087498	1	0.168	0.256	0.088
Smad5	0.156857876227586	1.70581442099438	1	0.114	0.047	0.067
Appl1	0.157211661490194	-0.864285529896759	1	0.109	0.14	0.031
Ints6l	0.157723696803169	-0.957102298891597	1	0.12	0.209	0.089
Clic4	0.157769919918756	-0.987052300583815	1	0.13	0.233	0.103
Ttpal	0.15785919871931	1.93993685724874	1	0.109	0.023	0.086
Nbea	0.157955011383001	1.79902144308321	1	0.158	0.047	0.111
Naalad2	0.158806449761245	0.152533664908796	1	0.25	0.163	0.087
Ldlr	0.159477543020479	1.1986276063039	1	0.13	0.047	0.083
Nfyc	0.160446664309731	2.04317963962459	1	0.114	0.023	0.091
Stau1	0.160547512684135	-0.686023911077908	1	0.114	0.163	0.049
Ptar1	0.160959456550597	0.208473588907246	1	0.207	0.14	0.067
Nr3c1	0.161356600321156	-0.897295786680613	1	0.163	0.233	0.07
Mga	0.162156190449948	1.5733931313835	1	0.201	0.07	0.131
Heg1	0.162380118865216	-0.202427353780669	1	0.418	0.395	0.023
L3mbtl3	0.162622636338185	1.4980295744958	1	0.141	0.047	0.094
Larp4b	0.162709257258972	-0.760295835067659	1	0.125	0.163	0.038
Sp3	0.163516071677728	0.413985967595349	1	0.272	0.163	0.109
Atp11c	0.164312499682798	0.354208279196028	1	0.255	0.163	0.092
Cadm2	0.164555249038042	-1.14741102683589	1	0.092	0.209	0.117
Nudt4	0.16579047011245	-0.591894089503492	1	0.103	0.093	0.01
Ackr3	0.166253726825814	1.39067133396464	1	0.158	0.07	0.088
Osmr	0.167070397542568	1.48940965536712	1	0.266	0.116	0.15
Eng	0.167233405070256	1.32785441009207	1	0.223	0.093	0.13
Auts2	0.167751620530679	0.73216938125187	1	0.288	0.186	0.102
Pth1r	0.167940237773926	0.791524761631774	1	0.261	0.14	0.121
Zfr	0.169268796009329	0.654738140460364	1	0.255	0.116	0.139
Ifrd1	0.16964927016916	-1.497945648887	1	0.06	0.116	0.056
Ip6k1	0.16971272235383	1.29928671743815	1	0.141	0.047	0.094
Clasp1	0.170094710959057	-1.26988804432142	1	0.076	0.116	0.04
Brd4	0.170467891763211	1.11328119632479	1	0.255	0.116	0.139
Actn1	0.170475469575317	-0.465697836355456	1	0.076	0.116	0.04
Dcbld1	0.170966750478661	1.055701994536	1	0.201	0.093	0.108
Cspp1	0.171130884327065	-0.711014317908058	1	0.054	0.116	0.062
Bcas3	0.171630893786431	-0.354663631860162	1	0.408	0.419	0.011
Hnrnpa2b1	0.171761787121195	0.733910259073092	1	0.413	0.256	0.157
Mob3b	0.172272248659496	-0.354895253432785	1	0.125	0.093	0.032
Pip4p2	0.172519956883502	2.48426218724295	1	0.125	0.023	0.102
Dnmt3a	0.172718117478145	-1.1708434619569	1	0.087	0.14	0.053
Nrep	0.17291978245393	-1.38317509118041	1	0.054	0.14	0.086
Kcnab1	0.176550718328434	-0.278174655110988	1	0.179	0.233	0.054
Akap8	0.177347205936419	-1.03640527307604	1	0.087	0.14	0.053
Zic1	0.178175136846112	0.948040497905458	1	0.342	0.209	0.133
Pard3	0.178212671142134	-0.559281990520833	1	0.609	0.767	0.158
Cop1	0.178693680741051	0.490509326174585	1	0.152	0.07	0.082
Pdlim5	0.179789552219179	-0.486579437114058	1	0.239	0.326	0.087
Magi1	0.181505756497964	-1.04098140809911	1	0.141	0.233	0.092
Jph2	0.181620552801449	-1.31486896878551	1	0.076	0.14	0.064
Nipbl	0.182038074422375	0.152095777190181	1	0.582	0.465	0.117
Zbtb34	0.182493554137794	0.112023382591156	1	0.114	0.07	0.044
Oga	0.184535759569014	1.34478974024264	1	0.136	0.047	0.089
Tec	0.184871124351213	0.558445032320475	1	0.201	0.116	0.085
Mylk	0.185191773699615	-0.305323375579643	1	0.484	0.558	0.0740000000000001
Foxo1	0.185925001841268	-1.04065555624979	1	0.109	0.116	0.00700000000000001
Akap13	0.186067425224213	0.592601296643943	1	0.435	0.302	0.133
Heatr5a	0.18614327067119	-1.15789438813421	1	0.038	0.116	0.078
Rictor	0.186159121796701	0.160091921575108	1	0.207	0.14	0.067
Tnrc6b	0.186264091896822	0.432621083076602	1	0.451	0.302	0.149
Tanc1	0.186285269655072	2.54110064894235	1	0.109	0.023	0.086
Gucy1b1	0.186312365563198	0.197511357801949	1	0.565	0.465	0.0999999999999999
Sema6d	0.186406740514472	-0.169885764459754	1	0.125	0.093	0.032
C2cd2	0.186736943876595	1.76655864832437	1	0.185	0.07	0.115
Ywhae	0.186782037567465	-0.409614242461708	1	0.196	0.209	0.013
Itpk1	0.186934164777311	-1.27777958336152	1	0.049	0.116	0.067
Kcnt2	0.189045709065953	0.141331107903978	1	0.114	0.07	0.044
Zfp266	0.191688634137847	2.33258811290915	1	0.109	0.023	0.086
Atxn7	0.192596612695464	-0.700942668586525	1	0.174	0.233	0.059
Kiz	0.192660718775385	-1.05197889278506	1	0.098	0.163	0.065
Mapkap1	0.193005803884546	-0.696410005549398	1	0.136	0.186	0.05
Hnrnpm	0.193217650074716	0.28390674687699	1	0.158	0.093	0.065
B3gnt2	0.193445125571157	0.335114525349914	1	0.228	0.14	0.088
Fstl1	0.193604235593008	1.47652415403634	1	0.141	0.07	0.071
Anapc1	0.195715735267968	2.20324164968658	1	0.12	0.023	0.097
Cast	0.196342599158849	1.20594316355731	1	0.217	0.093	0.124
Capn2	0.19680142265037	-1.16226746437972	1	0.092	0.163	0.071
2210408I21Rik	0.19683037347996	1.90700878065152	1	0.141	0.047	0.094
Sipa1	0.196919028912747	1.36401977128014	1	0.152	0.07	0.082
Mpdz	0.196959297655572	1.4904092547527	1	0.136	0.07	0.066
Irf2	0.197553633629288	1.07016182619057	1	0.201	0.093	0.108
E130308A19Rik	0.19783336248822	0.569292939850032	1	0.451	0.326	0.125
Zeb1	0.200750951197833	0.16159991342813	1	0.804	0.674	0.13
Ophn1	0.201086516307622	-1.71574041818161	1	0.038	0.116	0.078
Rb1cc1	0.201207267022702	1.29881469915465	1	0.185	0.07	0.115
Cdk8	0.201907693542929	-0.402434773709004	1	0.12	0.116	0.00399999999999999
Sorbs2	0.202575405002347	-0.603501436920085	1	0.19	0.279	0.089
Parp8	0.204872234593973	0.226699772812466	1	0.473	0.349	0.124
Golim4	0.206576060684595	-0.545161486416011	1	0.174	0.163	0.011
Cdc27	0.207816263983575	-1.20247090028025	1	0.06	0.116	0.056
Tango6	0.207992981757036	-0.751003442743247	1	0.082	0.116	0.034
Wwox	0.208167077124331	-0.457707288404379	1	0.37	0.395	0.025
Pkn2	0.208312934842431	-0.520437400726073	1	0.152	0.163	0.011
Nfatc3	0.208474656571406	1.24671914678672	1	0.136	0.047	0.089
Tpk1	0.209959571712427	-0.648942067976827	1	0.109	0.116	0.00700000000000001
Elf2	0.209997616471267	-0.765060237406807	1	0.098	0.116	0.018
Lima1	0.210151585429625	0.869802598655821	1	0.158	0.07	0.088
Numb	0.210223815246937	-0.647494009176748	1	0.174	0.279	0.105
Pde5a	0.210336891706959	0.47591095532123	1	0.484	0.349	0.135
Rabep1	0.21043772793009	-1.31955533297508	1	0.076	0.116	0.04
Rcsd1	0.210527928493366	0.747458568963433	1	0.375	0.233	0.142
Chst3	0.210965323699246	-0.17527128503892	1	0.103	0.07	0.033
Pbx3	0.211267920301823	-0.887177096841738	1	0.168	0.209	0.041
Ccdc3	0.211401298255707	-0.938431370765456	1	0.12	0.163	0.043
Fxr1	0.211479886537359	2.3581025603339	1	0.13	0.023	0.107
Pot1b	0.211802153417861	1.05432317668534	1	0.147	0.07	0.077
Phlpp1	0.211857589569153	0.291558709978179	1	0.467	0.326	0.141
Ralgapb	0.212271156345115	1.58770827506447	1	0.12	0.047	0.073
Eif4g1	0.212335311140479	-0.834704861119124	1	0.087	0.116	0.029
Adgre5	0.213120755372135	0.426322298094745	1	0.13	0.07	0.06
Huwe1	0.213324192335848	0.794450966983821	1	0.337	0.186	0.151
Uaca	0.213478629703215	0.848802933941761	1	0.332	0.186	0.146
Gprc5c	0.213631485657825	0.766685852024046	1	0.228	0.116	0.112
Pald1	0.213803176248414	0.473541145072391	1	0.435	0.302	0.133
Nacc2	0.213956641495094	-1.54690844565008	1	0.049	0.14	0.091
Mnat1	0.214043688141706	-0.629170067328045	1	0.158	0.186	0.028
Cachd1	0.214569358717366	-0.675088474880126	1	0.082	0.163	0.081
Stk24	0.214978406298505	0.9074546277249	1	0.277	0.14	0.137
Kif13b	0.215726978602567	0.887279330090054	1	0.185	0.093	0.092
Babam2	0.216307189552113	0.957500245682239	1	0.245	0.14	0.105
Col27a1	0.216617669788934	-0.67641979183589	1	0.185	0.186	0.001
Ambra1	0.218240864799935	0.818024621797061	1	0.37	0.233	0.137
Xrn1	0.218836090717633	-0.389964548202665	1	0.234	0.256	0.022
Prickle2	0.219656625450615	-1.42514316341451	1	0.06	0.116	0.056
Bicc1	0.219858312827254	0.148772230831558	1	0.315	0.233	0.082
Tom1l2	0.220469889970564	-1.20985643483803	1	0.076	0.14	0.064
Atp10a	0.220802842547759	-0.535499604634884	1	0.071	0.14	0.069
Rps6kb1	0.221137910291308	1.24833074543132	1	0.141	0.047	0.094
Nr6a1	0.221926605470884	-2.11703943091378	1	0.049	0.116	0.067
Sox6	0.222198589267497	-0.391707385606073	1	0.326	0.419	0.093
Ccnyl1	0.222373256084687	-0.657469195371986	1	0.12	0.14	0.02
Foxd1	0.222493339871573	0.387923518886006	1	0.125	0.07	0.055
Ptma	0.223096635147393	-1.75810611827084	1	0.043	0.14	0.097
Ttc7b	0.223185658624037	1.3125155115061	1	0.13	0.047	0.083
Wdpcp	0.223281828741814	1.3346372306087	1	0.147	0.07	0.077
Ccnl1	0.223298478170318	0.903799923079731	1	0.179	0.116	0.063
Tns3	0.223340216515947	-1.14182171194088	1	0.092	0.116	0.024
Map4	0.223549223900434	-0.334578763233412	1	0.44	0.488	0.048
Vps13b	0.223794301696157	-0.774863501557703	1	0.163	0.186	0.023
Cgnl1	0.223943589444039	0.519850875893447	1	0.386	0.256	0.13
Apobec1	0.224159079174998	1.18134971644456	1	0.136	0.047	0.089
Usp47	0.224923454716609	-0.594657721526782	1	0.185	0.256	0.071
Stxbp3	0.225210117242228	2.25753205380698	1	0.12	0.023	0.097
Prrg1	0.225327628964436	-1.53940259643622	1	0.049	0.116	0.067
Bicra	0.228082669510182	0.75211588527257	1	0.147	0.07	0.077
Mbnl1	0.22826570754423	-0.28798946195875	1	0.359	0.372	0.013
Inpp4b	0.229101548911802	0.239682596557977	1	0.821	0.698	0.123
Khdrbs1	0.229761626897829	-1.10757299344613	1	0.087	0.14	0.053
Foxn2	0.230390652124144	-0.932039973266676	1	0.071	0.116	0.045
Kalrn	0.23067124695985	1.85042978478207	1	0.147	0.047	0.1
Mical3	0.230763977156344	-0.334274712272747	1	0.087	0.14	0.053
Rbfox2	0.231641969446403	0.686273593295244	1	0.457	0.326	0.131
Dennd1b	0.231922134929735	1.24737288672694	1	0.179	0.07	0.109
Klhl13	0.232280917505372	1.24457482419232	1	0.141	0.07	0.071
Dcbld2	0.232489081345482	0.402238135767511	1	0.158	0.093	0.065
Tnpo1	0.232573083825381	0.696870582758672	1	0.185	0.093	0.092
Stat3	0.232648926521194	0.695876566441061	1	0.217	0.116	0.101
Ubr1	0.232744655878982	0.502575635552562	1	0.462	0.326	0.136
Top1	0.234834040977982	1.53349363208415	1	0.185	0.07	0.115
Ddx3x	0.235361122537487	-0.264131982721864	1	0.25	0.233	0.017
Lrp1	0.235985541253574	0.796250870005356	1	0.136	0.07	0.066
Notch3	0.236642975857693	0.376058842725472	1	0.772	0.744	0.028
Add3	0.236657031593731	-0.280261317018201	1	0.239	0.209	0.03
Osbpl8	0.236716955710642	0.396124923661571	1	0.125	0.07	0.055
Ccdc82	0.236859615885458	-1.26344443390705	1	0.114	0.186	0.072
Bbx	0.237994229078466	0.302326721584884	1	0.201	0.14	0.061
Cmss1	0.238200594215959	-0.92845654642031	1	0.174	0.279	0.105
Rbm6	0.239149507450202	1.03088029032677	1	0.283	0.14	0.143
Zfp346	0.239229075676067	0.517538190938356	1	0.152	0.07	0.082
Usp3	0.23935088917667	0.998212589847589	1	0.277	0.14	0.137
Arid1b	0.239382229946589	0.667255923046399	1	0.348	0.209	0.139
Agrn	0.239505995284396	0.579812935185231	1	0.147	0.07	0.077
Xiap	0.239742674373606	-0.300738234802779	1	0.217	0.209	0.00800000000000001
Zzef1	0.240237335846341	1.41632485226263	1	0.147	0.047	0.1
H2az2	0.240288349594242	-1.56238717369921	1	0.06	0.163	0.103
Uvrag	0.240754957121968	0.450081243459773	1	0.201	0.116	0.085
Synpo2	0.242356585627873	-0.178527861523106	1	0.152	0.209	0.057
Vapa	0.242412704144827	1.1219882684618	1	0.114	0.047	0.067
Zc3h12b	0.242779459678105	1.66412320242072	1	0.13	0.047	0.083
Myom1	0.243055549966792	-0.583103785122458	1	0.212	0.302	0.09
Phip	0.243076141767107	0.102576152952241	1	0.245	0.186	0.059
Spag9	0.24319550976812	-0.528364404863285	1	0.174	0.209	0.035
Rreb1	0.243356793762803	0.636433199413723	1	0.25	0.14	0.11
Ndufa4l2	0.244175858283668	1.34089508875504	1	0.125	0.047	0.078
Resf1	0.244346853835949	0.473386430427739	1	0.168	0.093	0.075
Rbm26	0.244784777639765	0.231843669865193	1	0.13	0.07	0.06
Wwc2	0.245216258103205	-0.894133905669171	1	0.125	0.163	0.038
Ttc23	0.245836118327076	0.852098550950399	1	0.163	0.07	0.093
Elf1	0.246631674616861	-0.209901400486325	1	0.109	0.186	0.077
Zfp532	0.248520846004454	-0.847683639860711	1	0.087	0.116	0.029
Pgm5	0.248546789017155	-1.08387612914861	1	0.076	0.163	0.087
R3hcc1l	0.249592396942966	0.39291255335138	1	0.125	0.07	0.055
Zfp608	0.250398171106024	0.603231409225101	1	0.109	0.047	0.062
Akt3	0.250711878250657	0.774120104494247	1	0.37	0.233	0.137
Nab1	0.252025074520913	1.5844937383101	1	0.103	0.047	0.056
Usp9x	0.252891992599634	-0.249464223688402	1	0.228	0.186	0.042
Ranbp9	0.253011457251643	0.389021780244415	1	0.125	0.07	0.055
Rock1	0.25499716467111	0.622943127895903	1	0.554	0.395	0.159
Arih1	0.255093246564718	-0.159128884517672	1	0.435	0.395	0.04
Hivep2	0.255294491339052	0.452911213366563	1	0.168	0.186	0.018
Plod1	0.256298582845272	-1.01790697831342	1	0.087	0.116	0.029
Rpl26	0.256381028469758	-1.4799795386048	1	0.038	0.116	0.078
Cst3	0.257074712359386	-0.978887488084088	1	0.168	0.256	0.088
Lama5	0.257689925444229	-0.424000421422797	1	0.087	0.14	0.053
Lama4	0.259041056537136	0.40160773798121	1	0.429	0.302	0.127
Plod2	0.25913332557379	-0.557026173046496	1	0.109	0.093	0.016
Ppp6r3	0.260381359039174	0.676346459421074	1	0.217	0.116	0.101
Mbd2	0.26055228716395	0.964743425269689	1	0.158	0.07	0.088
Pip5k1b	0.260820885822288	-0.299896761867611	1	0.516	0.581	0.0649999999999999
Sec63	0.263214787429591	1.38579172749441	1	0.147	0.07	0.077
Itih5	0.263607388567068	-0.156633621301196	1	0.109	0.07	0.039
Erbin	0.264365068948701	0.994488041565784	1	0.25	0.116	0.134
N4bp2l2	0.264998061727088	-1.32953686963191	1	0.06	0.14	0.08
Chd1	0.265006952042104	-0.867241553460036	1	0.109	0.163	0.054
Ptp4a2	0.267191198718796	-0.382260305334589	1	0.125	0.116	0.00899999999999999
Nudcd3	0.267616616427097	0.882388030031739	1	0.19	0.093	0.097
Map3k5	0.26847540164793	0.121145898699357	1	0.228	0.163	0.065
Pkn1	0.268576399198474	-0.583828267882734	1	0.103	0.163	0.06
Traf5	0.269428734299648	1.05211034714283	1	0.12	0.047	0.073
Cd2ap	0.269450468822857	0.35826625935601	1	0.217	0.14	0.077
Matr3	0.270081056096603	0.940611627634589	1	0.19	0.093	0.097
Nrip1	0.270387717867233	-0.977355194744334	1	0.13	0.14	0.01
Etv1	0.271771059059072	-0.708721561802721	1	0.103	0.116	0.013
Foxn3	0.272214291982889	-0.279749726388946	1	0.261	0.233	0.028
Epas1	0.272381680464054	0.51057213730905	1	0.451	0.326	0.125
Myl9	0.272512058795941	-0.739019997703489	1	0.147	0.186	0.039
Arhgap5	0.27330131108523	-1.10830981673393	1	0.114	0.233	0.119
Ahdc1	0.273330629655242	-0.977812239800297	1	0.065	0.116	0.051
Peli2	0.273845425780291	0.693189606068472	1	0.408	0.279	0.129
Syde1	0.275536908814496	-1.04025766091491	1	0.06	0.14	0.08
Ube2e2	0.276986305755831	1.01557037158353	1	0.179	0.093	0.086
Ecm2	0.277051600464132	0.354025591872138	1	0.391	0.256	0.135
Kif5b	0.277169659441791	1.08704560215349	1	0.168	0.07	0.098
Parp9	0.277821820396786	-1.14530603726348	1	0.049	0.116	0.067
Eya3	0.277878515618106	-0.892331151519404	1	0.082	0.116	0.034
Zmym2	0.27820604430376	-1.12606160731062	1	0.071	0.116	0.045
Zc3h7a	0.278625309102107	-0.853132888899999	1	0.109	0.163	0.054
Ctnna3	0.27917957944009	-0.432153277630392	1	0.234	0.326	0.092
Col4a4	0.279409419810873	-0.638404809601326	1	0.158	0.186	0.028
Cecr2	0.279582161376377	-0.358854422063925	1	0.179	0.163	0.016
Scaper	0.279851058084828	1.43890032257769	1	0.19	0.07	0.12
Pds5a	0.280093218527769	-0.900183038113771	1	0.103	0.163	0.06
Ano10	0.280893222199389	-1.55155538751358	1	0.049	0.116	0.067
Dock9	0.281827373283439	1.58908217622389	1	0.185	0.07	0.115
Slc25a17	0.281848595542993	-1.42905356092398	1	0.06	0.116	0.056
Ube2r2	0.283014514825934	0.870170109038724	1	0.109	0.047	0.062
Ddx5	0.283106025602818	0.356708948460632	1	0.636	0.488	0.148
Rbbp6	0.283273995004976	1.03629642944765	1	0.207	0.093	0.114
Pelo	0.284147092798952	-1.34463140721849	1	0.076	0.116	0.04
Sash1	0.28479999653346	0.384640592970304	1	0.353	0.233	0.12
Prdm16	0.284931667784729	-0.120813196764586	1	0.098	0.116	0.018
Spata13	0.285278792479287	-1.16544950435673	1	0.049	0.116	0.067
Stim2	0.286326581600752	0.985306125689097	1	0.217	0.116	0.101
Akap9	0.286362551494303	1.10952542903843	1	0.12	0.047	0.073
Hmg20a	0.288538401503304	0.205391590147828	1	0.196	0.14	0.056
Galnt1	0.288842167516236	-0.795171612399292	1	0.125	0.163	0.038
Tnxb	0.289030639286604	-0.819364216325908	1	0.223	0.302	0.079
Zeb2	0.289900289354934	-0.663404606599627	1	0.435	0.535	0.1
Eda	0.290112520656615	1.46566035862277	1	0.158	0.07	0.088
Srsf10	0.290420130926791	-1.06383650448768	1	0.076	0.14	0.064
Marcks	0.291505235814706	-0.296531847232801	1	0.152	0.14	0.012
Prpf6	0.291918327053427	0.866664597051745	1	0.158	0.07	0.088
Sp1	0.291983470131897	0.782591008303785	1	0.185	0.116	0.069
Pcf11	0.292085614093472	-0.583863567553521	1	0.109	0.116	0.00700000000000001
Fhit	0.292184146831479	1.57386793881787	1	0.114	0.047	0.067
Pced1b	0.292851898253283	-0.388216642775754	1	0.201	0.186	0.015
Tagln	0.293807131664849	-0.593428105760257	1	0.12	0.186	0.066
Lclat1	0.293826073025352	-1.41041172055204	1	0.043	0.116	0.073
Itgb1	0.294205902057117	-0.169762813152424	1	0.359	0.326	0.033
Wars2	0.295808867228463	-0.631047694547925	1	0.141	0.186	0.045
Lrrfip2	0.295867219802531	0.163415138837402	1	0.114	0.07	0.044
Kat6a	0.296619358228299	-0.300221864986262	1	0.185	0.163	0.022
Zfp326	0.296632856804645	-0.578478529718297	1	0.092	0.14	0.048
Sltm	0.296858701406112	-0.992187034785123	1	0.109	0.186	0.077
Cdkal1	0.29730859891734	-0.492753068804032	1	0.19	0.279	0.089
Tcf4	0.297677764042601	0.337901707505697	1	0.766	0.721	0.045
Tbc1d1	0.297858468573419	-0.107704407449236	1	0.582	0.488	0.094
Jmjd1c	0.298032695224307	0.275970805615569	1	0.5	0.395	0.105
Rgs7bp	0.298446169411488	-0.319805969050798	1	0.076	0.116	0.04
Ngly1	0.2984960181361	-0.256649853158262	1	0.136	0.116	0.02
Foxp2	0.298843012880327	1.61480143068011	1	0.103	0.047	0.056
Ldlrad3	0.299386539225183	-0.489241873831171	1	0.212	0.233	0.021
Sfpq	0.299793733713227	-0.377972952309759	1	0.277	0.279	0.002
Thoc2	0.300207594242863	1.17802274796762	1	0.158	0.07	0.088
Itga7	0.301071462045296	-0.127009102401693	1	0.136	0.116	0.02
Gtf2i	0.301225114970119	-0.24493667892801	1	0.125	0.093	0.032
Herc1	0.301273994826243	0.237287847605081	1	0.207	0.116	0.091
Fer	0.301412830227709	1.00790728066221	1	0.223	0.116	0.107
Kdm5a	0.301673489352702	-0.601859035052371	1	0.13	0.14	0.01
Rapgef2	0.301723777395113	-0.355479220397394	1	0.489	0.535	0.046
Hnrnpc	0.301870022504102	-0.694377469277398	1	0.196	0.256	0.06
Fam172a	0.302178478317848	0.544932745708952	1	0.408	0.279	0.129
Xpo7	0.303138549307908	-0.539095458722719	1	0.109	0.116	0.00700000000000001
Nr3c2	0.304006928979383	-0.251481746830975	1	0.397	0.512	0.115
Stard8	0.304214225892887	0.503661662262911	1	0.397	0.279	0.118
Wac	0.304573379441353	-0.705324141598815	1	0.234	0.279	0.045
Asxl1	0.307160104037977	-0.479110712301259	1	0.152	0.209	0.057
Zcchc14	0.307445638803139	0.399138953721935	1	0.12	0.07	0.05
Dyrk1a	0.308154228753492	-0.561299354435852	1	0.147	0.14	0.00699999999999998
Antxr1	0.30921922280955	-1.59201759638539	1	0.049	0.116	0.067
Cdk14	0.310039210637162	-0.868733333805281	1	0.054	0.116	0.062
Bcl2l11	0.311291858501887	-0.9388129686509	1	0.065	0.14	0.075
Pla2r1	0.311595925142771	0.616966265899812	1	0.304	0.209	0.095
Mtss1	0.311804614392704	1.59349743089742	1	0.114	0.047	0.067
Senp7	0.3123994472324	1.1801022880937	1	0.125	0.047	0.078
Tcf25	0.312953176871965	-0.48475428211115	1	0.12	0.14	0.02
Pcm1	0.313335617577476	-0.558866079992384	1	0.174	0.186	0.012
Golgb1	0.314302783263782	-0.537957188036869	1	0.158	0.186	0.028
Smim14	0.315628974982436	-0.556332142762232	1	0.125	0.186	0.061
Ephx1	0.316089910556909	0.133705768076729	1	0.158	0.116	0.042
Kdm2a	0.316697579554802	0.641851134505293	1	0.293	0.186	0.107
Heyl	0.316928331883634	1.07966912293124	1	0.196	0.093	0.103
Agap1	0.317268261153333	1.15161562446915	1	0.223	0.093	0.13
Wwtr1	0.317501490477828	0.645381475398873	1	0.31	0.209	0.101
Csde1	0.317721268791046	0.261817436012786	1	0.136	0.07	0.066
Arfip1	0.317739577399931	-0.188031138401802	1	0.168	0.14	0.028
Pde8a	0.317974300209221	0.651318709644958	1	0.179	0.093	0.086
P2ry14	0.318859477517653	1.06047225146351	1	0.201	0.093	0.108
Pla1a	0.319005597159356	-0.557996076604105	1	0.217	0.256	0.039
Tnfrsf19	0.319735751468646	-0.877014450729455	1	0.098	0.14	0.042
Fam20a	0.319914206851549	0.964820520326805	1	0.266	0.163	0.103
Septin7	0.319955723563578	-0.311898121477957	1	0.603	0.605	0.002
Zfp945	0.320670342389623	-0.422962659153663	1	0.109	0.093	0.016
Dab2ip	0.321405309446884	-0.807927526596133	1	0.076	0.14	0.064
Kmt2e	0.322302293302697	0.597259634234619	1	0.332	0.209	0.123
Aebp2	0.322426306093242	2.06024516904694	1	0.103	0.023	0.08
Rhbdd1	0.323423779302044	-1.5302197053342	1	0.071	0.163	0.092
Zup1	0.323726782593748	0.29637347568665	1	0.168	0.116	0.052
Car4	0.324677037571487	1.01693650905168	1	0.147	0.07	0.077
Celf2	0.326659907296832	-0.585536231507558	1	0.163	0.279	0.116
Eif4a2	0.327049479445023	1.18395493267052	1	0.109	0.047	0.062
Hmg20b	0.327101206042893	-1.25572336828653	1	0.049	0.116	0.067
Itpkb	0.327260686240263	-0.625736038252712	1	0.158	0.186	0.028
Ppp3ca	0.328692061101568	-0.599804551600324	1	0.223	0.279	0.056
Dennd5b	0.328825298937615	1.00795859983158	1	0.158	0.07	0.088
Taf15	0.329986483853016	0.926855911566818	1	0.125	0.047	0.078
Zcchc7	0.330310649196291	0.258676097043242	1	0.473	0.349	0.124
Urgcp	0.331656007873074	0.656697947628073	1	0.136	0.093	0.043
Mllt3	0.333002447021861	0.580788176888166	1	0.56	0.395	0.165
Slc7a2	0.333272900323015	-0.130650650639412	1	0.223	0.186	0.037
Kcnq4	0.333578096718865	-0.913826763597993	1	0.087	0.163	0.076
Col8a1	0.334758881939818	-0.628042324514336	1	0.174	0.233	0.059
Spata6	0.336171040937084	1.00589832627296	1	0.136	0.093	0.043
Snx6	0.336723780142632	0.826351193100045	1	0.223	0.14	0.083
Pten	0.336901168906751	0.223191393964614	1	0.696	0.605	0.091
Dmxl1	0.337877836240297	0.99194417369835	1	0.158	0.093	0.065
Ppp2r3a	0.338125820748513	0.333188464459831	1	0.261	0.186	0.075
Stam2	0.33863413284645	-0.697558597852759	1	0.098	0.116	0.018
Shprh	0.339109371744178	-1.05343115096151	1	0.065	0.116	0.051
Bod1l	0.34008887204566	0.394144870191301	1	0.13	0.07	0.06
Col4a1	0.340167171300947	0.667026757324304	1	0.283	0.186	0.097
Daam2	0.342340918235082	0.683914457494115	1	0.397	0.279	0.118
Mbnl2	0.343385455023224	0.384965924409819	1	0.375	0.256	0.119
Smc6	0.344049345310823	0.101660629541033	1	0.152	0.116	0.036
Bltp1	0.34448330193036	0.669645616045064	1	0.147	0.093	0.054
Dusp16	0.345822848260682	0.509890300368621	1	0.168	0.093	0.075
Lats1	0.346101555597478	0.96114272531839	1	0.109	0.047	0.062
Pdlim3	0.34618674577239	-0.831720562316421	1	0.109	0.14	0.031
Tpm1	0.349136664278655	-0.353077352258974	1	0.391	0.465	0.074
Dennd2a	0.352013631947266	-0.569335389580072	1	0.337	0.372	0.035
Ano6	0.35220399299825	0.318364107207526	1	0.364	0.256	0.108
Phkb	0.353157591984797	0.685865642387636	1	0.207	0.163	0.044
Ppp4r3a	0.353310853100315	-1.10471081065549	1	0.065	0.116	0.051
Nxn	0.353528878181503	1.47215009845418	1	0.103	0.047	0.056
Ctdspl2	0.354245537847126	0.293282783513808	1	0.207	0.14	0.067
Supt20	0.354944013949071	-0.909209723840737	1	0.087	0.14	0.053
Rlf	0.355934537054745	0.471752419396907	1	0.103	0.047	0.056
9930021J03Rik	0.356941414871844	0.670694607447221	1	0.179	0.093	0.086
Bcl2l1	0.359310671712584	-1.01031971583155	1	0.076	0.116	0.04
Slc38a2	0.360167350340277	-0.5532513115596	1	0.098	0.163	0.065
Myh11	0.360407950290458	-0.527180954251283	1	0.261	0.349	0.088
Cped1	0.360510040703073	0.564554552903104	1	0.652	0.535	0.117
Tmem135	0.360990780001805	-0.866320907249993	1	0.076	0.116	0.04
Myo1e	0.364130406495686	-0.487345794070279	1	0.223	0.279	0.056
Gpbp1l1	0.364493318979268	1.03982567936533	1	0.109	0.047	0.062
Tfpi	0.364533348236074	0.293680639898434	1	0.152	0.163	0.011
Pak2	0.365666903298086	-0.226002748717762	1	0.212	0.209	0.003
Fmnl2	0.366728778163214	0.660465365649382	1	0.185	0.093	0.092
Snrnp70	0.367959426308268	-0.847153333418907	1	0.082	0.163	0.081
Abl1	0.368106020586665	1.47576300466507	1	0.147	0.047	0.1
Ednra	0.368285869117647	0.642304207963827	1	0.473	0.372	0.101
Lactb2	0.368610615697425	-1.24162405604532	1	0.06	0.14	0.08
Stx16	0.368648636264329	-0.521010260068989	1	0.152	0.186	0.034
Ccser2	0.373202552317899	-0.410117845949658	1	0.163	0.186	0.023
Cdh2	0.373875241381751	-0.33877879308381	1	0.223	0.233	0.01
Mpped2	0.374055279794048	1.46318300132743	1	0.141	0.047	0.094
Diaph2	0.37483702691611	-0.215802709457042	1	0.848	0.791	0.0569999999999999
Tgfbr1	0.376195507120451	-0.69049732461524	1	0.163	0.256	0.093
Naaladl2	0.376789998937141	-0.847307189783081	1	0.071	0.116	0.045
Iqgap1	0.376903462850164	-0.711175751086967	1	0.163	0.256	0.093
Lifr	0.377509331064931	-0.693944823135471	1	0.12	0.186	0.066
Tmem243	0.377839231763991	0.932202391611376	1	0.114	0.047	0.067
Wdr70	0.377853503154582	-0.442448782183382	1	0.092	0.116	0.024
Gcc2	0.37787126297102	1.67820290602618	1	0.136	0.047	0.089
Nid1	0.378084654836874	0.1124107214359	1	0.293	0.209	0.084
Slc38a6	0.378282334013005	0.353094178884107	1	0.114	0.07	0.044
Carmil1	0.378750126341649	-0.245429382271449	1	0.467	0.512	0.045
Arid4a	0.379848446909794	0.206636032698809	1	0.109	0.07	0.039
Scarf1	0.380396781891797	0.476792063515843	1	0.12	0.07	0.05
Casq2	0.380420196871332	1.13756936897242	1	0.125	0.07	0.055
Arid4b	0.381024113864657	-1.01547403001441	1	0.092	0.14	0.048
Ppm1e	0.381211863161837	-0.678607136484084	1	0.31	0.395	0.085
Smg7	0.383075017142602	-0.615880166089434	1	0.092	0.116	0.024
Smtn	0.383965847527091	-0.631060575115996	1	0.147	0.209	0.062
Creb3l2	0.384179127066946	1.27051731927835	1	0.12	0.07	0.05
Pacs1	0.384353106000395	0.23083806609154	1	0.152	0.093	0.059
Prpf39	0.384613641993812	0.899200761959669	1	0.158	0.07	0.088
Fam117b	0.38589899578282	-0.130953306314813	1	0.136	0.116	0.02
Rock2	0.385950866519983	-0.443114934241197	1	0.299	0.302	0.003
Chd6	0.38674532686236	-0.214055819969456	1	0.245	0.186	0.059
Fam107b	0.387142927002297	0.702837357123316	1	0.174	0.093	0.081
Kank2	0.388480181388812	0.766118401672302	1	0.304	0.186	0.118
Peli1	0.390236788789203	1.26668725833058	1	0.114	0.047	0.067
Smchd1	0.391028049175866	-0.766700641936946	1	0.136	0.209	0.073
Atg4a	0.39122002547033	-0.371260182964516	1	0.136	0.14	0.004
Ndst3	0.392460107871765	-0.15839280492835	1	0.196	0.256	0.06
Coro2b	0.393416920508984	0.996454152526443	1	0.103	0.047	0.056
Alg14	0.394014546140234	-1.17899727693531	1	0.087	0.14	0.053
Etv6	0.39411135319559	-0.25762254264473	1	0.31	0.302	0.00800000000000001
Ccny	0.394179084564381	0.849160620931863	1	0.19	0.116	0.074
Srpr	0.394547989233926	-0.775708004717524	1	0.087	0.116	0.029
Thrap3	0.395114494758146	0.219561173768814	1	0.217	0.163	0.054
Filip1l	0.395132213075774	-0.287714317388768	1	0.408	0.465	0.0570000000000001
Aplp2	0.395329555819892	-0.9137208714884	1	0.071	0.14	0.069
Zfp292	0.395506382517917	-0.673775215097749	1	0.141	0.209	0.068
Stx8	0.395682463963693	-0.880408482379901	1	0.087	0.163	0.076
Cdc42bpa	0.395782652979297	0.86567023128415	1	0.31	0.186	0.124
Gatad2a	0.396057545566436	-0.147126162376432	1	0.098	0.116	0.018
Rab1a	0.397743745981343	0.962203637123377	1	0.103	0.047	0.056
Cp	0.397774666358485	0.251129256920436	1	0.408	0.326	0.082
Trim12a	0.398177881598004	1.21858372135017	1	0.136	0.07	0.066
Pde4c	0.398425141653293	0.613716869986536	1	0.152	0.093	0.059
Laptm4a	0.398521899823551	0.242902400353308	1	0.212	0.14	0.072
Cfdp1	0.399724027279499	0.992256204213402	1	0.168	0.093	0.075
Trmt9b	0.39988979586356	0.749602861815771	1	0.13	0.07	0.06
Zfp438	0.400060863457665	-0.590743358979747	1	0.109	0.14	0.031
Gnas	0.400125456210155	-0.642373376121245	1	0.19	0.256	0.066
Ppard	0.401060152313062	0.727603505314962	1	0.217	0.14	0.077
Wrn	0.401094026732232	0.209178080026898	1	0.13	0.093	0.037
Wtip	0.401844229432995	0.344798426471938	1	0.168	0.209	0.041
Gnb1	0.402036942812047	0.556057109567287	1	0.179	0.116	0.063
Fubp1	0.402517721402134	-0.540669977545267	1	0.136	0.14	0.004
Arhgef18	0.404318513062105	0.265166238092987	1	0.12	0.07	0.05
Gna13	0.404499155722438	0.841931593454681	1	0.103	0.047	0.056
Rbm5	0.404822949449082	0.23702696710586	1	0.168	0.116	0.052
Raf1	0.404905820645612	1.84513376446547	1	0.103	0.023	0.08
Ankrd50	0.406279984056483	0.396237112013965	1	0.196	0.14	0.056
Mid1	0.406746917050689	-0.701207978300653	1	0.109	0.186	0.077
Arhgef12	0.407412612804571	0.430962465007799	1	0.609	0.488	0.121
Dzip1l	0.408492175944105	0.929797377792384	1	0.13	0.07	0.06
Srsf11	0.40971547923109	1.11229711261292	1	0.163	0.07	0.093
Bmpr1a	0.410336907812433	-0.167550763760516	1	0.315	0.372	0.057
Cap2	0.411446178151904	1.69628554346704	1	0.168	0.07	0.098
Sntb1	0.411848741411678	-0.167449193366796	1	0.614	0.581	0.033
Adcy5	0.413957393985207	-0.22668726700625	1	0.103	0.116	0.013
Gulp1	0.414367789360196	0.888690580738716	1	0.25	0.163	0.087
Lzts2	0.418105974194341	-1.18908597827243	1	0.076	0.14	0.064
Lrp6	0.420915146161277	0.299140765207008	1	0.147	0.093	0.054
Rabgap1	0.420944569978019	1.35284644435576	1	0.207	0.093	0.114
Slc30a10	0.422308095214066	0.46549755070401	1	0.391	0.302	0.089
Hdac8	0.423659196608256	1.24739255988447	1	0.114	0.047	0.067
Sh3bgrl	0.425933680400943	-0.565018305787493	1	0.25	0.302	0.052
Thap3	0.426826742263953	-0.149539361262051	1	0.223	0.186	0.037
Ccnl2	0.430413523094969	0.348688584288469	1	0.304	0.209	0.095
Sec24b	0.433000809648905	1.21296717347011	1	0.168	0.07	0.098
Slc16a2	0.433550327816623	-0.879323267131613	1	0.087	0.163	0.076
Scaf8	0.435251083974732	0.186511305498615	1	0.228	0.163	0.065
Esyt1	0.436260823257984	-0.375966784038802	1	0.109	0.093	0.016
Kat2b	0.437382424212771	-0.244232221278141	1	0.168	0.163	0.005
Ncf2	0.439513462780133	-0.488195116606949	1	0.158	0.233	0.075
Parp3	0.443024020068159	1.51905900452674	1	0.109	0.047	0.062
Bcl2	0.443989163863969	-0.102137374715431	1	0.261	0.233	0.028
Ltbp1	0.444462010723392	-0.419037138754172	1	0.185	0.256	0.071
Adam10	0.444463513262629	-1.08621270201212	1	0.071	0.116	0.045
Palld	0.445644504539735	0.331195904992514	1	0.092	0.116	0.024
Znrf3	0.445669063458158	0.871763485757307	1	0.228	0.14	0.088
Slc24a3	0.445916607869332	0.695715959552198	1	0.255	0.186	0.069
Kansl1	0.446588579847648	-0.401839451743658	1	0.44	0.512	0.072
Asap2	0.447419680939075	0.223958548906563	1	0.375	0.302	0.073
Zfp638	0.448000633303878	-0.349502265940024	1	0.168	0.163	0.005
Dennd4c	0.448227586708316	0.608882620942748	1	0.25	0.163	0.087
Zc2hc1a	0.449593471883789	1.04974356370238	1	0.185	0.093	0.092
Frmd4b	0.450033428655715	-0.724193246264532	1	0.141	0.186	0.045
Ubxn7	0.450112798776877	-0.834446620487854	1	0.103	0.163	0.06
Pnisr	0.450518317761383	0.769771409276722	1	0.31	0.209	0.101
Celf1	0.450528504525165	0.20121876726229	1	0.19	0.116	0.074
Arfgef1	0.451709074374941	-0.613982596794859	1	0.098	0.14	0.042
Pnn	0.455115770484206	-0.788473341730913	1	0.087	0.116	0.029
Mcam	0.455610100553666	-0.247128132229477	1	0.185	0.186	0.001
Wasf2	0.456689510352346	-0.319144199278845	1	0.239	0.233	0.00599999999999998
Ubr3	0.459678275559044	0.518112864357661	1	0.174	0.093	0.081
Snx24	0.460098669913082	-0.422275306769201	1	0.103	0.093	0.01
Apoe	0.460363483319349	-0.56187674340302	1	0.168	0.279	0.111
Snapc3	0.460680148071385	-0.474041406456375	1	0.141	0.163	0.022
Zfp207	0.46268131828315	0.998091788656518	1	0.103	0.047	0.056
Ralgapa1	0.463002216611521	-0.3174907867314	1	0.337	0.326	0.011
Esam	0.463744667756182	-0.677902285078855	1	0.13	0.186	0.056
Rsu1	0.464101827156271	-0.352309863323171	1	0.266	0.302	0.036
Srrm2	0.465689761662918	0.267518722733396	1	0.239	0.163	0.076
Ncoa3	0.465700451089521	0.638455334883455	1	0.234	0.14	0.094
Tm4sf1	0.465796504379929	0.63232527062452	1	0.147	0.093	0.054
Zfhx3	0.466579531946715	0.372534203968734	1	0.582	0.442	0.14
Mtmr3	0.467355665864077	-0.365904809087525	1	0.212	0.233	0.021
Lcor	0.469231269819612	-0.142625631983028	1	0.141	0.116	0.025
Col4a3	0.469720671601965	0.631905385846471	1	0.25	0.163	0.087
Usp24	0.471306667923276	0.955034158798139	1	0.152	0.093	0.059
Nr2c2	0.472339310252203	1.05329796425577	1	0.141	0.07	0.071
Rhoj	0.473007784634841	0.435006498906463	1	0.342	0.279	0.063
Cd200	0.473054529421968	-1.13443564635291	1	0.092	0.116	0.024
Hip1	0.474188608288381	-0.414656081963124	1	0.37	0.442	0.072
Mill2	0.474210658736171	0.669151008612365	1	0.364	0.279	0.085
Tbx15	0.474997462890667	0.357082390036075	1	0.217	0.233	0.016
Ggnbp2	0.476309447214292	0.464064229420148	1	0.158	0.093	0.065
Arid1a	0.477530041244389	-0.242533619701649	1	0.255	0.256	0.001
Cnot6l	0.477935390330683	-0.704111015816588	1	0.103	0.116	0.013
Exoc6b	0.47816097996414	0.668236587591569	1	0.386	0.302	0.084
Pou2f1	0.479075419920487	0.708996377972127	1	0.174	0.116	0.058
Dstn	0.48028476367392	0.500643200218509	1	0.147	0.116	0.031
Fam13b	0.481140291810341	-0.953642477654772	1	0.076	0.116	0.04
A4galt	0.481958101983698	-0.237238294230673	1	0.304	0.256	0.048
Sparc	0.482220398090099	1.07197098465335	1	0.212	0.14	0.072
Apcdd1	0.482755883394711	0.113050187562855	1	0.179	0.209	0.03
Sik1	0.483170762928191	-0.33713016637422	1	0.114	0.116	0.002
Farp1	0.48431359648877	-0.235604402230651	1	0.679	0.698	0.0189999999999999
Atad2b	0.484938786662921	-0.104373810477847	1	0.207	0.186	0.021
Tgfb1i1	0.485257126189724	0.508819067162023	1	0.109	0.093	0.016
Map3k3	0.485403816244012	0.315237619174298	1	0.25	0.186	0.064
Prkg1	0.486357668734524	0.105826180157761	1	0.989	1	0.011
Tpm4	0.48916026148371	-0.542345867328721	1	0.136	0.186	0.05
Vwa8	0.489872939639549	0.75951924696749	1	0.136	0.07	0.066
St3gal6	0.490209187655168	-0.972815282309876	1	0.082	0.14	0.058
Luzp1	0.491317686871299	0.558983153751055	1	0.315	0.209	0.106
Mindy3	0.492416541772328	-0.929774767267066	1	0.065	0.116	0.051
Adgrl3	0.49244003160202	0.449637688750141	1	0.326	0.256	0.07
Wsb1	0.492548667762446	0.925245074806586	1	0.125	0.07	0.055
Gapvd1	0.493562265025675	-0.406215402001823	1	0.076	0.116	0.04
Cyp4f13	0.493657374490206	-0.556334796824242	1	0.114	0.093	0.021
Pcp4l1	0.494045966397841	1.10681486210713	1	0.147	0.07	0.077
Abcg2	0.494265956927449	-0.510286432506237	1	0.103	0.14	0.037
Ankrd17	0.494724216409506	-0.326854544617419	1	0.304	0.302	0.002
Snx18	0.495502739335412	-0.121181523641013	1	0.13	0.116	0.014
Tomm34	0.497799906559648	-0.922552151865618	1	0.071	0.14	0.069
Slc12a6	0.49799822595459	-0.534515418492088	1	0.201	0.256	0.055
Senp6	0.499447940676974	-0.702436496954629	1	0.103	0.14	0.037
Rab2a	0.499518172238129	-0.190207830741654	1	0.158	0.14	0.018
Tpr	0.499776440901398	1.2342910678839	1	0.114	0.047	0.067
Ktn1	0.500715685399697	-0.450317020511842	1	0.141	0.163	0.022
Zfp950	0.501292902399508	-0.170978858857872	1	0.201	0.186	0.015
Tlk1	0.502067574188382	1.3156539264905	1	0.12	0.047	0.073
Mfge8	0.502836896196937	-0.699627990308137	1	0.136	0.209	0.073
Cr1l	0.504227463155821	-0.161713239604069	1	0.196	0.186	0.01
Reep3	0.504249449605046	0.114028432524358	1	0.261	0.209	0.052
Ppp1cb	0.505123941377462	-0.290893039358536	1	0.196	0.209	0.013
Ifnar2	0.505667186335738	0.118040097475117	1	0.136	0.093	0.043
Rcan2	0.506058323529813	0.294183377235186	1	0.201	0.256	0.055
Ctdspl	0.506168626815149	0.264501942961587	1	0.582	0.488	0.094
Rgma	0.506268277599181	0.424711007658255	1	0.201	0.14	0.061
Acin1	0.506560209843378	0.820302973371209	1	0.103	0.047	0.056
Ecpas	0.507498521730857	1.186044997351	1	0.141	0.07	0.071
Csrp1	0.508320215475939	-0.556193408124674	1	0.12	0.163	0.043
Nufip2	0.509063761904603	-0.398482747413174	1	0.147	0.163	0.016
Sox5	0.50975155248975	0.312021283474729	1	0.897	0.884	0.013
Armh3	0.510770149246131	1.38116201767851	1	0.103	0.047	0.056
Rasgrp3	0.511139840615554	0.688436732013861	1	0.239	0.163	0.076
Parva	0.511544390768982	-0.172093689290985	1	0.217	0.209	0.00800000000000001
Tdrd3	0.51310642297919	-0.662000030492786	1	0.147	0.163	0.016
Arl15	0.513656612727747	-0.161876813124075	1	0.179	0.14	0.039
Krcc1	0.514458564072769	-0.3704413010399	1	0.109	0.163	0.054
Large1	0.516142652851534	0.822373294655751	1	0.288	0.186	0.102
Aox1	0.517140871966913	-0.938188899728902	1	0.06	0.116	0.056
Dst	0.517938602286024	-0.326030300398991	1	0.359	0.372	0.013
Gphn	0.518544636481873	0.461214793818142	1	0.332	0.256	0.076
Ppp2r5a	0.519194606079014	-0.496840597288333	1	0.158	0.163	0.005
Serpinb6a	0.519254090116922	0.985639556420591	1	0.103	0.047	0.056
Arhgef1	0.520865819582037	-0.565708731552728	1	0.103	0.116	0.013
Rasa1	0.52202024847659	0.842872394542135	1	0.13	0.07	0.06
Gpc6	0.522057502632614	0.3202476273111	1	0.81	0.767	0.043
Ehmt1	0.522382689244432	0.144402598309796	1	0.201	0.163	0.038
Palmd	0.52267224628473	-0.33864092073535	1	0.125	0.116	0.00899999999999999
Rdx	0.522898330989313	0.291736205378309	1	0.136	0.093	0.043
Ctso	0.523275581777504	-0.977808320241338	1	0.071	0.116	0.045
Trip11	0.524383580717852	-0.841565480325542	1	0.109	0.14	0.031
Stk39	0.524753599433675	0.171589370109965	1	0.522	0.442	0.08
Gtf3c2	0.525509710865179	1.13042159013431	1	0.158	0.07	0.088
Aff1	0.526418487687785	-0.544677549785309	1	0.272	0.349	0.077
Nedd4l	0.527186937333165	-0.278688169573535	1	0.418	0.535	0.117
Tbx2	0.528519344238555	-0.156035881538716	1	0.277	0.256	0.021
Tcf7l2	0.528560432848835	0.945071182334384	1	0.19	0.116	0.074
Phf3	0.528822207824926	-0.73758296210126	1	0.087	0.116	0.029
Pawr	0.528875007586726	-0.12401856679004	1	0.103	0.14	0.037
Per3	0.529005852024512	-1.23637402345802	1	0.092	0.14	0.048
Arhgap12	0.530076347214067	-0.227494585682932	1	0.19	0.186	0.004
Creb5	0.531290197308932	-0.666048187323904	1	0.082	0.116	0.034
Bmp5	0.535252393098739	0.267571598417243	1	0.239	0.186	0.053
Ccdc191	0.538496865170948	-1.1371146240028	1	0.092	0.14	0.048
Itsn2	0.541566354017686	0.549696126816971	1	0.136	0.093	0.043
Myo1d	0.543685473558453	-0.137026464707661	1	0.288	0.326	0.038
Rap1b	0.544730604670152	0.809835923354836	1	0.136	0.07	0.066
Zc3hav1	0.545793279937895	-0.733384340400675	1	0.076	0.14	0.064
Pkd1	0.547328147084786	-0.701065952501149	1	0.109	0.14	0.031
Suz12	0.547531974051497	1.00419182597088	1	0.103	0.047	0.056
Ntn1	0.54775732267332	0.116338529574128	1	0.391	0.326	0.065
Notch1	0.548979162874408	0.270203295970842	1	0.239	0.186	0.053
Prrc2b	0.550236365229413	0.221583252110397	1	0.109	0.093	0.016
Ubap2l	0.550301306360486	0.774890882728381	1	0.168	0.093	0.075
Smg6	0.553041307413847	-0.254297248696901	1	0.413	0.419	0.00600000000000001
Ptpn14	0.554658130362369	0.548731084673874	1	0.125	0.093	0.032
Cers5	0.556640206010704	0.853089343866769	1	0.12	0.07	0.05
Rerg	0.55711471310335	-0.306144885975898	1	0.125	0.14	0.015
Angpt1	0.557395736866204	-0.678731255331306	1	0.141	0.186	0.045
Syne1	0.557596771521263	0.175764695438944	1	0.614	0.512	0.102
Dnajc7	0.55859125134106	-0.774741448872067	1	0.098	0.14	0.042
Pcnx	0.561409755839524	0.486454575286318	1	0.12	0.07	0.05
Tra2a	0.561792956358665	0.174676452126973	1	0.304	0.233	0.071
Chd9	0.562366579321122	0.153982677698389	1	0.299	0.233	0.066
Top2b	0.562842624209893	0.469487525006864	1	0.141	0.093	0.048
Adcy6	0.562946246845931	1.07776124108604	1	0.13	0.07	0.06
Dnajc1	0.563367898252802	0.308481425594112	1	0.353	0.256	0.097
Setbp1	0.564648668216467	-0.45754020233389	1	0.196	0.256	0.06
Mndal	0.565558252740752	0.784459355116572	1	0.239	0.163	0.076
Zmym4	0.565774561735677	0.913128640671317	1	0.13	0.07	0.06
Tnks1bp1	0.565809458169376	-0.46530637496871	1	0.125	0.14	0.015
Ttc28	0.567243996943999	0.314344848212399	1	0.505	0.419	0.086
Smyd3	0.567250710569477	-0.190239501803477	1	0.234	0.209	0.025
Pdlim1	0.567383260123032	-0.540147883485754	1	0.125	0.186	0.061
Ccar1	0.569489048528965	-0.558754259711482	1	0.076	0.116	0.04
Atp7a	0.570159236955593	-0.325697213163018	1	0.179	0.14	0.039
Dip2c	0.570206442409416	-0.26541372450192	1	0.364	0.349	0.015
Atp2a3	0.570489347553801	0.527300052427119	1	0.212	0.14	0.072
Msi2	0.571915481205364	0.338865159720424	1	0.538	0.442	0.096
Nhsl1	0.573169483562151	0.657623020123132	1	0.13	0.093	0.037
Spaar	0.57374177301628	0.217941625533467	1	0.103	0.07	0.033
Ubr2	0.575031500387284	-0.338882724616551	1	0.125	0.163	0.038
Immp2l	0.577229402078172	0.527485711385452	1	0.201	0.14	0.061
Nt5dc1	0.578688324594447	0.699967373373531	1	0.152	0.116	0.036
Ncoa2	0.579267228395202	-0.494043022352707	1	0.179	0.209	0.03
Spidr	0.579708450247556	1.3662794768363	1	0.114	0.047	0.067
Glg1	0.580183980309279	1.32104404161562	1	0.109	0.047	0.062
Kat6b	0.581010114846901	-0.812477100238795	1	0.082	0.116	0.034
Ash1l	0.581384408532197	-0.464730913571167	1	0.37	0.442	0.072
Dock10	0.58147908372884	0.15839750125885	1	0.337	0.256	0.081
Epb41l2	0.581601762348546	0.216193619858989	1	0.62	0.535	0.085
Eml4	0.582273895148324	0.205527066889598	1	0.272	0.233	0.039
Eps15	0.583017645641266	-0.435273750373558	1	0.174	0.186	0.012
Colec12	0.583692885044422	0.250153644543757	1	0.668	0.581	0.0870000000000001
Msantd2	0.584590003927965	-0.39831143652697	1	0.082	0.116	0.034
Lnpep	0.58554365614982	0.791562120466861	1	0.141	0.093	0.048
C1qtnf7	0.588694636900024	0.560297131589962	1	0.266	0.209	0.057
Plekha2	0.592581725524857	0.417920404093188	1	0.136	0.093	0.043
Fam114a1	0.597853344119093	-0.469058184371619	1	0.076	0.116	0.04
Rsrc2	0.598123310765813	-0.359885298171981	1	0.103	0.116	0.013
Ptbp3	0.59815445658801	0.216520227007114	1	0.185	0.14	0.045
Abtb2	0.598358956266786	0.567410404367631	1	0.136	0.116	0.02
Taok1	0.598984639173184	0.203369056639357	1	0.158	0.116	0.042
Filip1	0.599785526854069	-0.275331663060723	1	0.228	0.279	0.051
Dag1	0.59985886079655	0.646784028596632	1	0.223	0.163	0.06
Cnn2	0.602191889667191	1.160879919917	1	0.109	0.047	0.062
Ext1	0.60305999538835	-0.435211748225857	1	0.087	0.14	0.053
Sh3d19	0.603501635224352	0.129974802314189	1	0.201	0.163	0.038
Uhrf2	0.604281005982666	0.454907729418358	1	0.207	0.14	0.067
Map3k20	0.60570996587535	0.314841227853067	1	0.603	0.581	0.022
Trim44	0.605714397699064	-0.110780348154001	1	0.136	0.116	0.02
Mef2c	0.606043515376306	-0.426978653272522	1	0.255	0.326	0.071
Xpo1	0.608658262758	-0.667266054757957	1	0.103	0.14	0.037
Zfp362	0.608888470023785	-0.190151875932332	1	0.125	0.14	0.015
Stim1	0.609796915875577	-0.275594068238197	1	0.234	0.256	0.022
Tpm2	0.609863785714129	-0.858913591494722	1	0.087	0.116	0.029
Ctnnd1	0.610309334397977	0.490062446751279	1	0.359	0.256	0.103
Ubn2	0.612713414741405	0.264527735114176	1	0.255	0.186	0.069
Npepl1	0.612875135919463	0.907252232965623	1	0.13	0.07	0.06
Chd2	0.613483262997692	-0.3218425741114	1	0.299	0.302	0.003
Ube2d3	0.614028625790579	0.23820897788475	1	0.223	0.163	0.06
Pld1	0.61501872353904	-0.35642838391189	1	0.543	0.628	0.085
Map2k5	0.615732988307334	-0.829313171589813	1	0.114	0.163	0.049
Cd81	0.617066974277303	-0.71772380297591	1	0.13	0.209	0.079
Sec24d	0.617079679809584	-0.297916991143321	1	0.076	0.116	0.04
Slc19a1	0.617249309818909	0.473916272282436	1	0.158	0.116	0.042
Pank2	0.617968878742275	-0.459056835163126	1	0.098	0.116	0.018
Phldb2	0.619046289127416	-0.152157646083245	1	0.87	0.86	0.01
Runx1t1	0.619219901180653	0.949195304217687	1	0.168	0.093	0.075
Srsf4	0.619497390356212	-0.178442518255171	1	0.114	0.116	0.002
Snrk	0.622163906173468	-0.238326652124173	1	0.44	0.419	0.021
Samhd1	0.622942547148109	0.325745526276626	1	0.147	0.093	0.054
Osbpl9	0.62373687168745	0.110154534256201	1	0.348	0.302	0.046
Bcar1	0.625320565890532	-0.715791525852838	1	0.103	0.163	0.06
Rab10	0.626847216329452	-0.377930884846656	1	0.228	0.279	0.051
Prkn	0.628682649683022	0.820260915456214	1	0.109	0.07	0.039
Mbd5	0.629034712649532	-0.140578961441324	1	0.25	0.209	0.041
Gli3	0.629872799147912	0.752140586964924	1	0.158	0.093	0.065
Chst11	0.629904292919719	0.303076590230716	1	0.103	0.07	0.033
App	0.631759277103139	-0.396090098289278	1	0.185	0.186	0.001
Fermt2	0.633746503820433	0.132845091148017	1	0.462	0.372	0.09
Smad1	0.635764003102998	0.589326119563498	1	0.103	0.07	0.033
Rhoa	0.636536103955203	0.41643278212215	1	0.141	0.116	0.025
Fnbp4	0.63677646605849	-0.566585217474811	1	0.087	0.116	0.029
Plekhg3	0.637710135584663	-0.234603815087346	1	0.505	0.558	0.053
Pls3	0.637977704985255	-0.203053113454265	1	0.201	0.209	0.00799999999999998
Fto	0.638154331247454	0.205366352429845	1	0.283	0.209	0.074
Dysf	0.638286483633126	0.296434487143901	1	0.196	0.14	0.056
Gnaq	0.640048664011286	-0.352583051593664	1	0.158	0.186	0.028
Enox2	0.641023593378635	-0.638595148222277	1	0.201	0.233	0.032
Sarnp	0.645125794411938	-0.259477936634791	1	0.098	0.116	0.018
Ptbp2	0.646510625506725	0.269979362378133	1	0.109	0.07	0.039
Gcnt2	0.647177113629822	0.216528510948974	1	0.364	0.279	0.085
Cwf19l2	0.64723281193463	0.208165954654094	1	0.207	0.163	0.044
Rassf8	0.647366462519943	-0.618893922841574	1	0.103	0.116	0.013
Hipk1	0.648210970344581	-0.235993139687984	1	0.158	0.14	0.018
Dlg1	0.650084653879588	-0.789917537556463	1	0.103	0.163	0.06
Syncrip	0.651094691293181	0.813784563396577	1	0.141	0.07	0.071
Zic4	0.65192610189754	0.603209195655144	1	0.277	0.209	0.068
Pspc1	0.654761399813045	0.668454856364556	1	0.152	0.093	0.059
Dock11	0.654966328906757	0.166847207230754	1	0.239	0.186	0.053
Entpd1	0.655740469439242	0.354096720373745	1	0.136	0.14	0.004
Qki	0.65667209470887	0.365240928331422	1	0.37	0.326	0.044
Elavl1	0.659344640835968	0.164640312650219	1	0.103	0.07	0.033
Rgs3	0.659984442224732	0.430937897701862	1	0.196	0.14	0.056
Fli1	0.662558712774613	-0.529843054863805	1	0.114	0.163	0.049
Vps13a	0.662955451915924	-0.422617561173828	1	0.092	0.116	0.024
Ankrd44	0.663551162320265	0.336928639077855	1	0.337	0.279	0.058
Zbtb7c	0.663674500487421	-0.518478520039958	1	0.228	0.302	0.074
Amotl1	0.664350686803465	0.368085947321134	1	0.217	0.163	0.054
Ptk7	0.664688852501198	-1.12262752784213	1	0.076	0.14	0.064
Rapgef3	0.66498046082982	0.897435872520967	1	0.13	0.07	0.06
Birc6	0.665896420758221	0.127348149426506	1	0.272	0.209	0.063
Pdpk1	0.665976594228016	-0.674194448385336	1	0.082	0.116	0.034
Tgfb2	0.666195981362918	-0.633813365029085	1	0.114	0.14	0.026
Camk2g	0.667696975006917	-0.355287611724584	1	0.141	0.163	0.022
Slc38a11	0.671646865753795	0.241654344401479	1	0.853	0.814	0.039
Gbe1	0.672801954173247	-0.270880643192871	1	0.147	0.14	0.00699999999999998
Rc3h1	0.678545038084657	0.421456624974966	1	0.125	0.07	0.055
Cnot2	0.679179382107811	0.462200094801633	1	0.147	0.093	0.054
Atf7	0.679413132141251	0.268006632679234	1	0.293	0.233	0.06
Smc1a	0.679761894206269	0.912543303958785	1	0.163	0.093	0.07
Nsd3	0.680546181040534	0.563133236271609	1	0.217	0.14	0.077
Dis3l2	0.681039859164974	-0.426760209838944	1	0.092	0.116	0.024
Nup98	0.68139503315687	0.729969532124359	1	0.12	0.07	0.05
Rbms3	0.682273737639898	0.165680724443653	1	0.837	0.767	0.07
Mark3	0.68303083976356	0.500301929130339	1	0.147	0.093	0.054
Ncoa1	0.683591992266143	0.576067916039043	1	0.168	0.14	0.028
Ifih1	0.683867834558929	0.324019814200555	1	0.109	0.07	0.039
Rnf38	0.684049776898675	-0.26729554186481	1	0.239	0.233	0.00599999999999998
Etfa	0.684288813625218	0.860505104603971	1	0.136	0.07	0.066
Myl6	0.685204042940054	-0.202850255275202	1	0.207	0.209	0.002
Itgav	0.685340658463397	0.712066532645284	1	0.125	0.07	0.055
Wdr33	0.685590192241904	-0.363721129223271	1	0.147	0.186	0.039
Cd63	0.688223102631741	0.819755263101361	1	0.103	0.07	0.033
Serbp1	0.691722955568593	-0.656234487048303	1	0.12	0.14	0.02
Papola	0.692229064474282	0.355212948930057	1	0.12	0.07	0.05
Wnt5b	0.694632558305097	0.636682373121662	1	0.147	0.116	0.031
Stat5b	0.694798471925285	0.713353783604863	1	0.13	0.093	0.037
Son	0.694845397873972	-0.147762678346076	1	0.69	0.674	0.0159999999999999
Eva1b	0.696503518135296	0.665357115633585	1	0.103	0.07	0.033
Stt3b	0.697623387412483	0.523554585939503	1	0.114	0.07	0.044
Ace2	0.699264950234567	0.508438492521582	1	0.141	0.093	0.048
Egfr	0.702230761058833	-0.228355842699716	1	0.163	0.163	0
Anxa7	0.705836996221181	-0.250896677802622	1	0.114	0.093	0.021
Abi1	0.70693793836552	-0.138049277502303	1	0.207	0.209	0.002
Limd1	0.708812829242471	-0.161699107654506	1	0.418	0.395	0.023
Lsm14a	0.71158676784573	-0.394800474066895	1	0.13	0.14	0.01
Clint1	0.711894085428512	0.229990544501151	1	0.152	0.116	0.036
Lonp2	0.711910586088203	0.410163874068321	1	0.196	0.14	0.056
Zfand6	0.711935239208705	-0.483511148876345	1	0.234	0.279	0.045
Rapgef4	0.712241331594717	0.476564080841511	1	0.266	0.163	0.103
Hey2	0.712971524919761	-0.213061665414528	1	0.152	0.163	0.011
Ndrg2	0.713859382933603	0.391620342034973	1	0.114	0.07	0.044
Tmem51	0.718467986773105	-0.556265028912934	1	0.185	0.209	0.024
Atp2a2	0.718602866701431	0.53046218336283	1	0.125	0.093	0.032
Mylip	0.719089648309862	-0.274978196298615	1	0.114	0.116	0.002
Vgll4	0.719165637399966	0.58266640406507	1	0.174	0.116	0.058
Plac9	0.720296394378848	-0.211389014055271	1	0.337	0.326	0.011
Cdk6	0.720713472179171	-0.238655624683817	1	0.266	0.326	0.06
Slc1a5	0.722275978840738	0.368425396132134	1	0.163	0.116	0.047
Dennd6a	0.722543803461779	-0.560666328469195	1	0.12	0.163	0.043
Lrba	0.723055918919089	0.499237085400029	1	0.261	0.186	0.075
Ddr2	0.725047351461521	0.455306607841632	1	0.163	0.116	0.047
Terf1	0.727482440918449	-0.214389769135461	1	0.13	0.14	0.01
Des	0.729099473826748	-0.452099750396575	1	0.103	0.116	0.013
Plpp3	0.730548622001115	-0.157330513842229	1	0.158	0.163	0.005
Tsc22d2	0.733726138013391	0.134117882636308	1	0.255	0.209	0.046
Hnrnpu	0.735754339246883	-0.308677384039041	1	0.114	0.116	0.002
Kcnj8	0.735992929262986	0.336601108451613	1	0.185	0.14	0.045
Marchf6	0.73656442451306	0.191616032671754	1	0.223	0.186	0.037
Vps13d	0.737750129556174	0.187181195307367	1	0.103	0.07	0.033
Lrrc8c	0.738549231258448	0.173293585438899	1	0.114	0.093	0.021
Aff4	0.739205539442109	0.211286324480081	1	0.196	0.163	0.033
Tacc1	0.740983296238794	-0.352584281953567	1	0.386	0.395	0.00900000000000001
Lamb2	0.743143188380548	0.505921776934488	1	0.141	0.093	0.048
Nck2	0.743538619477215	-0.139802092082417	1	0.277	0.256	0.021
Ccnt2	0.745125833293655	0.75984771294585	1	0.114	0.07	0.044
Ppp3cc	0.747046332899243	-0.544541682811529	1	0.098	0.116	0.018
Map4k4	0.749223796515582	-0.31835073590639	1	0.25	0.326	0.076
Camkmt	0.749975875038832	-0.446912228117497	1	0.082	0.116	0.034
Tra2b	0.750576333997708	0.453631923956078	1	0.174	0.116	0.058
Abca8a	0.751626804026043	-0.304565655828491	1	0.147	0.163	0.016
Pdzrn3	0.751884465092248	0.271082762736528	1	0.315	0.256	0.059
Lamc3	0.752439464455383	-0.290659168692724	1	0.364	0.395	0.031
Cbfa2t3	0.754923342481775	-0.288530638799955	1	0.092	0.116	0.024
Pds5b	0.75569464184596	0.371924069132022	1	0.277	0.209	0.068
Tln2	0.75613973837905	0.283724974353479	1	0.109	0.07	0.039
Hlf	0.757329452819644	-0.475774838324555	1	0.255	0.349	0.094
Ghr	0.759132371011705	-0.287716949565799	1	0.266	0.279	0.013
Niban2	0.759424044936629	-0.541528711124709	1	0.076	0.116	0.04
Rbm33	0.759703567018876	-0.254435827617404	1	0.098	0.116	0.018
Suclg2	0.760693072954237	-0.444328656988996	1	0.082	0.116	0.034
Rprd2	0.761599868695088	0.2380451227297	1	0.147	0.116	0.031
Fat1	0.763904467630834	-0.115453134115102	1	0.109	0.116	0.00700000000000001
Pdss2	0.764006829242895	-0.181972834544967	1	0.092	0.116	0.024
Abhd2	0.769050237151621	0.585339049602189	1	0.185	0.116	0.069
Tmem87a	0.769416169512605	0.669707426667788	1	0.141	0.093	0.048
Asxl2	0.769740126203203	0.245212621328055	1	0.125	0.116	0.00899999999999999
Rc3h2	0.77269173152832	-0.839063282936982	1	0.076	0.116	0.04
Smurf1	0.773304099321546	0.266302050418622	1	0.103	0.093	0.01
Clybl	0.773705394275392	0.222889116071489	1	0.125	0.093	0.032
Scarb1	0.774176500665027	0.607574674591539	1	0.109	0.07	0.039
R3hdm2	0.776050626908271	0.147607771156637	1	0.136	0.116	0.02
Cnot10	0.776810984490806	1.27042790089772	1	0.103	0.047	0.056
Bptf	0.780106107112648	0.200464443802634	1	0.174	0.14	0.034
Wnk1	0.780464394733679	0.29848566232872	1	0.283	0.233	0.05
Ntn4	0.781679968521492	0.39747077137579	1	0.255	0.186	0.069
Dnajc3	0.78318751042625	0.383694447543808	1	0.152	0.116	0.036
Smurf2	0.783952116584916	0.58281209183952	1	0.234	0.163	0.071
Ube2d2a	0.784556099940971	-0.620413088854429	1	0.12	0.14	0.02
Errfi1	0.785061993423705	0.400428502491451	1	0.103	0.07	0.033
Sos2	0.786932092174994	-0.172225435734944	1	0.348	0.372	0.024
Lrrk1	0.788113168368512	-0.494503000645221	1	0.147	0.186	0.039
Ddi2	0.788274271205003	0.105972323574922	1	0.103	0.093	0.01
Ints9	0.789013561690134	-0.50617495795344	1	0.103	0.116	0.013
Tmcc1	0.792104468105059	-0.226597356251884	1	0.245	0.279	0.034
Phactr4	0.794262143515674	-0.195844429347031	1	0.103	0.093	0.01
Usp6nl	0.79885316025342	-0.50477844818254	1	0.082	0.116	0.034
Tab2	0.799143087779734	-0.526979169546196	1	0.087	0.116	0.029
Macf1	0.801868923699957	-0.140360206942499	1	0.576	0.558	0.0179999999999999
4930523C07Rik	0.805201337715663	-0.15729795600397	1	0.163	0.14	0.023
Cab39l	0.805202122397445	0.591489798451294	1	0.125	0.093	0.032
Ppp3cb	0.808406965438065	0.426190151917838	1	0.158	0.116	0.042
Col4a5	0.809575922887802	0.144009485598361	1	0.147	0.163	0.016
Prdm5	0.811738063404915	0.419991075255633	1	0.185	0.14	0.045
Rapgef6	0.817891498421569	0.416726603393616	1	0.158	0.093	0.065
Ankrd12	0.818453437030109	0.233543676738439	1	0.25	0.256	0.00600000000000001
Trps1	0.818765199943815	-0.259724430476145	1	0.495	0.558	0.0630000000000001
Crtc3	0.820552671459644	0.120732765387955	1	0.266	0.233	0.033
Tnfaip8	0.821045626270838	-0.21884920887037	1	0.196	0.186	0.01
Grk5	0.826669714218501	0.16370956341088	1	0.446	0.395	0.051
Ccr9	0.828197845554956	0.657986007932481	1	0.12	0.093	0.027
Mob2	0.833525647808813	0.12354684765649	1	0.174	0.186	0.012
Fchsd2	0.836314505451848	0.108792905060738	1	0.435	0.395	0.04
Cdc42	0.837852974730325	0.269420665100099	1	0.245	0.209	0.036
Gpbp1	0.841100008294793	-0.249572045849482	1	0.103	0.116	0.013
Fmnl3	0.841233343328028	-0.126375642058492	1	0.13	0.163	0.033
Pdcd10	0.844561092822846	-0.131459389466012	1	0.158	0.163	0.005
Fbxl3	0.846435044854966	0.181441496168552	1	0.12	0.093	0.027
Ank2	0.846614078595147	-0.250522405060868	1	0.348	0.419	0.071
Eea1	0.84751863030671	0.325593086708709	1	0.13	0.093	0.037
Zfp148	0.851131157049606	0.258350721555059	1	0.212	0.163	0.049
Gmds	0.852786251171174	-0.19748364383067	1	0.625	0.674	0.049
Axl	0.855051762682291	0.369629981850212	1	0.19	0.186	0.004
Tcf12	0.855688528859304	-0.200544485097883	1	0.723	0.744	0.021
Ctnnb1	0.861428370355442	0.63754954697609	1	0.109	0.07	0.039
Klf9	0.861516403757831	0.780399316215554	1	0.141	0.093	0.048
Ttc3	0.86164818057732	-0.197301531298965	1	0.174	0.186	0.012
Parp4	0.864359666414419	-0.372550680184547	1	0.098	0.14	0.042
Arhgap6	0.869418926841577	-0.184708381930181	1	0.81	0.837	0.0269999999999999
Gbf1	0.86991469285271	0.215491707038057	1	0.239	0.209	0.03
Ppfibp1	0.873010890808384	-0.462144396632695	1	0.098	0.116	0.018
Zhx2	0.873327692739726	0.338999757920439	1	0.25	0.209	0.041
Asb3	0.873838445542251	-0.303321387378986	1	0.152	0.186	0.034
Nhsl2	0.873909568768777	0.463827181951387	1	0.13	0.093	0.037
Eva1c	0.874301176015056	0.4308768594397	1	0.12	0.093	0.027
Cfh	0.877169787883697	0.219560943324766	1	0.12	0.093	0.027
Kdm6a	0.878844833328927	0.470289623457239	1	0.228	0.186	0.042
Ranbp2	0.883103455816312	-0.521324050182879	1	0.114	0.14	0.026
Fgfr2	0.885335779342321	-0.276717633631882	1	0.109	0.14	0.031
Taf3	0.886129975514026	-0.193420714945361	1	0.152	0.163	0.011
Mertk	0.886254083922771	0.348391170468445	1	0.348	0.326	0.022
Irf3	0.886306971908622	-0.383153665716929	1	0.092	0.116	0.024
Cpsf6	0.886661249063932	0.353427340219018	1	0.114	0.116	0.002
Zfp467	0.887987592384155	0.558445848250104	1	0.103	0.07	0.033
Spaca6	0.889394960748245	0.118205263163446	1	0.114	0.093	0.021
Frk	0.889899445626843	0.216979353565608	1	0.212	0.209	0.003
Swt1	0.900280274642861	-0.210635443601116	1	0.163	0.186	0.023
Mitf	0.90149876091124	-0.204224765697766	1	0.109	0.116	0.00700000000000001
Plscr4	0.901701179715081	-0.193297574852747	1	0.12	0.14	0.02
Akap8l	0.902411639355556	-0.607324785909613	1	0.098	0.14	0.042
Sik3	0.903205434493493	0.227710977336683	1	0.353	0.302	0.051
Kcmf1	0.903608440899007	0.179902276643838	1	0.163	0.14	0.023
Ston1	0.905080146144549	0.572519015451914	1	0.13	0.093	0.037
Tead1	0.905641547907286	0.35805668157151	1	0.234	0.186	0.048
Smc5	0.906832329768456	0.783030114740314	1	0.109	0.07	0.039
Vps54	0.907080016450666	0.265362321459959	1	0.163	0.14	0.023
Tmem164	0.911387223386065	0.214916841039738	1	0.196	0.186	0.01
Nt5c2	0.912171329816088	0.482143603056077	1	0.152	0.093	0.059
Ppp2r5e	0.912257175713688	0.192985224420904	1	0.163	0.14	0.023
Rybp	0.912730226275923	0.6884087265192	1	0.114	0.07	0.044
Aspn	0.9152904340079	0.236994854324482	1	0.277	0.256	0.021
Pals1	0.917412490203127	0.49336103399676	1	0.136	0.093	0.043
Wdr26	0.919844014842695	-0.160889458869574	1	0.109	0.116	0.00700000000000001
Gatad2b	0.921144737799513	0.47569444677678	1	0.109	0.07	0.039
Ets1	0.92438355356121	0.121411566632868	1	0.326	0.326	0
Fam118a	0.931120956391253	-0.316633261709771	1	0.13	0.14	0.01
Dhx15	0.931792889045832	0.567589020838842	1	0.109	0.07	0.039
Kif13a	0.932773312711263	0.127208283894799	1	0.147	0.116	0.031
Ptp4a3	0.932779690553798	0.60734959807426	1	0.103	0.093	0.01
Smg1	0.935319180383242	0.207862058181475	1	0.174	0.163	0.011
Agl	0.935878098721349	-0.523031780098175	1	0.082	0.116	0.034
Cab39	0.93989802256848	-0.183735490617443	1	0.109	0.116	0.00700000000000001
Pcdh19	0.941478841352819	0.495065849762999	1	0.136	0.093	0.043
Col4a2	0.943478338399455	0.424290698783751	1	0.19	0.14	0.05
Ndufs4	0.948660435962373	-0.385221425149192	1	0.103	0.116	0.013
Itprid2	0.950719612955809	0.614077904367156	1	0.103	0.07	0.033
Kirrel	0.955447880508912	0.393070722040014	1	0.223	0.186	0.037
Tbc1d4	0.957506701709921	-0.311417615428949	1	0.158	0.186	0.028
Ccnt1	0.958834430816733	0.284007172011496	1	0.141	0.116	0.025
Ythdc1	0.96099911373274	-0.368662602799905	1	0.217	0.209	0.00800000000000001
Rsbn1l	0.96311143988324	0.194776930504696	1	0.196	0.163	0.033
Apba1	0.964142944474627	0.556843018782827	1	0.103	0.093	0.01
Mtdh	0.968865159950064	0.305947529438736	1	0.217	0.186	0.031
Prkdc	0.969737911097415	0.303181740668373	1	0.109	0.093	0.016
Hdac9	0.970959088363313	-0.39236603295569	1	0.141	0.14	0.000999999999999973
Ptgds	0.971964653560836	-0.298455851752845	1	0.114	0.14	0.026
Baz2a	0.976004835694291	-0.43272862890854	1	0.109	0.14	0.031
Sptbn1	0.976883229390102	-0.217747194507477	1	0.804	0.814	0.0099999999999999
Mia2	0.978998951272483	0.294313437621564	1	0.136	0.116	0.02
Abca9	0.98069262561699	0.261188226051468	1	0.103	0.093	0.01
Nemf	0.982140382088978	-0.251386729721802	1	0.109	0.116	0.00700000000000001
Cog5	0.985846366445906	-0.266423140287948	1	0.152	0.163	0.011
Mycbp2	0.986073380487626	0.34386645451952	1	0.196	0.163	0.033
Gab2	0.986714746067173	-0.117805392188162	1	0.402	0.419	0.017
Atg10	0.986795430944931	0.156036368711989	1	0.147	0.14	0.00699999999999998
Phf20	0.987425396959978	-0.171611184736068	1	0.163	0.186	0.023
Sh3bp4	0.990086195282288	0.343905448416025	1	0.109	0.093	0.016
Trpv2	0.990208615377275	-0.329165927941074	1	0.098	0.116	0.018
Clasp2	0.990407062262731	0.337601291463747	1	0.158	0.14	0.018
Cox16	0.995085675612254	0.297891009589148	1	0.174	0.163	0.011
Setd2	0.997384284527753	0.119981916452562	1	0.13	0.116	0.014
Fbxl20	0.997504647831636	0.606168807866836	1	0.103	0.07	0.033
Fbxl17	0.999834351166519	0.1017564898636	1	0.658	0.628	0.03
Ddx50	0.999964890925708	0.2206791578277	1	0.12	0.093	0.027
