gene	p_val	avg_log2FC	p_val_adj	percent_3	percent_0	percent_difference
Mast4	3.7241424530635e-10	0.871849076663991	6.67291844739918e-06	0.927	0.88	0.047
Cap2	6.91294445217166e-08	-4.76679430815321	0.00123866138694012	0.018	0.24	0.222
Per2	2.62874072415136e-07	-7.72811897715167	0.00471017762953441	0	0.156	0.156
Galnt17	4.93724604851038e-07	2.79374671710988	0.00884655746972091	0.321	0.066	0.255
Mef2c	7.07095130505083e-07	-2.0646909963189	0.0126697305483901	0.165	0.455	0.29
Serpini1	1.11834844528406e-06	-2.08860803983849	0.0200385674425998	0.064	0.329	0.265
Numa1	1.67750838465051e-06	2.39645319081904	0.0300575952361679	0.211	0.048	0.163
Hnrnpdl	3.32911622229314e-06	-2.87341594618722	0.0596511044710485	0.009	0.162	0.153
Prickle2	3.87149084701254e-06	-7.62010973379874	0.0693693729967706	0	0.126	0.126
Trpc1	4.22277483599378e-06	-7.52076880173214	0.0756636795113365	0	0.138	0.138
Psd3	4.33457654945369e-06	0.951336469727696	0.0776669426131111	0.761	0.593	0.168
Plxdc1	5.17756157625526e-06	1.14323937239581	0.0927715483233418	0.312	0.281	0.031
Ankrd12	1.63675637932754e-05	-1.47750122821583	0.293274008047908	0.174	0.461	0.287
Tnrc6a	2.40325982952846e-05	-1.44567461259228	0.43061609625491	0.147	0.377	0.23
Glud1	3.1617957134601e-05	-1.78223167201101	0.566530555937781	0.046	0.216	0.17
Hlf	4.74941070344515e-05	-1.01079123580462	0.850999409843302	0.165	0.401	0.236
Dock10	5.27398239676352e-05	-1.38533209307661	0.944992165852087	0.239	0.491	0.252
Asap2	5.58556803463206e-05	1.5399915629628	1	0.404	0.186	0.218
Dlc1	7.46563284778921e-05	0.518869828718037	1	1	1	0
Sgip1	8.05803129759317e-05	-1.11355596484164	1	0.284	0.545	0.261
Pde8b	9.19523268656326e-05	0.491516542902608	1	0.771	0.79	0.019
Mthfd1l	0.000146788909144373	-7.16558837065765	1	0	0.102	0.102
Snrk	0.000280852763205354	0.889373464507571	1	0.367	0.323	0.044
Fnbp1	0.00045790709609223	-0.909037130364454	1	0.11	0.281	0.171
Chd9	0.000511674390008857	-1.28914096272125	1	0.147	0.353	0.206
Dbp	0.000522269586086323	-2.24427844309446	1	0.037	0.18	0.143
Chn1	0.000568465384584953	-2.99323752005957	1	0.046	0.198	0.152
Srsf10	0.000589099684091939	1.90832232973795	1	0.165	0.06	0.105
Setd5	0.000756788799211893	0.866198704928583	1	0.431	0.311	0.12
Fmnl2	0.000782814548475764	-0.99997638525904	1	0.092	0.24	0.148
Asph	0.000969084064908157	-2.79669185562149	1	0.028	0.156	0.128
Snapc3	0.00101801640467992	-2.14095318879266	1	0.055	0.18	0.125
Actb	0.00103750098192796	1.3249717458811	1	0.339	0.162	0.177
Axin2	0.00105971744275085	-3.81267766982727	1	0.009	0.126	0.117
Plekhg3	0.00107923354500937	0.783954935465941	1	0.569	0.461	0.108
Prex2	0.00109578151438988	-0.99839629503853	1	0.349	0.551	0.202
Rapgef3	0.00110477491194319	-3.42015332318362	1	0.009	0.108	0.099
Trpm7	0.00118508690174048	-1.81985329474077	1	0.101	0.281	0.18
Vps13a	0.00120365089820003	-1.60643438958805	1	0.046	0.186	0.14
Gpc6	0.00127816648236851	0.576684987646296	1	0.725	0.725	0
Tnxb	0.00143041068394752	0.290470584795961	1	0.183	0.263	0.08
Stag1	0.00155137335319931	1.04213042324378	1	0.468	0.329	0.139
Fam133b	0.00155570165366268	-2.92299637690177	1	0.018	0.114	0.096
Etv1	0.00157984349610606	-2.41263366820708	1	0.046	0.186	0.14
Ahnak	0.00159119592142299	-1.59998397584653	1	0.064	0.21	0.146
D5Ertd579e	0.00168632235952925	-2.11778791239702	1	0.055	0.186	0.131
Pwwp2a	0.00227973751234659	-1.89360369843327	1	0.064	0.222	0.158
Fzd6	0.00236617092956213	-0.674368291354979	1	0.202	0.383	0.181
Fnip2	0.00242798955925336	-1.24605141958164	1	0.046	0.156	0.11
Rptor	0.00244108123070589	-1.4951871537954	1	0.037	0.144	0.107
Auts2	0.00245617737328271	1.67403387787777	1	0.266	0.126	0.14
Lyn	0.00251451076714557	0.3634907631596	1	0.083	0.132	0.049
Fermt2	0.00256599670457534	0.811492630285182	1	0.569	0.371	0.198
Pla1a	0.00257504766712055	-1.42377960688546	1	0.138	0.305	0.167
Dgkh	0.00262767709791836	-1.20288428691144	1	0.018	0.102	0.084
Eif4g3	0.00298510075184259	0.958128550704275	1	0.128	0.126	0.002
Atp2c1	0.0030302076090915	-1.05597828609253	1	0.064	0.198	0.134
Ogt	0.003074646717228	-0.523208863016192	1	0.33	0.509	0.179
Anks1	0.00319250845672779	2.25175571828372	1	0.101	0.036	0.065
Etfa	0.00321746348113749	-3.2933467435848	1	0.018	0.114	0.096
Camk1d	0.00332267757710495	-2.78633064940275	1	0.028	0.132	0.104
Dock9	0.00340831735229806	1.16810748979321	1	0.275	0.18	0.095
Cask	0.00347312026358553	1.38801281530868	1	0.275	0.168	0.107
Macf1	0.00349501469216309	0.907577843465323	1	0.477	0.359	0.118
Rem1	0.00367920046399746	1.27900681702613	1	0.202	0.066	0.136
Grk5	0.00386736440042492	0.894224368352017	1	0.495	0.299	0.196
Tnpo1	0.00398614921678192	1.02302587646495	1	0.303	0.198	0.105
Sox5	0.00416807586793018	0.481003927519061	1	0.954	0.862	0.092
Mtdh	0.00433131289270005	-1.06598907655339	1	0.147	0.311	0.164
Hipk3	0.00439079375355014	1.17501346035743	1	0.165	0.102	0.063
Mllt3	0.00444024675850031	0.135342622243008	1	0.486	0.587	0.101
Akt3	0.00449990379164826	-1.09868019564108	1	0.229	0.413	0.184
Arglu1	0.00453044938337418	-0.908734126149347	1	0.101	0.246	0.145
Cdk6	0.00464657655986681	-0.163818484375868	1	0.202	0.323	0.121
Txndc11	0.00469994443127489	-2.92991148631233	1	0.018	0.108	0.09
Tef	0.00475166417947817	-1.33430874265042	1	0.128	0.287	0.159
Nf2	0.00504952299284265	-2.3243401545602	1	0.037	0.12	0.083
Daam1	0.00513326714702123	0.831044612911905	1	0.45	0.347	0.103
Rbfox2	0.00530690439341711	0.74999505274846	1	0.459	0.377	0.082
Fnbp4	0.00554192492079786	1.51727802547701	1	0.165	0.096	0.069
Fam13c	0.00563059638627312	-2.07973162628044	1	0.055	0.174	0.119
Cltc	0.005734306252614	-2.60286838990329	1	0.028	0.138	0.11
Fars2	0.00590651376989898	-0.87153401185103	1	0.055	0.156	0.101
Coro2b	0.00596476733961127	-2.61377274228932	1	0.018	0.132	0.114
Ston1	0.00598019063008295	-0.767106016839242	1	0.073	0.192	0.119
Jak2	0.00609651157969116	-1.58641567461221	1	0.092	0.216	0.124
Rapgef4	0.00648702150219817	-0.993421307756582	1	0.138	0.305	0.167
Cobll1	0.00648721629808016	0.175468218556499	1	0.651	0.754	0.103
Gpcpd1	0.00660522750743584	0.609983510811415	1	0.505	0.473	0.032
Zcchc8	0.00672106800783548	-3.06515029002333	1	0.018	0.102	0.084
Ryk	0.0068315483724555	-1.66152213341732	1	0.073	0.192	0.119
Eps15	0.00683223688901654	-1.64905725334712	1	0.064	0.192	0.128
Parp12	0.00690113065297974	-1.64267509551831	1	0.028	0.114	0.086
Ppfibp1	0.00698997998629695	1.83453733103696	1	0.202	0.078	0.124
Sbf2	0.00709127094277323	0.625345963037749	1	0.578	0.401	0.177
Prr14	0.00747503053755754	-2.01476077267308	1	0.037	0.138	0.101
Atrx	0.00770261779046899	0.549997178467133	1	0.367	0.359	0.00800000000000001
Ctnna3	0.0077503271972077	1.31121645621194	1	0.294	0.21	0.084
Ppara	0.00807291179927005	-1.01507488190768	1	0.037	0.114	0.077
Ints9	0.00816113370089311	-2.05562791208199	1	0.028	0.12	0.092
Ahcyl1	0.00829096175065605	-1.91447421792636	1	0.018	0.102	0.084
Ccnd3	0.00841781054958372	-1.37594885293477	1	0.055	0.174	0.119
Tbl1x	0.00851262901561738	0.700091656701088	1	0.339	0.251	0.088
Frmd6	0.00864214505639244	0.994356841389884	1	0.294	0.186	0.108
Nostrin	0.00870648046406963	-2.10645876099613	1	0.055	0.15	0.095
Per3	0.00877749528417066	-1.72675706337433	1	0.064	0.186	0.122
Armc8	0.008914417798283	-3.21111810275519	1	0.018	0.114	0.096
Map4k3	0.00908362297489636	0.878854320811579	1	0.248	0.186	0.062
Morf4l1	0.00909069196593654	1.08851822435183	1	0.156	0.09	0.066
Spag9	0.00909864067555484	-1.64217697535556	1	0.073	0.198	0.125
Zfp346	0.00941017512068136	-1.62036517004751	1	0.073	0.21	0.137
Ugp2	0.00969536013615199	-1.99736438367911	1	0.046	0.15	0.104
Tgfbrap1	0.00989424233509417	-1.62119736544464	1	0.028	0.12	0.092
Trpc4	0.0102218419642448	-0.673730474443127	1	0.33	0.509	0.179
Rnf10	0.0102981806789175	2.23805205185944	1	0.11	0.03	0.08
Mkln1	0.0103990062573203	0.717743840601871	1	0.349	0.269	0.08
Rapgef6	0.0106242165872986	-0.33143706746362	1	0.11	0.192	0.082
Pag1	0.0108309415125018	-2.0747323349779	1	0.037	0.162	0.125
Rock2	0.0109976588793817	-0.727176452230783	1	0.33	0.515	0.185
Csk	0.0112002636448561	-0.852491058053514	1	0.046	0.132	0.086
Cblb	0.0112575327506041	-1.24950396003649	1	0.119	0.269	0.15
Supt20	0.011283081238318	-0.478302978942953	1	0.064	0.138	0.074
Rcan2	0.011338008965763	1.40621106734163	1	0.257	0.186	0.071
Col4a2	0.0115492089341937	1.25024062224834	1	0.294	0.174	0.12
Fam241a	0.011601808576514	-2.68473255299888	1	0.018	0.108	0.09
Ubn1	0.0117086716819209	1.62383874345292	1	0.138	0.054	0.084
Akap7	0.0118249525381249	0.704365700958311	1	0.358	0.287	0.071
Phf12	0.0120211772242351	-1.65413197664428	1	0.028	0.114	0.086
Spred2	0.0123079817382568	-2.03582183745099	1	0.037	0.156	0.119
Rbfox1	0.0123277912241347	1.45511246350334	1	0.229	0.114	0.115
Cdh4	0.0123812565296822	-0.808144349185762	1	0.037	0.108	0.071
Itga8	0.0127519046117684	-2.68305612111059	1	0.037	0.138	0.101
Gjc1	0.0132785562421473	0.475150642377272	1	0.367	0.407	0.04
Atp8b1	0.0133976793686491	-1.38611668455015	1	0.055	0.162	0.107
Pald1	0.0136043917119111	0.238261496182012	1	0.294	0.347	0.053
Asap1	0.0137355171208973	-0.53273240108736	1	0.165	0.299	0.134
Trpc3	0.0137788323310265	0.628120072548457	1	0.734	0.635	0.099
Ano4	0.0139426900252837	-0.807890016382318	1	0.367	0.509	0.142
Comt	0.0140301128255245	-1.91605177502961	1	0.046	0.144	0.098
Slc12a2	0.0140830986462659	-0.740634595630468	1	0.44	0.485	0.045
Sike1	0.0143690589013625	-1.85234367449486	1	0.037	0.132	0.095
Mipol1	0.0146587847684726	1.48467213725146	1	0.138	0.066	0.072
Rb1	0.014848313228536	-0.551893346446891	1	0.101	0.204	0.103
Cst3	0.0152648296960328	-1.28708580900829	1	0.101	0.192	0.091
Mboat2	0.0153284747638109	-1.14614991330382	1	0.183	0.353	0.17
Lamp2	0.0153858894147374	-2.22489632590638	1	0.028	0.12	0.092
Ttc39b	0.0154120108599598	2.18335213914766	1	0.11	0.03	0.08
Pakap	0.0159178981610918	-2.38670134946551	1	0.028	0.126	0.098
Kctd1	0.0160113847190485	-1.48618353307244	1	0.101	0.216	0.115
Lcor	0.0163879476295568	-1.70684219662425	1	0.055	0.162	0.107
Adcy5	0.0165976851730406	1.73908294013475	1	0.138	0.066	0.072
Hnrnph1	0.0166846478137968	-1.59878902656159	1	0.092	0.228	0.136
Lrig1	0.0171712815189741	1.14059200862249	1	0.294	0.138	0.156
Igf1r	0.0172293605536128	0.790075087123691	1	0.55	0.395	0.155
Ube3c	0.0176860086453259	1.06912665260933	1	0.101	0.09	0.011
Ikbkb	0.0179644469853094	-1.58706344399324	1	0.037	0.126	0.089
Fubp1	0.0180430398517212	-0.870531343063767	1	0.11	0.24	0.13
Pacs1	0.0184783814426646	1.81584230647316	1	0.165	0.078	0.087
Ambra1	0.0184906534160388	-0.289630870009181	1	0.165	0.281	0.116
Med13	0.0187009972609751	-0.400256328250197	1	0.101	0.186	0.085
Git2	0.019466287836121	-1.5052315969717	1	0.037	0.12	0.083
Ggta1	0.0195385695485389	1.13789212023383	1	0.275	0.162	0.113
Ppp1r12a	0.0195921903898181	0.406965444575393	1	0.578	0.599	0.021
Immp2l	0.0198010229136722	0.929764532500901	1	0.284	0.216	0.068
Mprip	0.0200347859871407	0.492520692004245	1	0.541	0.509	0.032
Sh3bgrl	0.0203988024612904	0.283913998775376	1	0.174	0.24	0.066
Itga7	0.0206126203647691	0.523156764027677	1	0.147	0.144	0.003
Zfp467	0.02097054898158	-1.91106782366605	1	0.028	0.108	0.08
Ehmt1	0.0212773018878888	-0.426130475614183	1	0.092	0.18	0.088
Gstt2	0.0215320815685808	-0.772353090885374	1	0.092	0.192	0.1
Crebbp	0.0218032513727734	0.568753053285746	1	0.44	0.353	0.087
Specc1	0.0218106924807128	-1.01731364551253	1	0.312	0.431	0.119
Khdrbs1	0.0219254344994127	-1.69475568774128	1	0.073	0.174	0.101
Slk	0.0219555774329355	1.51287386878281	1	0.165	0.072	0.093
Pde4d	0.0219980312673723	0.61203276114069	1	0.771	0.689	0.0820000000000001
Foxo3	0.0221222229412994	1.84721691761097	1	0.101	0.048	0.053
Cacnb2	0.0221659554253524	0.363178089628376	1	0.358	0.425	0.067
Dennd5a	0.0225643617499666	1.21519585011119	1	0.229	0.108	0.121
Stxbp4	0.023202536411763	2.54808515849399	1	0.11	0.03	0.08
Tmx3	0.0232034616880667	-1.75962607441521	1	0.046	0.138	0.092
2900026A02Rik	0.0232453298334964	1.66187931855813	1	0.156	0.066	0.09
Trpv2	0.023678880193221	1.4063065259298	1	0.138	0.066	0.072
Celf2	0.0238871769094594	1.15145129422596	1	0.275	0.15	0.125
Kcnq4	0.0239908201982953	2.38576801853779	1	0.101	0.024	0.077
Ldlrad3	0.0240840500596335	1.08910577989748	1	0.22	0.144	0.076
Foxp2	0.0244200668245435	1.81586804174585	1	0.147	0.06	0.087
Msi2	0.0250873624516593	-0.147289453411066	1	0.413	0.551	0.138
Pafah1b1	0.0251134537550972	-0.486205314624357	1	0.128	0.246	0.118
Csnk1g1	0.0254527579356528	-1.11074000610357	1	0.156	0.275	0.119
Cul1	0.0256534479098908	-0.193256918345431	1	0.092	0.15	0.058
Col4a1	0.0256638678979204	0.838223676357639	1	0.33	0.234	0.096
Vamp4	0.0257268551404953	-1.89004940876055	1	0.037	0.12	0.083
Cdk8	0.0257957753200117	-1.01430039335458	1	0.083	0.192	0.109
Grb10	0.0259520299203627	0.87836739745088	1	0.339	0.216	0.123
Ldlr	0.0261153920620438	-1.61160123112705	1	0.073	0.162	0.089
Aebp2	0.0262039265916017	1.24337424021337	1	0.101	0.06	0.041
Usp9x	0.0262741771728631	-0.300951468592582	1	0.128	0.216	0.088
Jmjd1c	0.0266839369962954	0.598042007169179	1	0.606	0.467	0.139
Cdc40	0.0266929194208702	-2.08428286875163	1	0.037	0.12	0.083
Aldh2	0.026833534356137	-1.98255348242242	1	0.028	0.12	0.092
Setbp1	0.0269132112746756	1.06557151808274	1	0.321	0.204	0.117
Dennd1a	0.0272194355637403	-0.39610613499209	1	0.211	0.335	0.124
Rhoj	0.0272435877932209	1.01391543401637	1	0.33	0.18	0.15
Zfp280d	0.0275244102866939	0.781789542215725	1	0.321	0.24	0.081
Etv6	0.0278468983950288	0.755823427079235	1	0.477	0.311	0.166
Epn2	0.0279435621452089	0.982646655672692	1	0.257	0.198	0.059
Mapkap1	0.0284330055041028	-0.748052145988216	1	0.11	0.222	0.112
Cd63	0.0285377615411328	-2.17822587435095	1	0.028	0.114	0.086
Wdr33	0.0293794601906178	-0.191741640521836	1	0.119	0.204	0.085
Csde1	0.029452943428137	-1.45225361699429	1	0.073	0.162	0.089
Cdyl	0.0296181859025338	-1.84467332825751	1	0.028	0.108	0.08
Cep350	0.0297234116590727	-1.4132308761858	1	0.083	0.216	0.133
Uimc1	0.0298594511009869	-1.42403476841425	1	0.055	0.15	0.095
Elf1	0.0299577160100637	1.16464229648082	1	0.165	0.084	0.081
Dpp8	0.030333274267313	-1.41862692261364	1	0.083	0.174	0.091
Mat2a	0.0307421626345002	1.34821871244081	1	0.183	0.09	0.093
E130308A19Rik	0.0307799454147414	-0.618294189248054	1	0.266	0.407	0.141
Cbfa2t3	0.0308188246185288	1.04827590411986	1	0.128	0.096	0.032
Upf3b	0.0310513255272312	1.61137208635092	1	0.119	0.054	0.065
Kank2	0.0313476668434787	0.883197794916995	1	0.367	0.275	0.092
Tasor	0.0314048122911303	0.616001776124689	1	0.376	0.275	0.101
Phf3	0.0318442921390374	-0.634887131135836	1	0.101	0.192	0.091
Dctn4	0.031856249680958	-1.30363722768409	1	0.037	0.114	0.077
Huwe1	0.0324273302240404	0.772106718037748	1	0.339	0.257	0.082
Mob2	0.0346117379231981	0.943390119288574	1	0.229	0.144	0.085
Rab31	0.035353076868979	-1.81779945456661	1	0.037	0.132	0.095
Slc16a12	0.035360749415566	-0.676619512964006	1	0.321	0.467	0.146
Arnt	0.0362855139176836	1.10831113578144	1	0.183	0.096	0.087
Chd6	0.0365694963315326	0.757531307773093	1	0.33	0.216	0.114
Rgl1	0.0366391034590226	-1.43744544413538	1	0.064	0.174	0.11
Gpc4	0.0370032990092178	-2.39749109185823	1	0.028	0.102	0.074
Dnajc5	0.0370494127421807	-1.29240752211952	1	0.037	0.114	0.077
Pspc1	0.0373102226012797	1.49035262109705	1	0.193	0.09	0.103
Spata6	0.0374720039160522	0.962500187689867	1	0.174	0.108	0.066
Phf2	0.0375483654444549	-1.79707978616577	1	0.055	0.132	0.077
Wapl	0.0380324060487459	-0.884524282781497	1	0.147	0.293	0.146
Lzts2	0.0382036755421773	1.215232301412	1	0.193	0.102	0.091
App	0.0386623637180915	0.350889655955375	1	0.239	0.257	0.018
Itpr1	0.0392585009148385	0.414027595598647	1	0.752	0.659	0.093
9930021J03Rik	0.039359380239042	0.865700564485048	1	0.156	0.072	0.084
Baz2b	0.0395018047069158	-0.83497737697275	1	0.248	0.377	0.129
Klhl13	0.0395106999599873	1.7551017452965	1	0.138	0.054	0.084
Mia2	0.0395505903857437	-1.06986940684656	1	0.073	0.18	0.107
Cnn3	0.0396280551845279	-1.09091366345903	1	0.037	0.108	0.071
Arhgap17	0.0402926645591882	-1.46343602584502	1	0.073	0.168	0.095
Ccnt2	0.0404671082879403	-1.15915107574791	1	0.083	0.198	0.115
Ghr	0.040554993303388	-1.32348184197042	1	0.183	0.305	0.122
Eif4a2	0.0406818152315492	0.933913970233708	1	0.248	0.132	0.116
Vti1a	0.0407311513774011	0.723347830486669	1	0.303	0.21	0.093
Ophn1	0.0408904259139015	-2.12816086376358	1	0.028	0.102	0.074
Trio	0.0409882055618523	-2.09680879924711	1	0.028	0.114	0.086
Prrc2c	0.0413443288802896	0.600811856211193	1	0.275	0.234	0.041
Dazap1	0.0417972917304479	-1.76888522633254	1	0.037	0.114	0.077
Unk	0.0419532862596952	-1.6130104499301	1	0.046	0.132	0.086
Sec24b	0.0422203970882264	1.50460395376096	1	0.11	0.042	0.068
Nr1d1	0.0422358097037981	-1.0652552944247	1	0.064	0.156	0.092
P2ry14	0.0423522442456222	1.25382624047168	1	0.248	0.144	0.104
Atg3	0.0424487161459849	-2.21649635848054	1	0.028	0.102	0.074
Tec	0.0425941929885991	-1.2194352408825	1	0.101	0.222	0.121
Tbx2	0.0427504936456895	-1.01633027869215	1	0.165	0.275	0.11
Birc6	0.0429447257546191	-0.540467705281385	1	0.211	0.335	0.124
Rbbp6	0.0429537699276991	-1.58855745287109	1	0.055	0.156	0.101
Zic1	0.0430247842267459	-0.868177323200164	1	0.266	0.365	0.099
Phkb	0.0431740827635021	0.559577881407303	1	0.266	0.156	0.11
Kmt2c	0.0435630330345639	-0.441494612405632	1	0.294	0.425	0.131
Kat2b	0.0440349831824144	1.05308224080955	1	0.211	0.156	0.055
Plcl1	0.0446876002060248	0.120163601011666	1	0.945	0.982	0.037
Psme4	0.0448271210345208	0.302983833994558	1	0.156	0.192	0.036
Bclaf1	0.0448682331974797	-0.533479726933542	1	0.128	0.228	0.1
Tnrc6c	0.0451946628423649	0.688347588800273	1	0.376	0.341	0.035
Rlf	0.0453155721532939	-1.39453950277957	1	0.064	0.168	0.104
Nab1	0.0453397936584839	-0.735212048312068	1	0.092	0.114	0.022
Nfatc3	0.0461401266951031	-0.294283948258145	1	0.092	0.144	0.052
Smyd3	0.0470074325881443	0.41011413161174	1	0.174	0.192	0.018
Ptbp2	0.0482673659293413	-2.25024915749691	1	0.028	0.114	0.086
St8sia4	0.0485910800333493	-0.274288746929746	1	0.165	0.269	0.104
Agmo	0.0486708829944671	-1.50266503179505	1	0.083	0.174	0.091
Mark1	0.0491464893510265	0.74925393470863	1	0.431	0.311	0.12
Zhx2	0.0495336136522667	-0.659708873510281	1	0.101	0.204	0.103
Ppp1r12b	0.0497017871085187	0.711871273450781	1	0.367	0.228	0.139
Dcaf1	0.0498495361297174	1.99516496662705	1	0.11	0.036	0.074
Zic4	0.0499065668590325	-0.752236020941808	1	0.174	0.299	0.125
Ywhae	0.0502556268173861	1.06785487175026	1	0.174	0.138	0.036
Gab1	0.0505219854105292	-0.115569411368972	1	0.495	0.623	0.128
Cilk1	0.0507484634183488	1.32714446732701	1	0.119	0.078	0.041
Kmt5b	0.0509316563133242	0.452002639807844	1	0.193	0.18	0.013
Sdc3	0.051312983958857	1.15331892553682	1	0.128	0.084	0.044
Atxn2	0.0513320173992266	-0.998856366592304	1	0.046	0.132	0.086
Zeb2	0.0515393039869958	-0.269214029687566	1	0.385	0.533	0.148
Cped1	0.0522084914414304	-0.447001137944354	1	0.55	0.677	0.127
Tbck	0.0524724994442338	1.5983598926018	1	0.128	0.066	0.062
Inf2	0.0526049778801216	-0.942567904330931	1	0.046	0.12	0.074
Mtmr3	0.0527149257711863	-0.761325173748516	1	0.174	0.299	0.125
Iars2	0.0536918238007114	1.38786999368954	1	0.119	0.048	0.071
Cuedc1	0.0543595878398076	0.771756864453015	1	0.303	0.168	0.135
Sesn3	0.0544712876056614	-1.44216976775719	1	0.046	0.126	0.08
Gja4	0.0544860087371601	1.651232965224	1	0.138	0.054	0.084
Pdzd2	0.0545541610251162	0.159404923784395	1	0.514	0.587	0.073
Ssh2	0.054881934640642	-0.332565886438866	1	0.303	0.449	0.146
Slc7a2	0.0550087018343415	-1.00842865819277	1	0.101	0.204	0.103
Sos2	0.0550284195820862	-0.885805671574798	1	0.211	0.311	0.1
Invs	0.0554835317193709	-1.14953384343048	1	0.083	0.186	0.103
Zfp532	0.0555208629446978	0.351263976475503	1	0.101	0.12	0.019
Rerg	0.0557714185722363	-0.820692693484623	1	0.046	0.114	0.068
Prdm2	0.0564768693978637	0.799387540129179	1	0.119	0.102	0.017
Polr2a	0.0568168477671781	-1.7111167495554	1	0.064	0.144	0.08
Cd248	0.0570708529316187	0.980057181967202	1	0.119	0.048	0.071
Ppp6r3	0.0573529467179699	0.81782490189179	1	0.22	0.168	0.052
Acap2	0.0576642143728161	-0.480355204148141	1	0.128	0.234	0.106
Pik3r1	0.0579558323348414	-0.859004523010191	1	0.275	0.353	0.078
Gnb1	0.0587402495225524	0.856991791239993	1	0.156	0.144	0.012
Rprd2	0.0591714528600399	-1.52550014717992	1	0.055	0.144	0.089
Ankrd11	0.0593914748230619	0.780027876803779	1	0.339	0.228	0.111
Alpk1	0.0594065678186487	-0.316562322254347	1	0.119	0.21	0.091
Sf3b3	0.0594894136551622	-1.44978824442737	1	0.046	0.114	0.068
Rap1a	0.0598575953073221	0.699545397650205	1	0.514	0.353	0.161
Gbf1	0.0601649504380291	-0.130410295326168	1	0.092	0.132	0.04
Cdc42bpb	0.0603894014405413	-0.579948200861552	1	0.073	0.138	0.065
Sh3pxd2a	0.060392119833147	1.36008230859048	1	0.11	0.054	0.056
Prpsap1	0.060568907313623	1.26333344271317	1	0.147	0.078	0.069
Sema5a	0.0606324498967807	0.838632855311719	1	0.404	0.305	0.099
Hdac9	0.0620857193529985	1.22993161937859	1	0.138	0.102	0.036
Ubr2	0.0628039793366756	-1.07568085914961	1	0.101	0.21	0.109
Ralgapa2	0.0629982542688797	1.23137843126522	1	0.174	0.102	0.072
Ralgapa1	0.063910513176227	0.538950902893612	1	0.468	0.377	0.091
Map4k4	0.0641397105064559	0.728144217017829	1	0.312	0.228	0.084
Kank1	0.0642882989670562	1.46007105402197	1	0.147	0.078	0.069
Usp16	0.064530412887104	-1.1624768608873	1	0.037	0.102	0.065
Mcam	0.0648492906833361	0.679419174546773	1	0.284	0.174	0.11
Plekhg2	0.0652165149686005	-0.899722283116543	1	0.165	0.251	0.086
Tra2a	0.0653315894301102	0.823488299547381	1	0.248	0.162	0.086
Ern1	0.0663432696130838	-1.60872703210626	1	0.028	0.102	0.074
Ftl1	0.0666204568095136	1.34275132772597	1	0.11	0.042	0.068
Kmt2a	0.067462244387223	-1.05360245041588	1	0.055	0.138	0.083
Rbms3	0.0677015198871658	0.104121054130774	1	0.725	0.778	0.053
Sp3	0.0681397376748693	0.673961739388492	1	0.257	0.216	0.041
Pcca	0.0682713053305191	-0.330266782198109	1	0.312	0.443	0.131
Elp4	0.068398761840855	0.596470383529646	1	0.138	0.15	0.012
Yap1	0.0687345498011739	0.442550902685795	1	0.174	0.192	0.018
Syncrip	0.0692384065258488	-1.56634353316076	1	0.046	0.12	0.074
Nt5c2	0.0699739941713657	-0.966242325816925	1	0.092	0.192	0.1
Galnt1	0.0699958666687906	-1.40390246655526	1	0.064	0.144	0.08
Il6st	0.0706333699293878	-0.256177025714587	1	0.055	0.108	0.053
Ctnna1	0.0709652438391716	-0.458829800871096	1	0.183	0.281	0.098
Rapgef2	0.0713925128316076	-0.500148187741365	1	0.404	0.545	0.141
Wsb1	0.0721300410516123	-1.52949259025457	1	0.055	0.132	0.077
Fmnl3	0.0729748162396464	1.19818936621083	1	0.128	0.072	0.056
Clip1	0.073323448915469	-0.784944449967106	1	0.092	0.18	0.088
Grk3	0.0734302666714268	-0.868322273115479	1	0.101	0.192	0.091
Rbm39	0.0735639363556308	-0.328744632408694	1	0.505	0.653	0.148
Mospd2	0.0741630733990288	0.966795738534954	1	0.128	0.06	0.068
Smad2	0.0742863543523838	-1.51045020977161	1	0.046	0.126	0.08
Rgs6	0.0755932470666275	0.213912206696667	1	0.404	0.473	0.069
Gli3	0.0774883664377772	-1.49445765016033	1	0.073	0.144	0.071
Xpo7	0.0777043332703095	0.502040566790042	1	0.119	0.114	0.00499999999999999
Ppp1r12c	0.0777412989256168	0.944240569559127	1	0.248	0.132	0.116
Phactr2	0.0780726069456751	-0.514108950050131	1	0.183	0.287	0.104
Nck2	0.0780833685002715	0.862482415744657	1	0.266	0.186	0.08
Qser1	0.0781514163254456	1.55762213019669	1	0.11	0.042	0.068
Srsf2	0.0787127295614212	-1.87124263250433	1	0.028	0.108	0.08
Kcnma1	0.0787473541470088	0.906884838988591	1	0.193	0.132	0.061
Ankrd50	0.0789239784368084	-0.919368722196676	1	0.101	0.186	0.085
Map4	0.0793325519618759	-0.652093706371369	1	0.339	0.443	0.104
Map3k5	0.0794128818526994	-0.999486023039915	1	0.147	0.24	0.093
Focad	0.0800894327841807	-0.772687946906293	1	0.055	0.132	0.077
Ttc7b	0.0808624368321788	1.44407417692565	1	0.101	0.042	0.059
Septin4	0.0808786679075	0.510586146211541	1	0.45	0.353	0.097
Snrnp70	0.0810078181815416	-1.16318069290334	1	0.046	0.126	0.08
Vangl1	0.0810822788422303	1.69326196275204	1	0.101	0.042	0.059
Slc24a3	0.0813221760722471	1.13574984196712	1	0.202	0.12	0.082
Col4a6	0.0814906101402043	1.49553816669096	1	0.183	0.126	0.057
Lin7a	0.081492552175832	-0.427020350753696	1	0.404	0.539	0.135
Tgfb2	0.0816912088386242	-0.764692008180321	1	0.073	0.144	0.071
Lrp1	0.081768547792885	-1.1997240043283	1	0.092	0.198	0.106
Samd4	0.0819375764172701	0.788323813196792	1	0.312	0.228	0.084
Naa16	0.0823661517375906	-0.943224834628734	1	0.055	0.126	0.071
Lama2	0.0842568093231053	0.411195325264844	1	0.734	0.737	0.003
Cdc42	0.0843432947397146	0.49041617506311	1	0.248	0.222	0.026
Tbx3	0.0845838245057049	-1.32930042859176	1	0.073	0.144	0.071
Cop1	0.0851487028758336	-1.04371829732163	1	0.073	0.162	0.089
Ythdf3	0.0855471589391788	0.202692007766412	1	0.147	0.174	0.027
Exoc6b	0.0861654855251518	0.610042760733141	1	0.358	0.269	0.089
Ntn1	0.0868746961359355	0.852821322278126	1	0.358	0.281	0.077
Usp48	0.0870233224807539	1.38626409509102	1	0.101	0.042	0.059
Stk38	0.0876519510596037	-1.74665721417229	1	0.028	0.102	0.074
Arhgef25	0.0877687209145913	-0.698666091617047	1	0.073	0.144	0.071
Stx16	0.088288428159317	0.767957231155177	1	0.138	0.108	0.03
Egfr	0.0887289826731385	0.859162947457908	1	0.138	0.06	0.078
Cab39l	0.0889071119395461	-0.541924640543673	1	0.046	0.108	0.062
Rac1	0.0889192053326134	1.46001213299124	1	0.119	0.054	0.065
Mill2	0.089088210739733	0.474124807566505	1	0.339	0.311	0.028
Asb3	0.0894578604557697	1.0543871731356	1	0.165	0.102	0.063
Gulp1	0.0898141430039253	0.25144404667334	1	0.183	0.21	0.027
Septin8	0.0902915327012317	-1.06704901995745	1	0.092	0.204	0.112
Chd4	0.0904682470430116	0.555178456971572	1	0.248	0.228	0.02
Mgp	0.0904923591668254	-1.79739630653126	1	0.037	0.102	0.065
Zfp407	0.0912584571249006	-0.831837540169555	1	0.128	0.228	0.1
Cog5	0.0913954707208515	0.735276901744174	1	0.156	0.12	0.036
Epc1	0.0914888726570171	-1.11025741549671	1	0.101	0.162	0.061
Prr5l	0.0925423450030322	-1.22338148434489	1	0.055	0.114	0.059
Marchf6	0.0928639654654271	0.396040762407491	1	0.248	0.251	0.003
Lrch1	0.0930788588395826	0.59409949558617	1	0.257	0.222	0.035
Rere	0.0936967262696215	-0.259339186909287	1	0.495	0.599	0.104
Aopep	0.0948490045017591	0.636371234025272	1	0.495	0.377	0.118
Dtx3	0.096378594328917	-0.722532543964188	1	0.239	0.293	0.054
Zfp644	0.0968452321395458	0.46762984288371	1	0.128	0.126	0.002
Ctnnb1	0.0969350889738664	-0.971512146870909	1	0.037	0.108	0.071
Runx1t1	0.0972898578984287	0.595810274748543	1	0.193	0.15	0.043
Calcrl	0.0976015082761088	-1.13881457045015	1	0.055	0.132	0.077
Nr1d2	0.0976873448146343	-0.599311599895718	1	0.257	0.365	0.108
Slc22a8	0.0983382323309571	-0.585563033261945	1	0.165	0.269	0.104
Kirrel	0.0991934142435519	-0.897088810353683	1	0.147	0.263	0.116
B3gnt2	0.100411346840524	-0.89360025340326	1	0.138	0.246	0.108
Ss18	0.10110832321966	-1.07992899089272	1	0.073	0.144	0.071
Nedd4l	0.101204363360135	-0.542076278926512	1	0.294	0.413	0.119
Abcb7	0.101584106470047	-0.885211217591189	1	0.083	0.168	0.085
Wbp1l	0.101620161124262	1.0750263187988	1	0.101	0.072	0.029
Mnat1	0.102029152532372	-0.898373857540834	1	0.064	0.138	0.074
Erc1	0.102775971861166	-1.35478313010482	1	0.046	0.12	0.074
Kdm1a	0.102851805173655	-1.11384895440483	1	0.055	0.126	0.071
Ube2i	0.103074078836092	1.09752200245938	1	0.138	0.072	0.066
Capzb	0.103392481727491	0.794800846814531	1	0.138	0.096	0.042
Wars2	0.103975954064289	-0.732021776551343	1	0.073	0.15	0.077
Kif13a	0.10426735927949	-0.904281509523851	1	0.119	0.228	0.109
Rb1cc1	0.104437847514801	-0.200589646322335	1	0.083	0.12	0.037
Ap2b1	0.104720980663189	-1.46058206984808	1	0.046	0.12	0.074
Nup98	0.10479406406372	0.22803920223125	1	0.119	0.132	0.013
Ecpas	0.105129451698538	0.681663195915439	1	0.138	0.078	0.06
Nexn	0.105374718196633	1.25960239686044	1	0.174	0.102	0.072
Fgf13	0.105541514667213	1.23144508787495	1	0.11	0.078	0.032
Arhgap24	0.105924825550933	-1.30677137802491	1	0.083	0.168	0.085
Tmcc1	0.105995044627281	-0.489313891714561	1	0.266	0.401	0.135
Prpf4b	0.107548597284608	0.444191232918685	1	0.44	0.335	0.105
Nr2c2	0.107883021830279	-0.987223806930806	1	0.073	0.156	0.083
Ric1	0.107999875372829	-1.20201453173449	1	0.073	0.156	0.083
Cyp7b1	0.108426141446507	-0.698309826883456	1	0.202	0.323	0.121
Errfi1	0.109093172693994	0.982382068391424	1	0.101	0.084	0.017
Usp8	0.110009346880683	-1.51050606447384	1	0.037	0.102	0.065
Smarcc2	0.110239363490821	1.29746189389884	1	0.128	0.06	0.068
Bcam	0.110308599144124	0.485156690843714	1	0.128	0.138	0.01
Lamb2	0.110929268255712	-1.39818413897312	1	0.037	0.102	0.065
B230219D22Rik	0.111614752769282	-1.12333531833811	1	0.064	0.15	0.086
Nacc2	0.112099442138721	1.01492326821306	1	0.11	0.048	0.062
Pawr	0.112370726252064	1.78853506010146	1	0.101	0.06	0.041
Pbx1	0.112372521808824	0.597662290953964	1	0.505	0.383	0.122
Gucy1b1	0.112407816418607	0.287142443232997	1	0.468	0.437	0.031
Srsf4	0.11245200137709	-1.01075528957293	1	0.11	0.216	0.106
Zfand6	0.112538385875994	0.816356756297303	1	0.275	0.168	0.107
Itpr2	0.113213121240218	-0.103343472372867	1	0.495	0.611	0.116
Scaf11	0.113858892249795	-1.29233804150913	1	0.064	0.156	0.092
Col8a1	0.114142665980308	-0.394516032966503	1	0.174	0.263	0.089
Tra2b	0.114364003754985	-0.915245614162806	1	0.128	0.246	0.118
Tmem45a	0.114488027615377	0.938861859803702	1	0.183	0.108	0.075
Tnks2	0.116677025916987	-0.937057564665305	1	0.119	0.204	0.085
Rtn3	0.117731706447092	1.24492260002387	1	0.11	0.066	0.044
Fam172a	0.118120117282538	-0.429938269708371	1	0.358	0.473	0.115
Plac9	0.118510895822014	-0.493740826436579	1	0.239	0.341	0.102
Zbtb16	0.118539245739999	-0.935287678830947	1	0.046	0.102	0.056
Sesn1	0.118581407485232	0.960235743425867	1	0.193	0.126	0.067
Ece1	0.118983248071806	0.875624318357217	1	0.239	0.162	0.077
Rassf3	0.119727286234374	1.10611831065111	1	0.138	0.096	0.042
Ppard	0.119922047274576	-0.396871308737385	1	0.138	0.228	0.09
Lyst	0.120025964725406	-1.42945192339985	1	0.046	0.12	0.074
Pkig	0.120075468562685	-1.45750895291009	1	0.083	0.168	0.085
Rgs4	0.120485773744722	-0.314638536471003	1	0.239	0.335	0.096
Septin7	0.12115057911932	0.235792924091387	1	0.569	0.569	0
Asxl2	0.121783051982513	-0.925061613239146	1	0.119	0.162	0.043
Dnmt3a	0.121810940059887	-1.15120678287605	1	0.064	0.15	0.086
Nr3c2	0.122805838271459	-0.275347375213905	1	0.385	0.479	0.094
Picalm	0.123028632693874	0.385219440202367	1	0.404	0.365	0.039
Trip12	0.123805763733013	-0.789550108961734	1	0.11	0.21	0.1
Tmem65	0.124559573247202	-1.27812733634658	1	0.073	0.144	0.071
Large1	0.125738016042338	0.956786127316597	1	0.257	0.192	0.065
Kansl1	0.126029770625961	-0.505222655603313	1	0.358	0.461	0.103
Ankrd44	0.12820213209082	-0.298642961706711	1	0.211	0.299	0.088
Phc2	0.12881002694484	0.929689093384174	1	0.119	0.072	0.047
Dennd2b	0.129027570298881	-0.186938409559115	1	0.532	0.641	0.109
Trappc8	0.12960547255207	1.12572666813577	1	0.119	0.096	0.023
Tcf7l1	0.129793148836161	0.497832436952142	1	0.193	0.186	0.00700000000000001
Zfp106	0.130031821241945	-1.1036262366452	1	0.046	0.108	0.062
Gpbp1l1	0.13053502322998	0.655207517194825	1	0.119	0.096	0.023
Pkn2	0.131143745056802	0.393254494251443	1	0.193	0.12	0.073
Pten	0.132643759835423	-0.254084499444184	1	0.578	0.677	0.0990000000000001
Crebrf	0.133769776876298	-1.60342605545502	1	0.037	0.102	0.065
Brd1	0.134450256070667	-0.773516673214562	1	0.055	0.126	0.071
Creb1	0.134587191117807	0.753169040638704	1	0.165	0.132	0.033
Zbtb38	0.134973159428334	0.805169830705456	1	0.156	0.102	0.054
Agrn	0.136907767699849	0.286378495647102	1	0.22	0.204	0.016
Pias1	0.137118564560041	-0.339374045775347	1	0.229	0.335	0.106
Nhs	0.137525594820111	0.441341299300816	1	0.193	0.204	0.011
Asxl1	0.137743616054452	-0.327794841747395	1	0.101	0.162	0.061
Ski	0.137857999488783	0.754975631635159	1	0.229	0.138	0.091
Atp9b	0.138140557673826	-0.986930575881225	1	0.064	0.144	0.08
Mllt10	0.138189689228545	-0.696451278899486	1	0.312	0.437	0.125
Syne1	0.138356105980151	0.10689637231951	1	0.459	0.509	0.05
Esam	0.138734716368509	-0.972911069406638	1	0.092	0.168	0.076
Ccny	0.139278065235473	0.419609990736889	1	0.211	0.192	0.019
Terf1	0.139785989426835	1.17558423231674	1	0.138	0.066	0.072
Osbpl8	0.140233702980601	-0.277700750655505	1	0.083	0.12	0.037
Rapgef5	0.140567350579713	-0.200053220768311	1	0.587	0.707	0.12
Kif13b	0.141839803835327	-0.633869302140918	1	0.092	0.168	0.076
Kdm5a	0.144300338754512	-0.546482305321951	1	0.083	0.156	0.073
Fgfr1	0.144794192619221	-0.495228240358255	1	0.092	0.15	0.058
Ggact	0.144911454739843	-1.03532042866217	1	0.064	0.144	0.08
Stk39	0.145073098651068	0.32186726352071	1	0.468	0.461	0.00700000000000001
Tdrd3	0.14508309062413	0.876078797017134	1	0.101	0.078	0.023
Bcar1	0.145926588351084	-1.11863487124421	1	0.046	0.108	0.062
Ppp2r2a	0.14739559349681	0.193606923052056	1	0.165	0.102	0.063
Crlf3	0.14809081539351	-0.573230244878083	1	0.183	0.275	0.092
Rora	0.149657002163403	-0.279069927682235	1	0.872	0.934	0.0620000000000001
Pard3b	0.150300407791779	0.136538950111931	1	0.642	0.707	0.0649999999999999
Ano1	0.15067560431043	0.251873506650978	1	0.514	0.533	0.019
Fryl	0.152305524782109	0.939555992332863	1	0.183	0.132	0.051
Zfc3h1	0.152487950017684	-1.12319778016596	1	0.073	0.132	0.059
Mpp7	0.153230026086809	0.212881044562807	1	0.211	0.24	0.029
Golph3	0.153240583608957	1.45805240760398	1	0.101	0.036	0.065
Phldb1	0.15437029876667	-1.17358820792955	1	0.083	0.156	0.073
Vps13b	0.154522129299162	1.01838929235605	1	0.174	0.102	0.072
Slc30a10	0.155155650182656	-0.577240517874161	1	0.248	0.353	0.105
Tln2	0.15588995073514	0.528105919570309	1	0.11	0.06	0.05
Prkg1	0.156171578304361	0.145037073105598	1	1	0.982	0.018
Ppp3cc	0.157523927543663	-0.927296796270236	1	0.083	0.15	0.067
Wrn	0.158623588116995	0.860046010587934	1	0.101	0.072	0.029
Cnot4	0.158832782605194	0.583154079572386	1	0.312	0.275	0.037
Cyp20a1	0.159833596178236	1.30483077860451	1	0.128	0.084	0.044
Ptpn13	0.160860492094859	-1.01703522816587	1	0.083	0.168	0.085
Cdc73	0.161016985534723	-0.387651396450236	1	0.092	0.144	0.052
Fbxo42	0.162876113674603	-1.12563849301965	1	0.064	0.126	0.062
Tanc1	0.163351125710865	1.16854487673168	1	0.101	0.06	0.041
Gatm	0.163925841972198	-0.579123174762918	1	0.119	0.198	0.079
Pibf1	0.163997956155758	0.43420500822231	1	0.156	0.15	0.00600000000000001
Ncoa3	0.1640458465635	0.304676092218804	1	0.193	0.192	0.001
Eea1	0.164062598292196	0.724630869285829	1	0.128	0.084	0.044
Prrx1	0.164106731719038	-0.772765558602217	1	0.092	0.168	0.076
Hibadh	0.164320758469105	1.06065787213482	1	0.11	0.048	0.062
Man2a1	0.166352107156167	-0.335806480923827	1	0.119	0.186	0.067
Zfyve9	0.16663179578974	0.765176497039047	1	0.11	0.108	0.002
Adgrf5	0.166920992877655	0.942930378443958	1	0.11	0.078	0.032
Uri1	0.167343937159975	0.688112099002705	1	0.101	0.096	0.005
Zc2hc1a	0.169168534839507	-0.125898939203687	1	0.147	0.186	0.039
Mospd1	0.169585613205717	1.10637780262887	1	0.11	0.084	0.026
Ppm1d	0.17021633397999	1.21853514751006	1	0.101	0.054	0.047
Arhgef12	0.170743423559661	0.348502535185754	1	0.523	0.479	0.044
Abca8a	0.170780945743629	-0.924800966722824	1	0.083	0.162	0.079
Epas1	0.171654291992059	0.716303746093251	1	0.349	0.234	0.115
Ube3a	0.171840928326105	-1.16735633609475	1	0.046	0.12	0.074
Scaf8	0.172268353301885	0.112487158818488	1	0.11	0.144	0.034
Ppp4r3b	0.172528330946268	-1.2493439168559	1	0.055	0.114	0.059
Hipk1	0.173424481323844	-0.681632942279841	1	0.119	0.162	0.043
Klhdc8b	0.17356907605884	1.18309863056274	1	0.101	0.054	0.047
P3h2	0.173912196501426	0.671402310008475	1	0.156	0.084	0.072
Itga9	0.174459786668427	1.28993867432979	1	0.138	0.072	0.066
Rab1a	0.174854310561579	-0.81575811647576	1	0.055	0.102	0.047
Ano6	0.175198130324289	0.188201742136263	1	0.284	0.317	0.033
Ube2e3	0.175469022508043	-1.35143360172718	1	0.046	0.126	0.08
Pla2r1	0.175872963130312	-0.516146860022009	1	0.239	0.317	0.078
Actn1	0.177602484612879	-0.608044162429579	1	0.083	0.144	0.061
Son	0.177737992086526	0.362018074669168	1	0.752	0.725	0.027
Mtr	0.17785218215874	-0.16861636688591	1	0.073	0.108	0.035
Col4a4	0.178286652909118	-0.88818784315149	1	0.101	0.186	0.085
Rsrp1	0.178719651062506	-0.477692400278797	1	0.073	0.126	0.053
Cyth3	0.179768956841571	0.378983806908646	1	0.385	0.341	0.044
4930523C07Rik	0.180526202295807	0.927265301921155	1	0.202	0.126	0.076
Fchsd2	0.181988530096555	0.283793144405398	1	0.422	0.389	0.033
Eln	0.182849650807624	0.779731787773208	1	0.183	0.102	0.081
Stt3b	0.182955950424793	-1.38070329848603	1	0.046	0.108	0.062
Itch	0.18311500992765	-0.831441626377857	1	0.183	0.275	0.092
Zcchc7	0.183257916517	0.421722867662314	1	0.431	0.317	0.114
Arhgef40	0.183627120652959	-1.1793937823488	1	0.055	0.126	0.071
Ate1	0.184245623115849	-1.06127920214376	1	0.055	0.12	0.065
Ephx1	0.184894523861335	-0.781713799996782	1	0.083	0.15	0.067
Rreb1	0.185361753779869	0.383061982552895	1	0.211	0.21	0.001
Gmds	0.185888847214982	0.211275533962028	1	0.541	0.563	0.0219999999999999
Smg7	0.185936644001055	0.67790639990653	1	0.128	0.114	0.014
Mob3b	0.186398933360899	-0.740601083522954	1	0.101	0.18	0.079
Zcchc14	0.186430207406348	-0.732445540451225	1	0.101	0.15	0.049
Fip1l1	0.186741249523543	0.372261377699079	1	0.092	0.102	0.01
Esyt2	0.187020658595724	0.310116977130159	1	0.321	0.317	0.004
Umad1	0.187927587384242	0.76278322865192	1	0.101	0.072	0.029
Cnot10	0.188213917243813	1.1795041120484	1	0.11	0.054	0.056
Drg1	0.188638778857149	-1.36697582169507	1	0.046	0.114	0.068
Wwox	0.188999153695363	0.532336499913639	1	0.385	0.287	0.098
Anapc1	0.189151956955313	-0.653168212830627	1	0.083	0.138	0.055
Xrn2	0.189727372373435	0.33279097026475	1	0.101	0.102	0.000999999999999987
Cnot6l	0.189740989088901	0.842238472677753	1	0.147	0.078	0.069
Adk	0.189841132336843	0.326511495521393	1	0.431	0.413	0.018
Kmt2e	0.190163013874028	0.336657039049619	1	0.284	0.275	0.00899999999999995
Ctdsp2	0.1904225551082	0.808637465139152	1	0.119	0.078	0.041
Hnrnpc	0.190828911880967	0.359315316614087	1	0.165	0.162	0.003
Chic2	0.191165714012381	-0.889514515984133	1	0.055	0.108	0.053
Arhgap42	0.19151919369185	-0.196230232420314	1	0.615	0.713	0.098
Syne2	0.193696295279628	0.620208004054956	1	0.413	0.353	0.06
Mical3	0.196349925881984	0.743034379228927	1	0.147	0.126	0.021
Fndc3a	0.196476480844396	0.633170084154601	1	0.22	0.168	0.052
Ino80d	0.197095776959861	0.539898515300638	1	0.128	0.108	0.02
Mib1	0.197828322508207	-1.07807905489981	1	0.073	0.15	0.077
Rock1	0.199256595221868	0.32752488245136	1	0.514	0.497	0.017
Mef2d	0.199284746744913	-1.26344000171974	1	0.046	0.108	0.062
Nufip2	0.200815816074664	-0.74235413104412	1	0.101	0.18	0.079
Gprc5c	0.20104691168756	0.792932048743259	1	0.239	0.162	0.077
Zfhx3	0.201355643809829	-0.313104645377713	1	0.468	0.581	0.113
Ddit4l	0.202319318289918	1.02382904289963	1	0.119	0.054	0.065
Zfp292	0.202338668391686	0.562417613707859	1	0.22	0.168	0.052
Enpep	0.202638031063396	0.705492145132477	1	0.239	0.192	0.047
Il34	0.202826916708864	-0.505883453819492	1	0.44	0.479	0.039
Axl	0.203291339266219	-0.824086906176965	1	0.147	0.21	0.063
Itgb5	0.203350430525847	0.572190595615071	1	0.294	0.21	0.084
Wac	0.204130073612303	0.248882103517758	1	0.284	0.257	0.027
Pear1	0.204644598135371	0.571627479985278	1	0.147	0.126	0.021
Cdkal1	0.204677402837468	0.42332712466847	1	0.294	0.216	0.078
Wnt5b	0.205647458971992	1.02516520838321	1	0.147	0.102	0.045
Cdc27	0.20639137384731	-0.493341703467503	1	0.073	0.132	0.059
Atosa	0.206842838052386	-0.425891433407457	1	0.229	0.305	0.076
Pcbp2	0.207209263965513	0.943035085906733	1	0.147	0.12	0.027
Rab2a	0.207851234178688	0.530667841996636	1	0.202	0.156	0.046
Sipa1	0.208488350616918	-0.969479468805439	1	0.073	0.132	0.059
Bicc1	0.210096765875297	-0.363493102347438	1	0.248	0.341	0.093
Wwtr1	0.210694261355478	0.664408014449076	1	0.339	0.251	0.088
Zfp207	0.210923579086062	-0.664938029384285	1	0.064	0.114	0.05
Eng	0.211200912190147	0.570841660924915	1	0.156	0.138	0.018
Rbms1	0.21155808165641	0.274599201902165	1	0.661	0.671	0.01
Pik3ca	0.212115703390159	-0.666077140170077	1	0.174	0.263	0.089
Atp13a5	0.212547860112266	0.109039404070728	1	0.771	0.802	0.031
Acadl	0.212678453552453	-0.689415896800335	1	0.055	0.102	0.047
Fam107b	0.212777525974407	0.418165786536272	1	0.202	0.126	0.076
Nf1	0.21345992574411	-0.477950765125301	1	0.22	0.317	0.097
Tead1	0.213804604061844	-0.310580696187633	1	0.165	0.24	0.075
Ddx6	0.214168164353657	0.421208807288797	1	0.239	0.156	0.083
Thoc2	0.214183515207542	-0.642923289827769	1	0.128	0.222	0.094
Atp2a3	0.214368759118587	0.761826926515008	1	0.193	0.132	0.061
Dpysl3	0.214894634088777	-1.12157943455242	1	0.064	0.126	0.062
Top2b	0.215358434830478	-0.682269538898743	1	0.128	0.198	0.07
Sec24d	0.216187766868241	0.553400784192386	1	0.119	0.072	0.047
Tbx18	0.216304266205887	-0.557597009740712	1	0.147	0.216	0.069
Ncl	0.21658982839199	-0.46932875306184	1	0.073	0.132	0.059
Slc1a5	0.217740723327654	-0.81330143618809	1	0.11	0.186	0.076
Ttyh2	0.219001108956072	-1.10790403951395	1	0.055	0.114	0.059
Dmd	0.219591850710517	0.398638484843606	1	0.807	0.743	0.0640000000000001
Cep120	0.219605030594695	-1.21063402525239	1	0.055	0.114	0.059
Wnk1	0.220978239867459	0.24571154849797	1	0.275	0.275	0
Zfp608	0.221990197077817	0.722662990426414	1	0.119	0.102	0.017
Dennd2a	0.222028927794787	0.270950564383234	1	0.303	0.305	0.002
Eif4ebp2	0.222494269937776	0.896060557212204	1	0.147	0.114	0.033
Apoe	0.223568195671535	0.701744886910128	1	0.275	0.18	0.095
Csrp1	0.223814167806563	0.80880068595836	1	0.156	0.102	0.054
Atf2	0.224857012998906	-0.932967035768368	1	0.055	0.114	0.059
Phf20l1	0.225315543488607	0.295021085624011	1	0.147	0.168	0.021
Lrp5	0.225465715772344	0.819307998685289	1	0.101	0.072	0.029
Itsn2	0.225971797055149	-0.791848445990222	1	0.046	0.108	0.062
ENSMUSG00000121513	0.226936054802475	0.381462414303509	1	0.404	0.347	0.0570000000000001
Casc3	0.227138213938745	-0.466529809876269	1	0.055	0.102	0.047
Cfh	0.229078582989185	-0.824283353889082	1	0.11	0.18	0.07
Luc7l3	0.229329825331505	-0.609669991579319	1	0.073	0.132	0.059
Slc9a8	0.230067091311651	0.813575565077462	1	0.11	0.078	0.032
Lhfp	0.230342256054339	0.387239305954667	1	0.734	0.653	0.081
Pcm1	0.230851786787865	-0.600109655269933	1	0.11	0.192	0.082
Cyp4f13	0.231274478615975	0.872760917014673	1	0.119	0.072	0.047
Mxd4	0.231276975449648	1.24052991070605	1	0.138	0.066	0.072
Abtb2	0.231540815053792	0.607871159897637	1	0.128	0.12	0.00800000000000001
Braf	0.232206159408386	-0.676596694070423	1	0.211	0.311	0.1
Rasgrp2	0.232248662745541	-0.414563971875599	1	0.138	0.21	0.072
Ints8	0.23259810862703	0.835945268482543	1	0.174	0.09	0.084
Grm7	0.234942629117276	-0.33310000650029	1	0.771	0.826	0.0549999999999999
Cadm2	0.237342169616746	0.767193329534317	1	0.183	0.114	0.069
Usp37	0.237497036387669	1.30163101959404	1	0.101	0.048	0.053
Gnas	0.23907640082206	-0.123873541690438	1	0.248	0.329	0.081
Phlpp1	0.239392281427641	0.404110017384821	1	0.422	0.401	0.021
Zfp950	0.239859215851998	-0.575386360690497	1	0.183	0.269	0.086
Arhgap32	0.239935728096035	-0.786217672534491	1	0.055	0.108	0.053
Celf1	0.240620711212063	-0.391195272943977	1	0.092	0.144	0.052
Il1r1	0.241152596564996	1.07444990441862	1	0.128	0.066	0.062
Pced1b	0.2415499818054	-0.651888012076439	1	0.22	0.216	0.004
Dyrk1a	0.241868825899762	0.559691556617784	1	0.22	0.168	0.052
Entpd1	0.24196449179222	0.876910170124606	1	0.165	0.102	0.063
Smc6	0.242060157959998	-0.674101163143316	1	0.138	0.192	0.054
Mbd5	0.242088633003008	0.414910396603845	1	0.257	0.251	0.00600000000000001
Tcf25	0.242590040015542	-0.267338758530827	1	0.083	0.126	0.043
Sbno1	0.242856741018813	-0.643589614626849	1	0.055	0.102	0.047
Susd6	0.2448211269838	0.388954317322386	1	0.385	0.347	0.038
Nsd1	0.245176710863118	-0.621086594675368	1	0.367	0.473	0.106
Filip1l	0.245247858271301	-0.119687191141585	1	0.358	0.437	0.079
Arcn1	0.245942522292837	-0.853029780747956	1	0.064	0.12	0.056
Supt16	0.246394012257441	-1.08897609385102	1	0.055	0.12	0.065
Polk	0.246463514068786	-0.752074175509409	1	0.055	0.102	0.047
Ptn	0.248073477358627	-0.333340566980509	1	0.596	0.665	0.0690000000000001
Luc7l2	0.248857280466257	0.163309616122544	1	0.679	0.701	0.0219999999999999
Rbpj	0.250022362503304	-0.582016836967825	1	0.11	0.174	0.064
Ikzf2	0.250579010182545	1.09952669379642	1	0.101	0.072	0.029
Col5a2	0.250778646679742	-1.21050416140424	1	0.073	0.126	0.053
Myl6	0.253831528762497	-0.4811301075626	1	0.156	0.228	0.072
Usp15	0.253970494986027	-1.6947476520074	1	0.037	0.102	0.065
Fbxo11	0.254640919585477	0.536877135498551	1	0.211	0.192	0.019
Atg4a	0.254677647180176	-1.12246014799862	1	0.092	0.156	0.064
Yes1	0.254945361580822	-1.04474470172527	1	0.073	0.132	0.059
Taf3	0.255725645646047	-0.242564766986094	1	0.119	0.168	0.049
Ccnl1	0.256051666759149	0.546433702003205	1	0.165	0.144	0.021
Rybp	0.256218573480483	0.372629727249705	1	0.193	0.186	0.00700000000000001
Kremen1	0.256279783907779	0.820747653083664	1	0.101	0.078	0.023
Tor1aip1	0.256913940765064	-0.58426382106231	1	0.092	0.144	0.052
Inpp5f	0.257147386014317	-1.01490345554072	1	0.055	0.114	0.059
Wasl	0.258717830337713	-0.818811187043065	1	0.055	0.108	0.053
Tgfbr2	0.25945560471728	-0.26555996062991	1	0.083	0.12	0.037
Ankrd17	0.260271394703053	-0.510547180785245	1	0.248	0.323	0.075
Zmym5	0.260738663483749	0.19643164023631	1	0.183	0.186	0.003
Hnrnpu	0.260740590030371	0.188912546255977	1	0.11	0.144	0.034
Arid1b	0.260764501099442	0.171239374534334	1	0.266	0.287	0.021
Ggnbp2	0.261085197771197	0.35314573755602	1	0.147	0.09	0.057
Flna	0.26285818183781	0.463526021113697	1	0.294	0.299	0.005
Sumo1	0.262942487936184	-0.954396412414871	1	0.064	0.12	0.056
Taf15	0.263595138057836	-1.40695001930795	1	0.055	0.126	0.071
Kat6b	0.264196327571248	-0.651811474971104	1	0.064	0.114	0.05
Rnf38	0.264224330153844	-1.03231730352644	1	0.092	0.162	0.07
Tgfb1i1	0.265983339385556	-0.968876627478918	1	0.064	0.126	0.062
Ascc3	0.266402644724724	0.449404147060142	1	0.119	0.114	0.00499999999999999
Sri	0.266541111666459	0.974607161190828	1	0.101	0.054	0.047
Tpm1	0.266600567909662	0.275653426889221	1	0.339	0.365	0.026
Irag1	0.266653895489393	0.200721984629271	1	0.514	0.491	0.023
Tmem51	0.268151075662181	-0.408846060768732	1	0.092	0.156	0.064
Ube2e2	0.268721930500819	0.475584637306836	1	0.147	0.192	0.045
Glg1	0.269371251564251	-0.728568942317034	1	0.092	0.156	0.064
Mga	0.271630890577889	0.861438685755753	1	0.138	0.102	0.036
Crtc3	0.272383344266431	-0.655843929131588	1	0.22	0.293	0.073
Fxr1	0.272773506695096	0.994724924907897	1	0.119	0.078	0.041
Sh2b3	0.272955061089495	0.912941139211553	1	0.128	0.078	0.05
Gapvd1	0.273152306280565	-0.34851002846013	1	0.092	0.138	0.046
Afap1	0.273309791419705	0.651266382459521	1	0.193	0.156	0.037
Dis3l2	0.276585966236062	0.391361823281444	1	0.174	0.15	0.024
Rsrc2	0.279984618871206	-0.258159191931731	1	0.083	0.126	0.043
Slco3a1	0.281176309937224	-0.356662999179472	1	0.596	0.641	0.045
Uba2	0.281178249368862	-0.823393712706469	1	0.092	0.156	0.064
Tom1l2	0.282102567321659	0.584091622965336	1	0.174	0.108	0.066
Gatad2b	0.282279285260743	0.721034047378001	1	0.128	0.078	0.05
Btbd7	0.282521353041104	0.485304363050899	1	0.193	0.156	0.037
Rell1	0.283299757715895	0.494476792005578	1	0.147	0.084	0.063
Cradd	0.283608271549803	-0.937644798485466	1	0.064	0.132	0.068
Wtip	0.283908713738215	-0.718104804548202	1	0.138	0.21	0.072
Pitpnc1	0.285304711814192	0.168995737765278	1	0.817	0.832	0.015
Stk24	0.285618036114309	-0.112702569987718	1	0.183	0.234	0.051
Prdm16	0.286077376826515	0.799703872273577	1	0.156	0.096	0.06
Thrap3	0.287502526246195	0.275811920181229	1	0.128	0.126	0.002
Pum2	0.288211590905662	0.402020452943628	1	0.229	0.204	0.025
Rrbp1	0.288649460668157	-0.306393231417846	1	0.183	0.246	0.063
Cast	0.289190871549125	0.540189773776066	1	0.174	0.114	0.06
Zbtb10	0.291024093033874	0.701237896680709	1	0.101	0.048	0.053
Nfia	0.291096644654193	0.196580909651272	1	0.743	0.737	0.00600000000000001
Bfar	0.295817057787182	0.86610060776056	1	0.138	0.084	0.054
Srsf5	0.296420595254458	-0.658837710107421	1	0.275	0.365	0.09
B3galt1	0.297466567522799	0.94257822051288	1	0.138	0.09	0.048
Farp1	0.298104970924611	0.346975945657676	1	0.706	0.623	0.083
Fgf14	0.298199412987196	1.77624678549116	1	0.174	0.132	0.042
Hnrnpa3	0.29875874754003	-0.212797515053305	1	0.266	0.335	0.069
Kif5b	0.299417566811848	0.712387455828994	1	0.128	0.108	0.02
Atp1a2	0.301001839622045	-0.334102648257338	1	0.789	0.832	0.0429999999999999
Fcho2	0.303763722538904	0.398473954153704	1	0.294	0.263	0.031
Rap1b	0.304182876966089	0.169525963450412	1	0.101	0.12	0.019
Cbl	0.304631587756487	-0.75021101257306	1	0.064	0.126	0.062
Rgma	0.306093871106244	-0.676460806407054	1	0.138	0.21	0.072
Znrf3	0.306568329934547	-0.325657224129112	1	0.275	0.299	0.024
Tacc2	0.306855155408468	-0.326098111605525	1	0.073	0.108	0.035
Zfp609	0.306985382848645	0.512101336951255	1	0.128	0.132	0.004
Ednra	0.30729263753532	0.177452026737772	1	0.404	0.437	0.033
Apcdd1	0.307335308398364	-0.728815292792772	1	0.138	0.216	0.078
Pnisr	0.308870030739398	0.444471033028818	1	0.183	0.186	0.003
Ddx5	0.309164663360258	-0.304762989621395	1	0.55	0.641	0.091
Arfgef1	0.309462077978355	-0.822038490483955	1	0.083	0.138	0.055
Tmem87a	0.309515008055699	0.550878565113097	1	0.156	0.138	0.018
2210408I21Rik	0.309797525114494	0.186504127134661	1	0.11	0.084	0.026
Soga1	0.311597709051541	-0.691972516313042	1	0.083	0.126	0.043
Rbm25	0.311668111380546	0.219253587408645	1	0.321	0.341	0.02
Pld1	0.312256084215184	-0.300354332880879	1	0.459	0.467	0.00800000000000001
Tmem245	0.312743137818879	0.808208734086023	1	0.174	0.114	0.06
Abl1	0.312997982175783	-0.717432814459466	1	0.128	0.18	0.052
Casq2	0.313865709862744	1.08973300049502	1	0.138	0.084	0.054
Rif1	0.314949233666146	-0.251302878974311	1	0.092	0.144	0.052
Zmynd8	0.31664005044576	0.509766506840647	1	0.11	0.06	0.05
Diaph2	0.316680839714979	0.164703648280574	1	0.807	0.79	0.017
Rsbn1	0.317281972788518	-0.3734883692744	1	0.073	0.12	0.047
Daam2	0.317730175189898	0.140718911593371	1	0.303	0.335	0.032
Abi1	0.317786765053449	-0.845746885830293	1	0.073	0.138	0.065
Rbm5	0.3179632135845	-0.572288356663869	1	0.174	0.251	0.077
Stk3	0.318870929092033	0.12742060894671	1	0.339	0.377	0.038
Ncoa2	0.319254368199378	-1.01208040062369	1	0.073	0.144	0.071
Sil1	0.319412953153743	0.909355366185562	1	0.101	0.072	0.029
Cux1	0.320746381595888	-0.3461299206672	1	0.083	0.126	0.043
Nckap5	0.324158664324467	0.877641993479454	1	0.101	0.054	0.047
Pds5b	0.324441631607308	0.732671102222723	1	0.257	0.21	0.047
Kcnip4	0.324495769269751	0.896483681155988	1	0.165	0.108	0.057
Ptp4a3	0.324523261052322	-0.558933585115392	1	0.073	0.114	0.041
Fam117b	0.326178536306224	-0.898133095973005	1	0.147	0.192	0.045
Chd2	0.326201643549703	-0.225431976347313	1	0.22	0.287	0.067
Rap1gds1	0.327354909186243	-0.253974183929043	1	0.073	0.108	0.035
Ubap2l	0.327429686493249	0.501703905448693	1	0.202	0.174	0.028
Cysltr2	0.327743760229156	0.771458747433597	1	0.193	0.126	0.067
Hes1	0.327744325939118	1.15357825840888	1	0.101	0.048	0.053
Rftn2	0.327762838557241	-0.519237579019365	1	0.092	0.15	0.058
Utrn	0.328043174451797	-0.12753720666446	1	0.936	0.958	0.0219999999999999
Osmr	0.330145759868163	0.209436122735941	1	0.193	0.24	0.047
Sptbn1	0.330468555633972	-0.190260412187513	1	0.706	0.778	0.0720000000000001
Tmpo	0.331240785638158	0.393400829340316	1	0.128	0.132	0.004
Thsd7a	0.331819869719061	-0.742384828612305	1	0.092	0.144	0.052
Ntn4	0.3327184093411	0.72150873101208	1	0.294	0.216	0.078
Ldlrad4	0.332804001486484	-0.419793716371434	1	0.22	0.293	0.073
Maml2	0.333022849542037	0.118480273951955	1	0.807	0.731	0.0760000000000001
Srrm1	0.3362358872981	0.790413445463767	1	0.119	0.096	0.023
Clk1	0.336596269656663	-0.437396052865356	1	0.321	0.401	0.08
Bicra	0.337648658515728	0.610352111522692	1	0.156	0.126	0.03
Anpep	0.337705939557494	0.770541678199748	1	0.101	0.072	0.029
Numb	0.338210305340562	0.591406193793799	1	0.147	0.12	0.027
Insr	0.339789930555575	0.381834342085594	1	0.376	0.287	0.089
Hmbox1	0.340358484103743	-0.469401989845167	1	0.183	0.24	0.057
Rnf152	0.340739066454205	0.116853363602833	1	0.183	0.24	0.057
Ptprm	0.34131080430388	-0.352247413547512	1	0.312	0.377	0.065
Tnks1bp1	0.341700602262596	0.562304647471307	1	0.138	0.114	0.024
Kdm2a	0.341768005481007	0.365967750623482	1	0.266	0.198	0.068
Aff1	0.342002049156591	0.102706201934124	1	0.294	0.234	0.06
Pcbd2	0.342503679632814	-0.791685629050174	1	0.083	0.114	0.031
Rabgap1	0.344303133124612	-0.538885790676579	1	0.101	0.162	0.061
Crk	0.345671485396507	0.501661131449637	1	0.147	0.12	0.027
Pitpnm2	0.345818133471377	0.637731140569274	1	0.165	0.108	0.057
Clasp2	0.346053349814069	-0.553805237269996	1	0.101	0.156	0.055
Babam2	0.346287475423748	0.528298231520174	1	0.174	0.126	0.048
Ssbp2	0.34651524921261	0.561824705477387	1	0.11	0.132	0.022
Naalad2	0.347486411583677	0.4128899902611	1	0.193	0.186	0.00700000000000001
Resf1	0.347704207729342	-0.500676859099669	1	0.083	0.132	0.049
Tmem131	0.347754523704132	-0.242804907976063	1	0.11	0.15	0.04
Parp4	0.34823523005607	0.389399927610791	1	0.138	0.132	0.00600000000000001
Sf1	0.348746059841275	-0.842923589617195	1	0.055	0.102	0.047
Pde3a	0.348911818921352	0.373352959455436	1	0.505	0.479	0.026
Ngly1	0.350180885836522	0.792256268301774	1	0.11	0.078	0.032
Hectd1	0.350324377874399	-0.526903553925561	1	0.128	0.192	0.064
Urgcp	0.350325122799943	0.918551646158593	1	0.101	0.06	0.041
Map2k5	0.351190854626215	0.602330637317019	1	0.11	0.084	0.026
Uvrag	0.351628945741121	0.157790306219642	1	0.156	0.174	0.018
Zfr	0.352791398471212	0.130103622665151	1	0.156	0.18	0.024
Raph1	0.353182080776216	0.352370700035833	1	0.376	0.341	0.035
Znrf2	0.35325146451781	-1.31089883648215	1	0.046	0.102	0.056
Dock11	0.35360045769399	-0.361145685948959	1	0.147	0.144	0.003
Atrnl1	0.353934412045551	1.14482947601131	1	0.101	0.054	0.047
Stat1	0.35508984938375	0.828380588026662	1	0.11	0.066	0.044
Ncor2	0.356649829425148	-1.00535308800443	1	0.064	0.114	0.05
Relch	0.357303881826175	-0.937643987704017	1	0.064	0.114	0.05
Mndal	0.357560532516479	0.578506846547053	1	0.202	0.132	0.07
Tjp1	0.358032639005569	-0.350021961608338	1	0.349	0.437	0.088
Zmym2	0.358050688958327	-0.271566160408907	1	0.092	0.126	0.034
Pkd2	0.358058048549521	-0.437480801495958	1	0.183	0.24	0.057
Hnrnpr	0.358766597425949	0.391794711430971	1	0.339	0.317	0.022
Atp1b2	0.360665247888855	-0.725602803498487	1	0.092	0.132	0.04
H3f3b	0.361732253867661	0.474442827949887	1	0.22	0.15	0.07
Ptma	0.362104864939153	0.484073596918629	1	0.138	0.09	0.048
C1qtnf7	0.363217676614741	0.531569245337669	1	0.294	0.269	0.025
Ubxn4	0.363634553289449	-0.805324823605492	1	0.064	0.114	0.05
Tbc1d5	0.363892709753856	-0.716717646705415	1	0.128	0.186	0.058
Ddx3y	0.364788849290023	-0.383385551807443	1	0.147	0.204	0.057
Myh9	0.364830785399723	0.354446034979586	1	0.45	0.359	0.091
Sox6	0.365099297377839	0.465644943144901	1	0.248	0.251	0.003
Dysf	0.365120398460519	0.707094682519017	1	0.22	0.15	0.07
Lonp2	0.365534121937283	-1.0840659274644	1	0.092	0.132	0.04
Cdh2	0.366424723219017	-0.160586873266267	1	0.165	0.222	0.057
Tnfaip8	0.36735653974749	-0.322802371228981	1	0.119	0.174	0.055
Pip4k2a	0.367956363989813	0.15871259771745	1	0.092	0.108	0.016
Stim1	0.368575347769953	-0.455911640277854	1	0.165	0.228	0.063
Ptpn4	0.36899200863432	-0.757034822932344	1	0.092	0.126	0.034
Kdm6a	0.371255271164953	-0.903425812522184	1	0.073	0.126	0.053
Lrmda	0.374151115057615	0.600004176850788	1	0.22	0.186	0.034
Lrrc58	0.375034578244169	-0.493044110429931	1	0.092	0.144	0.052
Enah	0.375388465010863	0.573231854835091	1	0.202	0.138	0.064
Slc38a6	0.37673826465289	-0.741426795763117	1	0.083	0.12	0.037
Ppp6c	0.377004458147297	0.689450592411813	1	0.119	0.072	0.047
Nhsl1	0.378145171380442	-0.378043470103228	1	0.064	0.108	0.044
Cmss1	0.378253439772501	-0.555193703360246	1	0.165	0.21	0.045
Csnk2a1	0.378322279880081	-0.290524397513366	1	0.092	0.126	0.034
Atf7ip	0.378982438236273	-0.593951092916078	1	0.174	0.251	0.077
Carmil1	0.379014019529827	0.321924878766678	1	0.495	0.413	0.082
Dag1	0.379364658580045	0.603474123161895	1	0.229	0.162	0.067
Ranbp9	0.38023700451427	0.736313179675305	1	0.119	0.096	0.023
Sgms1	0.380665853839869	0.556783134439307	1	0.202	0.168	0.034
Dmtf1	0.380759637299459	-0.357695688274136	1	0.092	0.132	0.04
Ptprd	0.380902008105962	0.494350607518573	1	0.229	0.168	0.061
Ptprk	0.3809237854419	0.251566439088941	1	0.807	0.826	0.0189999999999999
Nudt4	0.38223419507956	-0.461700181334667	1	0.064	0.102	0.038
Vps54	0.382363834083832	0.297470415461205	1	0.174	0.162	0.012
Pik3cd	0.382376973237295	0.123119479196142	1	0.101	0.072	0.029
Luzp1	0.382805853412427	-0.307494997369233	1	0.257	0.323	0.066
Stim2	0.383379737062489	-0.18892895713584	1	0.183	0.246	0.063
Prpf39	0.38477834501914	-0.67057100814449	1	0.119	0.168	0.049
Dse	0.387333629286195	0.387094414874473	1	0.183	0.132	0.051
Ak3	0.387890776391237	-0.21952771891059	1	0.073	0.102	0.029
Lsamp	0.388889152258744	-0.400240191457433	1	0.67	0.731	0.0609999999999999
Cyb5b	0.389254346758913	0.594765559642602	1	0.138	0.084	0.054
Zfp362	0.389911210371559	-0.579842403195206	1	0.064	0.108	0.044
N4bp2l2	0.390187089112539	0.315168546432876	1	0.083	0.102	0.019
Ddx46	0.392439408863253	0.863317949020349	1	0.11	0.072	0.038
Ube2v2	0.393058361109748	-0.755053350192275	1	0.064	0.108	0.044
Crim1	0.393216319831953	0.425845687237	1	0.486	0.443	0.043
Acin1	0.395906229023716	-0.374370286433857	1	0.128	0.162	0.034
Ythdc1	0.397007473155475	0.112697473443793	1	0.147	0.15	0.003
Wipf1	0.397048072562431	0.155029760150629	1	0.248	0.275	0.027
Cdc42bpa	0.397056370805122	-0.629694091618088	1	0.174	0.24	0.066
Ncor1	0.397094282314193	-0.55119370172645	1	0.266	0.347	0.081
Rnf169	0.397502487766789	0.246381237942899	1	0.147	0.156	0.00900000000000001
Ndufs4	0.398677812193232	0.680557456141097	1	0.101	0.072	0.029
Cd81	0.399012623977236	0.687520148006004	1	0.147	0.096	0.051
Myocd	0.399424026092659	0.371837351315929	1	0.128	0.138	0.01
Tnip2	0.399868042345869	0.563559859796801	1	0.11	0.096	0.014
Plpp3	0.400223988716741	0.369244998979633	1	0.229	0.234	0.005
Dlg2	0.400231184878105	0.481665301236131	1	0.239	0.174	0.065
Peli2	0.400613796705147	0.37093798180823	1	0.284	0.269	0.015
Ddr2	0.400971927856907	-0.237031432795214	1	0.156	0.204	0.048
Clic4	0.401050636088697	-0.170763420037165	1	0.092	0.126	0.034
Snx24	0.401222793473616	-0.79970279945883	1	0.101	0.144	0.043
Heyl	0.401311883866234	0.577986655885278	1	0.202	0.144	0.058
Cd200	0.402011013864262	-0.540517155892845	1	0.064	0.102	0.038
Tmem164	0.402296713018822	0.195947597361219	1	0.165	0.192	0.027
Herc1	0.403596630080865	-0.343472087945207	1	0.138	0.192	0.054
Pot1b	0.406170829471606	-0.544114170195345	1	0.083	0.12	0.037
Lifr	0.406316447682078	-0.252762107510791	1	0.119	0.156	0.037
Smad4	0.406818770316632	0.450501490103501	1	0.183	0.15	0.033
Zfp638	0.407022376095264	-0.399036618983217	1	0.202	0.257	0.055
Smc1a	0.407071136468493	-0.761707879226968	1	0.101	0.156	0.055
Rnf216	0.407142106472755	-0.224915424495191	1	0.165	0.21	0.045
Fbxl17	0.408258971036355	0.106342777666163	1	0.578	0.581	0.003
Zswim6	0.410143563629746	0.117798287723382	1	0.101	0.132	0.031
Col27a1	0.412190480232793	-0.444731500700633	1	0.119	0.174	0.055
Klhl5	0.413366703682326	1.12791635505162	1	0.138	0.084	0.054
Arhgef17	0.414227930341993	0.431725380033771	1	0.303	0.246	0.057
Arhgap29	0.414677364753227	0.108756466641994	1	0.606	0.629	0.023
Septin11	0.415251813078135	0.240196179220017	1	0.578	0.563	0.015
Sik1	0.415391049825353	1.07809407651447	1	0.119	0.066	0.053
Rhot1	0.416108944801001	-0.853701551823959	1	0.055	0.102	0.047
Timp3	0.416242260728646	-0.726196545481567	1	0.092	0.132	0.04
Cald1	0.41690460142505	0.116584886312862	1	0.936	0.946	0.0099999999999999
Rictor	0.418647154863794	0.547491145578292	1	0.147	0.102	0.045
Pdcd10	0.419501254135779	0.104982757182391	1	0.174	0.174	0
Herc4	0.42039610568662	-0.6268207136121	1	0.11	0.162	0.052
Flt1	0.420487414302507	0.329211103135146	1	0.202	0.228	0.026
Sf3b1	0.421762435619455	-0.579963249549131	1	0.138	0.204	0.066
Xrcc4	0.422977363687889	0.739402822581426	1	0.11	0.078	0.032
Map3k3	0.424487605992092	-0.412788206516938	1	0.119	0.174	0.055
Serbp1	0.424785079460329	0.805483355898443	1	0.101	0.066	0.035
Notch2	0.425923710838443	0.365880071841786	1	0.101	0.06	0.041
Spidr	0.426033752553999	-0.462909776955331	1	0.073	0.108	0.035
Pid1	0.426055634799973	-0.182040272072213	1	0.596	0.677	0.0810000000000001
Pik3r3	0.428504788145433	-0.307957226926334	1	0.083	0.126	0.043
Kdm3b	0.428602632252719	0.809111277530699	1	0.11	0.066	0.044
Rspry1	0.429230441379025	0.618765570649429	1	0.11	0.072	0.038
Cr1l	0.42979719628727	-0.571224422000836	1	0.138	0.18	0.042
Fam20a	0.430756449420974	0.320250485499647	1	0.239	0.216	0.023
Uty	0.431199498339983	0.695743375526018	1	0.138	0.096	0.042
Tacc1	0.431814076397882	-0.417651914633642	1	0.303	0.371	0.068
Ptar1	0.431815045573291	0.484874807929679	1	0.22	0.174	0.046
Hook3	0.432181251406239	-0.709293866064391	1	0.064	0.114	0.05
Pik3c2a	0.432335907389578	0.241112366716166	1	0.174	0.168	0.00599999999999998
Sorbs1	0.432924640318949	0.261903103683593	1	0.532	0.449	0.083
Krit1	0.433896391770829	-0.280621848053916	1	0.073	0.114	0.041
Sp1	0.434996997683581	-0.630168953927541	1	0.092	0.138	0.046
Cers5	0.435077428963806	0.503942357882719	1	0.156	0.12	0.036
Rab8b	0.4355766925406	0.761543143320187	1	0.138	0.096	0.042
Cox16	0.436317479000297	-1.06947769004216	1	0.083	0.126	0.043
Serinc3	0.436410511655688	-0.343838439724083	1	0.174	0.246	0.072
Tnfrsf21	0.437133518583704	0.515123633222805	1	0.193	0.168	0.025
Ints6l	0.437347786999952	-0.620718874549123	1	0.147	0.204	0.057
Ntrk3	0.439179183194011	1.01823990955442	1	0.147	0.108	0.039
Cpsf6	0.440115526199536	-0.63464877997327	1	0.055	0.102	0.047
Lsm14a	0.441133869197588	-0.837311163273507	1	0.083	0.138	0.055
Nipbl	0.441908018136792	-0.423998885191705	1	0.404	0.461	0.057
Ndst3	0.442048748575939	-0.433113818063123	1	0.257	0.341	0.084
Bmpr1a	0.44222232214688	0.414713122804034	1	0.303	0.251	0.052
Rab14	0.442759728956288	-0.906279614604595	1	0.064	0.102	0.038
Cstf3	0.443923010555046	-0.80617286880473	1	0.064	0.114	0.05
Acsl1	0.444382256641166	0.462975494802301	1	0.257	0.198	0.059
Tgfbr1	0.445204570276918	-0.177587531349416	1	0.119	0.114	0.00499999999999999
Zmym4	0.446650926403762	-0.708679586851646	1	0.101	0.132	0.031
Btbd3	0.447417796462932	-0.260519333718889	1	0.211	0.21	0.001
Pnn	0.448870253658894	0.5376223899185	1	0.138	0.114	0.024
Arid2	0.449352106836293	-0.669547540185831	1	0.147	0.216	0.069
Jag1	0.450770246718394	0.747225745930296	1	0.22	0.156	0.064
Fyco1	0.45094427555251	-0.713321600196247	1	0.073	0.102	0.029
Erbin	0.45280634047671	0.451733234728994	1	0.22	0.168	0.052
Hdac7	0.453003241454296	0.447126750426532	1	0.101	0.084	0.017
Traf5	0.453203729758342	-0.622342718362604	1	0.064	0.102	0.038
Rhbdf1	0.453239343543951	-0.830207433809949	1	0.073	0.12	0.047
Adgre5	0.45488765397849	-0.531777400190284	1	0.119	0.174	0.055
Fkbp15	0.456773419347731	-0.252064463602399	1	0.083	0.12	0.037
Bmp5	0.457617995697227	-0.504216657080848	1	0.183	0.234	0.051
Dlg1	0.457991446669034	0.364900765778527	1	0.147	0.138	0.00899999999999998
Pbx3	0.458319668516349	0.119467182219027	1	0.193	0.144	0.049
Jarid2	0.458656310942283	-0.778348066884962	1	0.119	0.186	0.067
Pdss2	0.460336440801471	-0.415159875078941	1	0.083	0.132	0.049
Plscr4	0.460792751816429	0.114251531278042	1	0.083	0.102	0.019
Ttc23	0.461249148699644	0.177702985563881	1	0.128	0.132	0.004
Ube2d3	0.461409599466194	-0.579398266029945	1	0.101	0.15	0.049
Wls	0.461409982794264	-0.378988053442638	1	0.358	0.443	0.085
Mfge8	0.461869952886897	0.409080927718424	1	0.211	0.168	0.043
Epb41	0.464869447594721	0.428723638221061	1	0.119	0.096	0.023
Il13ra1	0.465296729703951	0.818115229981489	1	0.119	0.072	0.047
Wwc2	0.465392897794776	-0.308165672890214	1	0.193	0.186	0.00700000000000001
Nfib	0.465800990330587	0.499806246431719	1	0.22	0.174	0.046
Nisch	0.466352905143394	0.324186810650952	1	0.128	0.114	0.014
Nrf1	0.468207190669025	0.346085519331692	1	0.211	0.162	0.049
Stard8	0.471789373074893	0.334094337142261	1	0.404	0.341	0.063
Ncf2	0.472344654580875	-0.219546986782154	1	0.128	0.168	0.04
Ptbp3	0.472712403734744	-0.609973009878432	1	0.119	0.168	0.049
Smurf1	0.47354708250735	0.375599345888317	1	0.101	0.096	0.005
Ubn2	0.476182294561445	0.110820150492747	1	0.193	0.234	0.041
Gphn	0.47670192283767	0.195838551484565	1	0.33	0.329	0.001
Agap1	0.476708279194594	-0.789151374594095	1	0.138	0.204	0.066
Cbfa2t2	0.476882991134452	-0.987241543053841	1	0.073	0.126	0.053
Raf1	0.477515369550404	-0.637008725353518	1	0.083	0.132	0.049
Pth1r	0.478693412413154	0.474927057845016	1	0.211	0.144	0.067
Agfg1	0.479175897758692	-0.284469145236603	1	0.119	0.156	0.037
Gpbp1	0.479925923111542	-0.696627763302012	1	0.11	0.168	0.058
Kitl	0.481349612958029	0.63487933456608	1	0.101	0.084	0.017
Pcnx	0.481478102992977	-0.428433196372609	1	0.073	0.108	0.035
Pde7b	0.482034634205542	0.368203536832136	1	0.385	0.377	0.00800000000000001
Parp3	0.48224042108421	0.580263420310228	1	0.11	0.078	0.032
Rabgap1l	0.482650296624647	-0.581759917882229	1	0.11	0.156	0.046
Srcap	0.483299074407514	0.842722486164887	1	0.119	0.078	0.041
Ank2	0.483672776735577	-0.40167406332134	1	0.413	0.449	0.036
Igsf8	0.483730986542059	-0.453542410434904	1	0.193	0.257	0.064
Rbm6	0.484494820649125	-0.443895958464698	1	0.211	0.281	0.07
Pls3	0.484729553704511	0.517250127846427	1	0.284	0.246	0.038
Atp10d	0.484952627015799	-0.373702513411311	1	0.33	0.395	0.065
Adcy9	0.485298695162199	0.202027129006543	1	0.385	0.359	0.026
Vwa8	0.485759742117461	0.207472350974816	1	0.101	0.102	0.000999999999999987
Zbtb34	0.486941833050327	0.551039826932427	1	0.147	0.102	0.045
R3hcc1l	0.487390324667125	0.206911383550493	1	0.11	0.078	0.032
Mbd2	0.487407784363372	0.430342739299606	1	0.183	0.144	0.039
Uhrf2	0.487987749786857	0.448847964668608	1	0.183	0.168	0.015
Pcdh9	0.488937498409413	0.421494324721349	1	0.321	0.251	0.07
Pi4kb	0.489793957432672	-0.67843698327766	1	0.064	0.108	0.044
Bcas3	0.490312130695535	-0.355810016611807	1	0.358	0.431	0.073
Arl15	0.493482880423129	0.317179809873964	1	0.147	0.15	0.003
Adgrl2	0.495601322286777	0.491818757020312	1	0.11	0.102	0.00800000000000001
Tcf7l2	0.49564229548371	-0.443502902219645	1	0.193	0.216	0.023
Ltbp1	0.495769571909861	0.344859362837322	1	0.275	0.21	0.065
Ubr5	0.499309502106134	0.168169925486482	1	0.22	0.228	0.00800000000000001
Nhsl2	0.500275790821891	0.496802918952772	1	0.119	0.09	0.029
Lef1	0.501101057706493	-0.388883330411361	1	0.119	0.168	0.049
Zbtb4	0.501802927893949	-0.416860027668117	1	0.11	0.15	0.04
Stat3	0.502793347887462	-0.52525978393328	1	0.174	0.192	0.018
Dido1	0.503831690422409	-0.638443387919748	1	0.064	0.102	0.038
Adnp	0.504524902968622	-0.563991276416317	1	0.092	0.138	0.046
Tax1bp1	0.509043674894051	0.148113656322831	1	0.11	0.114	0.004
Dennd4c	0.510418364172636	-0.178119673346512	1	0.138	0.168	0.03
Uqcc1	0.511016120626876	0.416886090028908	1	0.11	0.096	0.014
Nrg3	0.512330730707465	0.626874939588822	1	0.156	0.108	0.048
Pip5k1b	0.513341881554077	0.15570972052057	1	0.56	0.539	0.021
Zeb1	0.516417987251901	0.268980530190313	1	0.752	0.766	0.014
Jak1	0.516960571882565	-0.543548817557808	1	0.202	0.24	0.038
Lrch3	0.51743000932122	0.514853503522694	1	0.22	0.168	0.052
Eva1b	0.517749217240431	-0.572247070754881	1	0.083	0.126	0.043
Art3	0.51974150814013	-0.267771634497273	1	0.367	0.383	0.016
S1pr3	0.51998266202866	0.389069261880839	1	0.239	0.192	0.047
Slc6a20a	0.520101815097199	0.358529780074758	1	0.633	0.605	0.028
Ppp2r5a	0.520526680111829	0.377461066214203	1	0.119	0.102	0.017
Dennd6a	0.520842186047759	-0.400785524152288	1	0.128	0.168	0.04
Snx13	0.521437061992576	-0.920014573047369	1	0.064	0.102	0.038
Cul3	0.522605800550848	0.323658205789038	1	0.165	0.138	0.027
Vcl	0.522809450033778	0.199117941706171	1	0.514	0.491	0.023
Nrxn3	0.523194811331803	0.47042371763688	1	0.183	0.132	0.051
Fut8	0.52430966158524	0.381708717479041	1	0.174	0.162	0.012
Mitf	0.526047836851172	-0.647186644471294	1	0.11	0.156	0.046
Rbm33	0.528125653825431	-0.474300984011322	1	0.101	0.15	0.049
Tns3	0.528750943085946	-0.593763044364332	1	0.083	0.12	0.037
Lrp6	0.529661144660814	0.445588068300083	1	0.183	0.138	0.045
Pcmtd1	0.530123750815084	0.457893266038788	1	0.156	0.138	0.018
Rc3h1	0.530686925544138	-0.557022645691321	1	0.156	0.198	0.042
Ptgis	0.532229585932166	-0.84445099123238	1	0.073	0.108	0.035
Dab2ip	0.533392133025476	0.467575332873096	1	0.183	0.162	0.021
Dst	0.533535862396952	-0.237122294153936	1	0.266	0.317	0.051
Slc12a6	0.534043264229838	-0.165885586483459	1	0.174	0.222	0.048
Sorbs2	0.535803723091655	0.501943816045192	1	0.248	0.192	0.056
Mef2a	0.536893639416303	-0.139250697133746	1	0.367	0.425	0.058
Rdx	0.542270858102858	0.500384560972614	1	0.11	0.09	0.02
Abhd2	0.543093625656617	0.132645642859216	1	0.174	0.204	0.03
Zzz3	0.543399999842096	0.422202216902215	1	0.138	0.102	0.036
Atp13a3	0.543681128970268	-0.322806129562396	1	0.064	0.108	0.044
Stk38l	0.543697525808592	0.301553802787321	1	0.11	0.108	0.002
Brwd1	0.544147015264675	-0.801334936117301	1	0.101	0.174	0.073
Kalrn	0.545464083552464	0.710511174731501	1	0.147	0.108	0.039
Dnajc7	0.548613739980679	0.397152419914384	1	0.11	0.108	0.002
Lats2	0.549474523933825	-0.567169779685595	1	0.101	0.144	0.043
Prdm5	0.549818922589257	0.27399031728783	1	0.165	0.162	0.003
Actn4	0.550467305404287	-0.184649980701101	1	0.284	0.335	0.051
Rbm26	0.553422451289936	-0.65123073275269	1	0.083	0.126	0.043
Kcnj8	0.55357921504405	0.409851745168406	1	0.183	0.15	0.033
Ptpn9	0.553742749355542	-0.154509594113051	1	0.376	0.347	0.029
Fam193a	0.555308195744031	-0.451080696635503	1	0.248	0.299	0.051
Fhit	0.556127661145143	0.552369408760875	1	0.147	0.108	0.039
Fbxw11	0.557033044865869	-0.32668818685698	1	0.138	0.168	0.03
Myh11	0.55815710639381	0.475643765393391	1	0.339	0.299	0.04
Akap12	0.558234698647398	0.333824277224638	1	0.239	0.216	0.023
Bcl2	0.558801817229569	-0.218325574987868	1	0.174	0.222	0.048
Dock6	0.559109552797653	-0.111648669751057	1	0.541	0.599	0.0579999999999999
Lbh	0.559915170586467	0.16267165505024	1	0.156	0.162	0.00600000000000001
Csnk1a1	0.560073005120023	0.13912037299018	1	0.477	0.407	0.07
Cnbp	0.560178508323267	-0.574835075067906	1	0.064	0.102	0.038
Rps6kb1	0.561964852601512	-0.516327366101671	1	0.083	0.126	0.043
Dennd1b	0.562816339903869	-0.247651324313109	1	0.119	0.156	0.037
Mertk	0.564934644284607	0.159080662396134	1	0.294	0.305	0.011
Dip2c	0.567242992693042	0.562390281126564	1	0.294	0.251	0.043
Rabac1	0.568306592056512	0.592665968803772	1	0.11	0.072	0.038
Ctcf	0.569550616074556	0.414335890404392	1	0.147	0.114	0.033
Itgav	0.570704918356806	-0.390582158561447	1	0.101	0.114	0.013
Gng12	0.571283668984492	0.165700095669503	1	0.22	0.174	0.046
Cab39	0.572194876075494	0.194977776208369	1	0.128	0.114	0.014
Xiap	0.573173380586654	-0.433903724281923	1	0.165	0.21	0.045
Arfip1	0.574302736879903	0.443202219466554	1	0.183	0.15	0.033
Irf2	0.57512259498888	-0.203196730646044	1	0.138	0.18	0.042
Creb3l2	0.576195424670431	0.401288888831607	1	0.211	0.162	0.049
Adgrl3	0.577836822318372	0.328746679362629	1	0.239	0.263	0.024
Phip	0.578347567325457	-0.420777530444179	1	0.257	0.299	0.042
Xpo1	0.581693215309653	-0.190181633174802	1	0.083	0.108	0.025
Rasl12	0.584184105531111	-0.379531220072296	1	0.266	0.305	0.039
Ace2	0.584668349959993	-0.295302277014803	1	0.11	0.144	0.034
Sfmbt1	0.585084440674527	-0.540183999273728	1	0.092	0.114	0.022
Eml4	0.586110108336276	0.413216274863992	1	0.275	0.246	0.029
Snx6	0.586202845130659	0.561712824897959	1	0.165	0.12	0.045
Phka1	0.586393512435465	-0.155742290513229	1	0.101	0.096	0.005
Bgn	0.58655064550653	0.36252045573398	1	0.101	0.102	0.000999999999999987
Rcor1	0.586999396658091	0.323129218069845	1	0.11	0.096	0.014
Dicer1	0.588235285647373	0.384018237882503	1	0.128	0.108	0.02
Epc2	0.589643350572416	-0.516870054871103	1	0.156	0.198	0.042
Eml1	0.594309210414178	-0.249785966357615	1	0.092	0.114	0.022
Foxp1	0.596267801789685	0.167907348968956	1	0.817	0.832	0.015
Smg6	0.599960453882406	0.111591644872944	1	0.514	0.449	0.065
Gucy1a1	0.602043306744762	-0.342064571280668	1	0.358	0.407	0.049
Ccdc82	0.602201514167363	-0.380567811844077	1	0.174	0.216	0.042
Marchf7	0.603248844562695	0.107971965885718	1	0.266	0.263	0.003
Notch1	0.604507738277282	-0.184862055134213	1	0.183	0.204	0.021
Atxn7	0.605039017810026	0.257772260831498	1	0.183	0.144	0.039
Ttc14	0.605076966118344	-0.385756520346015	1	0.138	0.174	0.036
Tsc22d2	0.60521066451897	-0.239340080834368	1	0.193	0.228	0.035
Ppp3cb	0.605215605671701	0.469673537650036	1	0.174	0.138	0.036
Lima1	0.605785459403495	0.404796339346523	1	0.119	0.132	0.013
Ddx3x	0.605910702246942	-0.38121900002946	1	0.156	0.18	0.024
Dcbld1	0.607227241442487	-0.197409338848844	1	0.11	0.114	0.004
Klf9	0.611966451329103	0.491877036152892	1	0.147	0.102	0.045
Arf4	0.612312790380069	0.572552429471672	1	0.101	0.078	0.023
Ptpn14	0.613626149239633	-0.527051010467388	1	0.147	0.174	0.027
Phactr4	0.614518356013018	0.250330590165126	1	0.138	0.108	0.03
Psma3	0.616121902019374	-1.06015368102248	1	0.073	0.126	0.053
Sh3rf1	0.616673645360414	-0.314224404929414	1	0.119	0.162	0.043
Tbxa2r	0.616866794078501	-0.62443910527332	1	0.092	0.126	0.034
Srsf3	0.617675605438668	-0.350806379599404	1	0.11	0.144	0.034
Snx3	0.618137742154581	0.646474657736053	1	0.101	0.066	0.035
Igf2r	0.621109560516953	0.11406104631032	1	0.193	0.216	0.023
Yy1	0.621528780729886	-0.123059159104049	1	0.092	0.102	0.01
Kcnab1	0.622010739897103	0.323179487718125	1	0.239	0.198	0.041
Hif1a	0.622375813270804	-0.47646617044534	1	0.092	0.126	0.034
Tut4	0.624024988171716	0.261559808558971	1	0.183	0.174	0.00900000000000001
Prkd3	0.625950833503716	-0.775809048774155	1	0.064	0.102	0.038
Pkd1	0.626440306338951	0.314473723036445	1	0.193	0.168	0.025
Nxn	0.628664200977164	-0.285768565305781	1	0.128	0.108	0.02
Sh3d19	0.630249056971529	-0.181143692335249	1	0.202	0.234	0.032
Arid4b	0.630392873484218	-0.496664912035424	1	0.064	0.102	0.038
Klhl23	0.631128067525506	0.266874345479029	1	0.349	0.281	0.0679999999999999
Dnajc3	0.634087317878165	0.392484204063376	1	0.183	0.144	0.039
Ubr1	0.636406773775075	-0.200240149350228	1	0.367	0.401	0.034
Stard13	0.637898887111761	0.256111676039182	1	0.477	0.467	0.00999999999999995
Cpne1	0.638470048261891	-0.275332009445358	1	0.128	0.156	0.028
Arhgef11	0.638893211465237	-0.242757898747452	1	0.156	0.192	0.036
Ubxn7	0.642112132215706	0.302145780442665	1	0.193	0.144	0.049
Fgfr2	0.642247028900264	-0.124472504356487	1	0.11	0.138	0.028
Kdm4c	0.64307096333853	0.374374602840753	1	0.101	0.072	0.029
Slc10a7	0.643174185825075	-0.315314493457292	1	0.119	0.156	0.037
Ccni	0.645857350173693	0.53819619081822	1	0.119	0.084	0.035
Stam2	0.646510900849412	-0.370161025282509	1	0.092	0.12	0.028
Myo10	0.646721422388731	-0.472964168534375	1	0.174	0.21	0.036
Gcc2	0.649933691821665	-0.33977335030964	1	0.11	0.144	0.034
Add3	0.651740573393877	-0.25077794606965	1	0.183	0.222	0.039
Msantd2	0.652808014646614	0.27718340446677	1	0.202	0.186	0.016
Hmg20a	0.653173385441183	0.481476458440287	1	0.22	0.186	0.034
R3hdm2	0.656068462528729	-0.197920301449342	1	0.073	0.102	0.029
Camk2d	0.65616781237836	-0.32664101493184	1	0.45	0.521	0.071
Reep3	0.660396468178965	0.355843436105665	1	0.229	0.204	0.025
Med14	0.660523155336557	-0.672026994424463	1	0.064	0.102	0.038
Frs2	0.660848048184466	0.370291558963095	1	0.156	0.12	0.036
Rbpms	0.662610358941664	-0.184423893366213	1	0.743	0.796	0.053
Tbx15	0.663686900764253	-0.414240664571966	1	0.193	0.222	0.029
Tfpi	0.665514539100352	-0.430643991212379	1	0.101	0.132	0.031
Zbtb7c	0.665616385195915	0.350353081551837	1	0.202	0.174	0.028
Ip6k1	0.666438694695702	-0.380176662393159	1	0.138	0.174	0.036
Nsmce2	0.667335713623993	0.443738930971036	1	0.239	0.186	0.053
Iqgap1	0.667405940888151	-0.199572713940012	1	0.174	0.204	0.03
Hey2	0.66776176109916	0.308671948699913	1	0.128	0.096	0.032
Arid5b	0.668965849068447	-0.170964927594623	1	0.385	0.377	0.00800000000000001
Arhgef1	0.670723423952419	-0.481241785074681	1	0.073	0.102	0.029
Katnbl1	0.674483031384764	-0.507160632604976	1	0.092	0.114	0.022
Foxn3	0.676181742744642	0.218230993441791	1	0.229	0.198	0.031
Fndc3b	0.676359055565015	0.203612002940026	1	0.275	0.246	0.029
Colec12	0.676841745300503	-0.268725255941606	1	0.578	0.635	0.0570000000000001
Arhgef6	0.677653147372818	-0.613274274901395	1	0.174	0.21	0.036
Pum1	0.678181785735647	0.290041348500852	1	0.165	0.132	0.033
Papola	0.678492346299417	0.502355571295329	1	0.119	0.09	0.029
Arhgap12	0.679636140908393	-0.397450003338968	1	0.193	0.228	0.035
Dennd5b	0.680165080929279	0.36554285392503	1	0.156	0.132	0.024
Gper1	0.680453465792243	0.339764470485863	1	0.138	0.102	0.036
Extl3	0.682197739944046	0.214555962164766	1	0.349	0.293	0.056
Ccdc3	0.682264391858362	-0.683078552098692	1	0.092	0.12	0.028
Pcdh19	0.683437968345235	-0.428794719511037	1	0.211	0.269	0.058
Wasf2	0.686681921695819	-0.229980939449912	1	0.294	0.281	0.013
Usp47	0.687290280010671	-0.312891158633642	1	0.211	0.24	0.029
Atf7	0.689022898181839	0.188723274845007	1	0.257	0.246	0.011
Tnfrsf19	0.689556028288917	-0.456177397287387	1	0.101	0.126	0.025
Scmh1	0.689745549966475	0.346670981680737	1	0.229	0.18	0.049
Tln1	0.692041561443166	-0.360708145406932	1	0.119	0.15	0.031
Btrc	0.692295508828399	-0.449529436950369	1	0.193	0.246	0.053
Ccar1	0.693491852947527	0.471742840719888	1	0.156	0.126	0.03
Tagln	0.694570940481529	-0.778446385571993	1	0.101	0.126	0.025
Rasgrp3	0.694706298267057	0.235645369503717	1	0.22	0.216	0.004
Ptgds	0.696476985451973	-0.680067789111244	1	0.064	0.108	0.044
Zfp871	0.698961253190378	0.450315403955317	1	0.101	0.078	0.023
Pam	0.699963234954575	0.146817391586404	1	0.11	0.126	0.016
Bmpr2	0.700056101370207	-0.262221418346223	1	0.202	0.246	0.044
Nedd4	0.701024523003349	0.114924031242662	1	0.514	0.515	0.001
Eda	0.701209684326921	-0.331310788704333	1	0.092	0.12	0.028
Cacna1c	0.702320851105437	0.121380945161361	1	0.89	0.904	0.014
Xrn1	0.702809730705279	0.259303174895501	1	0.229	0.186	0.043
Akap9	0.704283013924025	0.310328465396957	1	0.11	0.096	0.014
Atp2a2	0.707082059902496	0.425280481661478	1	0.138	0.126	0.012
Plxnb1	0.70756161650093	0.612053060192763	1	0.138	0.114	0.024
Zfx	0.708057722649267	0.233684234561829	1	0.174	0.15	0.024
Anapc5	0.708516775385424	-0.546345129544611	1	0.092	0.12	0.028
Synpo2	0.708876890187816	0.540839663740989	1	0.183	0.156	0.027
Ptk7	0.709397618048534	0.293990410991475	1	0.101	0.078	0.023
Car4	0.709940280269876	0.477480182507498	1	0.147	0.114	0.033
Frmd4b	0.715915480935466	-0.612184629068604	1	0.138	0.162	0.024
Cnnm2	0.716547260855615	0.430019876964409	1	0.119	0.084	0.035
Ggt5	0.719560783888186	0.316024612571808	1	0.266	0.216	0.05
Tns2	0.720181427873492	0.191738699106978	1	0.174	0.168	0.00599999999999998
Adcy6	0.722844495934116	0.418877090958185	1	0.156	0.126	0.03
Atxn7l1	0.725075098536976	-0.791949074974436	1	0.055	0.102	0.047
Plcb4	0.726785650539992	-0.133791586949654	1	0.312	0.341	0.029
Swt1	0.727028331159976	0.352722027525223	1	0.101	0.096	0.005
Pds5a	0.727128284045381	-0.241871847070146	1	0.138	0.174	0.036
Pde4c	0.727637643427085	-0.459145114148453	1	0.101	0.126	0.025
Zc3h6	0.727654362658267	-0.511280462409164	1	0.083	0.108	0.025
Cspg4	0.727858391477564	-0.155019646463862	1	0.376	0.437	0.061
Rasal2	0.72841997648272	-0.140631387356314	1	0.367	0.425	0.058
Magi1	0.72870977459546	0.210682614782375	1	0.22	0.18	0.04
Mpdz	0.729699662600428	-0.436601910767426	1	0.138	0.174	0.036
Dnm2	0.730893311493703	-0.620626028768847	1	0.083	0.12	0.037
Pan3	0.7309584615235	0.209314317949187	1	0.413	0.365	0.048
Ube2d2a	0.731989088241833	0.444802128190589	1	0.101	0.072	0.029
Atl3	0.732252784076131	0.116571520041968	1	0.138	0.12	0.018
Acta2	0.732341304737935	0.504048727740985	1	0.193	0.162	0.031
Msn	0.732407598792425	0.273664745602362	1	0.156	0.126	0.03
Ehbp1	0.733185975562369	-0.167184771142458	1	0.147	0.168	0.021
Sash1	0.733464781031632	-0.265235750071514	1	0.294	0.287	0.00700000000000001
Mysm1	0.733676408360291	0.354917316533368	1	0.165	0.132	0.033
Slc38a9	0.734301820965505	-0.242614917182258	1	0.083	0.108	0.025
Ccser2	0.735575849834556	0.250441843015297	1	0.165	0.144	0.021
Hnrnpm	0.741566076818443	-0.488670233348704	1	0.147	0.186	0.039
Fap	0.741819777971853	-0.411950002891823	1	0.229	0.269	0.04
Pals1	0.742005018992477	-0.65124107121393	1	0.101	0.144	0.043
Scarb1	0.743270235576078	-0.348867845393643	1	0.083	0.114	0.031
Scarf1	0.744400802494239	-0.392870290421725	1	0.073	0.102	0.029
Ppp2r3a	0.746611759502173	-0.378072288186125	1	0.174	0.21	0.036
Msrb3	0.749293288989714	0.114976595597177	1	0.275	0.251	0.024
Sparcl1	0.750779743374925	0.147158273878827	1	0.422	0.449	0.027
Hnrnpa2b1	0.751478785363995	-0.171906237081197	1	0.349	0.395	0.046
Zranb1	0.757286301770342	0.358268976650329	1	0.11	0.09	0.02
Tmem243	0.757429632477392	0.271940809736846	1	0.156	0.126	0.03
Ror1	0.757494555920029	-0.155016672494078	1	0.596	0.647	0.051
Pcp4l1	0.757811019712668	-0.236473582162638	1	0.156	0.168	0.012
Lrrk1	0.758832896129731	-0.365049245180542	1	0.101	0.12	0.019
Creb5	0.761866185642921	0.373691924730283	1	0.147	0.12	0.027
Klf13	0.762741889950866	-0.499856191015259	1	0.11	0.132	0.022
Nrxn1	0.763897986146924	0.190445978736942	1	0.275	0.263	0.012
Cp	0.764019793645409	0.124268276043153	1	0.44	0.395	0.045
Srgap2	0.766144698725076	-0.454864052265715	1	0.128	0.156	0.028
Spop	0.768061242378525	0.193731826829753	1	0.202	0.168	0.034
Trappc9	0.768689647998128	-0.247489706279449	1	0.11	0.132	0.022
Gnb4	0.77203628529185	-0.113405627123939	1	0.22	0.222	0.002
Pbrm1	0.773816759762729	-0.410839837781118	1	0.165	0.198	0.033
A4galt	0.774203056978463	0.275790831194505	1	0.22	0.216	0.004
Npepl1	0.774624882546029	-0.256022842711657	1	0.101	0.126	0.025
Atxn1	0.775645562577511	-0.275639988952067	1	0.22	0.222	0.002
Ptpn22	0.776683915046981	-0.284385707399905	1	0.092	0.114	0.022
Zc3h7a	0.77831478309919	-0.325717054217239	1	0.128	0.156	0.028
Oga	0.77884704755011	-0.118624055907776	1	0.147	0.168	0.021
Ubr3	0.779993915397292	-0.273159273993376	1	0.119	0.156	0.037
Itm2b	0.782293910888058	0.109680895733992	1	0.229	0.21	0.019
Higd1b	0.784963036837908	0.121087159770341	1	0.128	0.132	0.004
Thap3	0.785854581598421	-0.252641067663537	1	0.138	0.156	0.018
Abcg2	0.78632968619782	-0.11528564219243	1	0.101	0.12	0.019
Apba1	0.788337851518478	-0.472539865570472	1	0.11	0.132	0.022
Sav1	0.789928882483977	0.466617945773158	1	0.11	0.084	0.026
Arhgap31	0.790956617777856	-0.233747033103121	1	0.248	0.281	0.033
Myo1e	0.791150075590625	-0.351124396649418	1	0.138	0.168	0.03
Dcdc2a	0.791227425479738	-0.453795238396616	1	0.257	0.269	0.012
Ywhaq	0.791492029970332	0.266321465666633	1	0.11	0.096	0.014
Nr2f2	0.791571318861378	-0.143219958614033	1	0.33	0.317	0.013
Emcn	0.7920004703334	-0.45138854736127	1	0.156	0.192	0.036
Nbl1	0.795058793872206	-0.270808666368366	1	0.092	0.108	0.016
Tpm4	0.795502623113293	0.38269699145486	1	0.101	0.084	0.017
Dgkb	0.798365433496701	0.189052593555623	1	0.523	0.557	0.034
Akap8l	0.798691643785775	-0.417007480780837	1	0.083	0.108	0.025
Clint1	0.801055527267276	0.150930955465535	1	0.119	0.108	0.011
Mecp2	0.801316766409668	-0.243965570054502	1	0.202	0.24	0.038
Gcnt2	0.801461242620433	-0.152139380787268	1	0.367	0.383	0.016
Bbx	0.801747871430343	-0.296569233259146	1	0.174	0.216	0.042
Afap1l2	0.802076583495364	-0.186862279146335	1	0.248	0.275	0.027
Camk2g	0.802208473086548	-0.416699893225467	1	0.138	0.168	0.03
Thsd4	0.802303869141972	-0.179126802582149	1	0.128	0.15	0.022
Filip1	0.803389251629738	0.37889348190327	1	0.248	0.222	0.026
Laptm4a	0.803807676888349	0.164102262430519	1	0.193	0.18	0.013
Ctnnd1	0.811640746833224	0.261453296635468	1	0.284	0.263	0.021
Plce1	0.813623160570208	0.200270803115209	1	0.761	0.754	0.00700000000000001
Smchd1	0.815872023045709	-0.131896854726724	1	0.147	0.168	0.021
Maml3	0.816806919159442	-0.163644700599149	1	0.376	0.407	0.031
Dcbld2	0.819027547906705	0.120037720554209	1	0.11	0.108	0.002
Ets1	0.819494767456575	-0.201397528669189	1	0.266	0.293	0.027
Arhgap6	0.819889524733309	-0.149117350295275	1	0.798	0.802	0.004
Baz1b	0.820039588878618	-0.258960530297637	1	0.165	0.186	0.021
Ccnl2	0.821448251573503	-0.227345320413849	1	0.147	0.174	0.027
Kpna4	0.822673466449568	0.182517258082856	1	0.138	0.126	0.012
Ackr3	0.823648743930459	0.127842455606638	1	0.147	0.126	0.021
Ube2k	0.824328469481508	-0.182549714908381	1	0.119	0.138	0.019
Nt5dc1	0.825693743136337	0.179470898293881	1	0.156	0.15	0.00600000000000001
Pdxdc1	0.828439720824328	-0.249417071473479	1	0.156	0.18	0.024
Kat6a	0.829397368579637	-0.312696902595972	1	0.202	0.228	0.026
Tpr	0.830098465230478	-0.22627197717694	1	0.119	0.114	0.00499999999999999
Sltm	0.830831478409491	0.141532905733615	1	0.11	0.132	0.022
Parm1	0.831003128039059	0.489589821677296	1	0.128	0.108	0.02
Trak1	0.831137857232858	-0.168638872548092	1	0.248	0.269	0.021
Fto	0.831547156354638	0.193906218174245	1	0.248	0.24	0.00800000000000001
Lama4	0.832404456120228	-0.187854844397876	1	0.404	0.443	0.039
Fam118b	0.833354800961986	0.221556038021395	1	0.321	0.281	0.04
Akap8	0.833809166064753	-0.125619894979394	1	0.11	0.114	0.004
Baz2a	0.83391943337732	-0.172809428092316	1	0.165	0.186	0.021
Rnf111	0.840181591674199	-0.302094638512123	1	0.092	0.108	0.016
Lpp	0.841388343203862	0.10817266872434	1	0.532	0.551	0.019
Lrrfip2	0.844369644145689	-0.562370564588996	1	0.092	0.126	0.034
Tpk1	0.84465800312908	0.217434429000251	1	0.119	0.102	0.017
Zkscan3	0.845961084086145	-0.70556804257228	1	0.073	0.102	0.029
Tlk2	0.847199075646072	-0.222092065633975	1	0.11	0.132	0.022
Gpatch8	0.852240775840557	-0.117319494098144	1	0.156	0.174	0.018
Mrtfa	0.852475723448699	-0.220635557099505	1	0.119	0.144	0.025
Wdr26	0.853415431772604	-0.380002577436034	1	0.083	0.102	0.019
Rsbn1l	0.856036882312469	-0.415509937740992	1	0.147	0.186	0.039
Zc3hav1	0.857012004297302	-0.485384465598474	1	0.083	0.102	0.019
Mylk	0.858043071310446	0.138645798315063	1	0.431	0.413	0.018
Adamts10	0.861846352788255	0.371883836365456	1	0.128	0.102	0.026
Adam10	0.862503523322864	-0.150167761598148	1	0.083	0.108	0.025
Sppl3	0.865435215420539	-0.150730746296498	1	0.119	0.12	0.001
Lamc3	0.866994123153343	-0.159014759140253	1	0.248	0.275	0.027
Gpc3	0.869104139640346	-0.314265979387692	1	0.284	0.323	0.039
Fgf1	0.872495684772017	0.352818821612936	1	0.147	0.12	0.027
Fer	0.873763866855711	0.192761740939961	1	0.183	0.15	0.033
Arhgef7	0.875687589061443	-0.562927677673569	1	0.083	0.108	0.025
Peli1	0.8778118234808	-0.379354329874868	1	0.119	0.138	0.019
Mrtfb	0.878612675728797	0.111496807939689	1	0.128	0.132	0.004
Klf7	0.879038520437793	-0.257707979169726	1	0.22	0.234	0.014
Ncoa1	0.87969272745516	0.284942748752711	1	0.156	0.132	0.024
Cep112	0.879897408863827	-0.112971755917681	1	0.257	0.257	0
Cfdp1	0.883255190092613	-0.418198355386863	1	0.101	0.114	0.013
Magi2	0.887767288697627	0.192585284119803	1	0.147	0.132	0.015
Otud7b	0.88791220577685	-0.197180310156054	1	0.101	0.12	0.019
Qki	0.888748252817623	-0.154832687981502	1	0.349	0.371	0.022
Srek1	0.889754288095893	0.229111111472713	1	0.147	0.138	0.00899999999999998
Nfkb1	0.890038468329362	-0.15040524385388	1	0.128	0.126	0.002
Clybl	0.892426643974642	-0.241190310399685	1	0.147	0.168	0.021
Bsg	0.893800829012134	0.290949878411984	1	0.11	0.09	0.02
Specc1l	0.893930638600284	-0.368954890591103	1	0.138	0.168	0.03
Golim4	0.894026146763669	-0.28241346046454	1	0.119	0.138	0.019
Pkn1	0.894424495355797	-0.249388465900028	1	0.101	0.114	0.013
Cgnl1	0.894951482730268	0.230959847004671	1	0.312	0.299	0.013
Tmtc1	0.899369992791651	-0.424679837451554	1	0.119	0.144	0.025
Apobec1	0.900269812206524	-0.128376647948238	1	0.119	0.138	0.019
Ankhd1	0.900936687678565	0.130930295157988	1	0.339	0.299	0.04
Sh3d21	0.904013630701755	0.201637642850415	1	0.101	0.084	0.017
Lnpep	0.904619632596556	-0.560835797663767	1	0.101	0.126	0.025
Inpp5a	0.90584069319332	0.210050413082813	1	0.22	0.216	0.004
Ppp1cb	0.906457499151245	-0.148737681490215	1	0.193	0.192	0.001
Gpatch2	0.906494842126805	0.226371396238659	1	0.156	0.132	0.024
Atp7a	0.907151927684944	-0.308924596606924	1	0.202	0.216	0.014
Ccdc141	0.908499791790923	-0.116427678402444	1	0.459	0.479	0.02
Atad2b	0.909794937833097	0.192639352601299	1	0.22	0.192	0.028
Ctdspl2	0.912108962536759	-0.180812288239209	1	0.156	0.174	0.018
Ttc28	0.913397222969697	-0.111735389317417	1	0.44	0.461	0.021
Elf2	0.91589479313627	0.289562680350928	1	0.11	0.09	0.02
Adgra2	0.916999525737255	-0.165947592682528	1	0.11	0.12	0.01
Stx8	0.920379174710213	0.21186870263523	1	0.156	0.138	0.018
Hspg2	0.920468171148238	0.394189691708145	1	0.147	0.138	0.00899999999999998
Map3k20	0.920573813815797	0.13084689508294	1	0.523	0.509	0.014
Heg1	0.920730104825574	0.13898172208	1	0.358	0.359	0.001
Fus	0.924826047777953	0.106628279439135	1	0.431	0.425	0.00600000000000001
Bptf	0.92568456044168	-0.389031487623812	1	0.083	0.108	0.025
Myo6	0.926413656857836	-0.133956191137652	1	0.138	0.156	0.018
Dpf3	0.92736257232667	-0.175381174974453	1	0.11	0.12	0.01
Vstm4	0.932026988906046	0.20363501597477	1	0.165	0.156	0.00900000000000001
Myom1	0.934923720498681	0.158415240241044	1	0.229	0.216	0.013
Fam110b	0.935612216698725	0.226570503610538	1	0.119	0.108	0.011
Angpt1	0.938495562551229	0.472667418689089	1	0.11	0.108	0.002
Mier1	0.939800799393185	-0.415606731688023	1	0.211	0.24	0.029
Trip11	0.94039728094242	-0.293383993065233	1	0.11	0.12	0.01
Gbe1	0.940773632896191	-0.253762047615041	1	0.11	0.114	0.004
Gng2	0.942360575103135	-0.204773530583079	1	0.128	0.15	0.022
Nudcd3	0.944111203443575	-0.173551074189693	1	0.138	0.132	0.00600000000000001
Dnajc1	0.945271294168123	-0.157768504178418	1	0.33	0.341	0.011
Mbnl2	0.948990622190317	-0.124784500275549	1	0.33	0.365	0.035
Srsf11	0.949995699688298	-0.145222408462731	1	0.101	0.102	0.000999999999999987
Nrip1	0.950097614828169	0.136736823556193	1	0.156	0.144	0.012
Emsy	0.951421474865	-0.549254021772559	1	0.083	0.102	0.019
Eif4h	0.953882949433168	-0.377593074214138	1	0.092	0.114	0.022
Zup1	0.954382395503066	-0.29090043933456	1	0.128	0.138	0.01
Srpr	0.957189022511336	0.103561315406127	1	0.11	0.102	0.00800000000000001
Akap13	0.960107683935285	-0.130633543132686	1	0.385	0.371	0.014
Irf3	0.960404219300595	0.228507175375652	1	0.101	0.084	0.017
Pdgfd	0.961992158650167	-0.396901788245149	1	0.147	0.15	0.003
Itga4	0.962166473464115	0.176208050157006	1	0.248	0.24	0.00800000000000001
Arid1a	0.965099437715387	-0.238636520388591	1	0.183	0.204	0.021
Hip1	0.971210412471317	-0.177627081987199	1	0.339	0.353	0.014
Mpped2	0.971872017612909	-0.258243767800217	1	0.165	0.174	0.00899999999999998
Nemf	0.976120690962881	-0.158350863209555	1	0.101	0.114	0.013
Brd4	0.981280877105064	-0.200799296774438	1	0.174	0.186	0.012
Smim14	0.981294687228272	-0.399571401510953	1	0.083	0.102	0.019
Zfp148	0.98900754369609	-0.186528706728261	1	0.211	0.21	0.001
