gene	p_val	avg_log2FC	p_val_adj	percent_3	percent_0	percent_difference
Galnt17	2.25615407919821e-07	2.42424341572507	0.00404257687910735	0.344	0.079	0.265
Mast4	4.88740146228707e-07	0.663823443904834	0.00875724594012597	0.92	0.85	0.0700000000000001
Fnbp1	1.75062670151187e-06	-1.9686345098443	0.0313677292376897	0.074	0.331	0.257
Stag1	1.34053194932281e-05	1.5702942626962	0.240196514679662	0.534	0.276	0.258
Dbp	2.53060143864635e-05	-1.86623703237635	0.453433165776654	0.049	0.213	0.164
Mef2c	3.56409930880881e-05	-1.61485573920411	0.638615314152363	0.209	0.433	0.224
Per2	0.000102218505372231	-2.59862146996804	1	0.031	0.157	0.126
Ugp2	0.000128011833905148	-2.04218461169188	1	0.074	0.181	0.107
Numa1	0.000140460746993227	2.54971814148282	1	0.166	0.024	0.142
Tnrc6a	0.000178320369971789	-1.10611474487397	1	0.264	0.417	0.153
Pwwp2a	0.000207437943326076	-1.6138386539917	1	0.092	0.213	0.121
Cst3	0.000222920930861916	-2.0711806160305	1	0.08	0.26	0.18
Dock10	0.000254999201576295	-0.781848622634445	1	0.337	0.504	0.167
Fam133b	0.000304275079098921	-2.55864616275977	1	0.037	0.15	0.113
Nostrin	0.000320653209214418	-1.94448447920116	1	0.086	0.181	0.095
Glud1	0.000388961897526519	-1.67539292808884	1	0.086	0.213	0.127
Snrk	0.00042300672761607	0.921365557414975	1	0.417	0.315	0.102
Ttc7b	0.000445709552977224	3.38524199902385	1	0.123	0.008	0.115
Srsf10	0.000459404934933656	2.14325158122806	1	0.153	0.047	0.106
Chd6	0.000551155139059382	1.25848205691366	1	0.387	0.157	0.23
Snapc3	0.000590498327139724	-1.48964137015822	1	0.098	0.197	0.099
Cap2	0.000603203288634852	-0.720502336694239	1	0.129	0.213	0.084
Dlc1	0.000684965173590657	0.361466596920567	1	0.994	1	0.00600000000000001
Serpini1	0.000732193278058937	-1.776725162347	1	0.117	0.268	0.151
Zfp462	0.000771894409476538	4.37172616502412	1	0.123	0.008	0.115
Prex2	0.000775460610591189	-0.927816924554498	1	0.405	0.583	0.178
Sec24b	0.000832117230036186	3.70863728813704	1	0.184	0.016	0.168
Ecpas	0.000841633904935123	2.0440245620303	1	0.166	0.024	0.142
Prickle2	0.000889690572304401	-2.35954423436181	1	0.037	0.134	0.097
Ankrd12	0.000897082427486446	-1.01407669507502	1	0.245	0.402	0.157
Fam13c	0.0008991921844469	-2.09359029522726	1	0.074	0.173	0.099
Runx1t1	0.000917886876353751	1.79477671024303	1	0.245	0.102	0.143
Mtdh	0.000945579163167961	-1.3439264331814	1	0.19	0.346	0.156
Ttc39b	0.00129140720652628	2.79953204921602	1	0.129	0.024	0.105
Pde8b	0.00131386328409723	0.348495451578848	1	0.755	0.787	0.032
Ahnak	0.00149440300901297	-0.940596131065883	1	0.117	0.236	0.119
Hlf	0.00152484588131499	-1.41526328616971	1	0.166	0.394	0.228
Sbf2	0.00160094987173053	0.48371829602655	1	0.62	0.362	0.258
Pik3r1	0.00166324808119067	-0.894557602798289	1	0.35	0.378	0.028
Sgip1	0.00175717026585906	-0.900396495623115	1	0.411	0.543	0.132
Ppm1l	0.00184486945278817	1.66208529406682	1	0.104	0.063	0.041
Specc1	0.0019063480752616	-0.898884571231833	1	0.38	0.441	0.061
Mllt10	0.00198259760812895	-0.769812977417244	1	0.337	0.394	0.057
Eps15	0.00207025533424392	-1.6315250191779	1	0.104	0.213	0.109
Lrig1	0.00244299579743503	0.777945036705999	1	0.264	0.142	0.122
P2ry14	0.00252662348319871	1.69289752755552	1	0.276	0.102	0.174
Trpv2	0.00268057023906956	1.77639228427833	1	0.123	0.047	0.076
Tnks2	0.00279614030408981	-1.34647573495538	1	0.129	0.22	0.091
Mark1	0.00287577948407027	0.767353546520387	1	0.411	0.283	0.128
Zfp346	0.00302201684464562	-1.01299301568838	1	0.141	0.213	0.072
D5Ertd579e	0.00329889315049125	-1.98714906266435	1	0.074	0.197	0.123
Trpc1	0.0034703069665253	-1.7875041900142	1	0.031	0.102	0.071
Stxbp4	0.00355559243057791	2.55822226919198	1	0.11	0.024	0.086
Cask	0.00355667871030274	1.39796925532324	1	0.27	0.11	0.16
Chd9	0.00357716286421405	-1.32567992347785	1	0.202	0.354	0.152
Pspc1	0.00368047028337253	1.30249769299108	1	0.209	0.087	0.122
Asb3	0.00370405397006304	1.58686184269456	1	0.172	0.063	0.109
Rbfox2	0.00374283301793173	0.519549027776474	1	0.503	0.378	0.125
Hnrnpdl	0.00400597902021869	-0.708300883457198	1	0.067	0.118	0.051
Auts2	0.00405077867856063	1.20222810499074	1	0.245	0.157	0.088
Ppp1r12b	0.00453925715308477	0.667435595254524	1	0.411	0.213	0.198
Etv1	0.00454599584659404	-1.33947287342849	1	0.086	0.165	0.079
Ston1	0.00465825044794454	-0.761335681622176	1	0.098	0.189	0.091
Aopep	0.00484132515490344	0.965012029789614	1	0.552	0.362	0.19
Crebbp	0.00488673014538985	0.716725129828733	1	0.46	0.307	0.153
9930021J03Rik	0.00489228934857895	1.79244917720363	1	0.178	0.039	0.139
Klhl13	0.00494915499262689	2.32326278241467	1	0.16	0.031	0.129
Rcan2	0.00505741227484686	1.60000337072346	1	0.27	0.181	0.089
Pacs1	0.00507291785332618	1.57042049272315	1	0.166	0.079	0.087
Nap1l4	0.0052321636440314	3.62126801899937	1	0.117	0.008	0.109
Slc22a8	0.00525261495761441	-1.1563819525027	1	0.166	0.299	0.133
Cdk8	0.00549672830906027	-1.48093089719233	1	0.08	0.22	0.14
Asph	0.005540345527116	-1.61592833177992	1	0.067	0.142	0.075
Rem1	0.00565139730297239	0.855974470003724	1	0.153	0.063	0.09
Plxdc1	0.00570405625213156	0.710762614198993	1	0.325	0.283	0.042
Tbl1x	0.00584485579789575	1.05561016529104	1	0.38	0.165	0.215
Vamp4	0.00588601950421838	-2.42859040863164	1	0.031	0.142	0.111
Col4a2	0.00601633191532004	1.31507183227181	1	0.319	0.157	0.162
Tbck	0.00610884586848659	2.00318046711161	1	0.153	0.055	0.098
Ccnd3	0.00618273819124795	-0.369379260754477	1	0.129	0.189	0.06
Rock2	0.00648792936045087	-1.06227966977188	1	0.319	0.52	0.201
Slk	0.00657095266999003	1.4982196979568	1	0.147	0.071	0.076
Pkp4	0.00661829282804226	-2.50403854003588	1	0.018	0.102	0.084
Grb10	0.00667419440243541	1.08959552735007	1	0.356	0.189	0.167
Asap2	0.00667595959961968	1.07702394115834	1	0.374	0.205	0.169
Itgb5	0.00676197754563114	0.613514593111601	1	0.313	0.157	0.156
Zfp280d	0.00679362914817093	0.880728133596106	1	0.325	0.189	0.136
Psd3	0.00726118250029128	0.510904689663326	1	0.755	0.614	0.141
Pag1	0.00732930951026959	-3.82107532069739	1	0.012	0.11	0.098
Foxp2	0.00735569624777311	2.27832677661083	1	0.135	0.031	0.104
Zcchc8	0.00737196918599269	-2.69939254495441	1	0.025	0.118	0.093
Phf12	0.00763396370377181	-1.40854717978388	1	0.049	0.126	0.077
Rptor	0.00786991929023685	-1.78589835403016	1	0.055	0.173	0.118
Fnip2	0.00793830197536674	-1.45178727609506	1	0.067	0.173	0.106
Rapgef3	0.00844175927725792	-0.442798611782245	1	0.092	0.126	0.034
Grk5	0.00846343947260794	0.561925566982449	1	0.479	0.299	0.18
Cuedc1	0.0085208561871784	0.931830174089634	1	0.301	0.165	0.136
Fmnl2	0.00858476587437075	-1.06760239245541	1	0.153	0.26	0.107
Rhoj	0.00890337743699142	0.918203308050992	1	0.344	0.181	0.163
Zfp407	0.0093025970648995	-1.00758625735749	1	0.172	0.26	0.088
Jmjd1c	0.0093915342511928	0.325918751306558	1	0.54	0.433	0.107
Herc4	0.00939248539181148	-1.3844418512069	1	0.098	0.173	0.075
Fermt2	0.00952171132138059	0.443308837661155	1	0.552	0.378	0.174
Rac1	0.00953367277390344	1.97020585636401	1	0.104	0.031	0.073
Arnt	0.00964495952719881	1.28006930347761	1	0.178	0.071	0.107
Bdp1	0.00974121611182191	-2.46453706569337	1	0.031	0.118	0.087
Tln2	0.00980774050541659	1.18274167928606	1	0.135	0.039	0.096
Tnpo1	0.010241932263275	0.852871524249559	1	0.252	0.165	0.087
Galnt1	0.0102837541539069	-1.90398423286469	1	0.067	0.15	0.083
Mgp	0.0105954692459751	-1.2800063009059	1	0.061	0.118	0.057
Acadsb	0.0107857345218263	2.2999105357476	1	0.135	0.039	0.096
Zeb2	0.0109059943476246	-1.02181983637189	1	0.301	0.535	0.234
Ywhae	0.0110105732313168	1.92561680064131	1	0.202	0.079	0.123
Camk1d	0.0112456299104576	-3.55146094375322	1	0.018	0.134	0.116
Itga8	0.0115206142188145	-0.988591794938261	1	0.074	0.134	0.06
Setd5	0.0121825757958247	0.807908470337435	1	0.448	0.291	0.157
Wdr33	0.0121965349488926	-1.01106719951823	1	0.123	0.236	0.113
Git2	0.0124076943317108	-2.00011400006707	1	0.031	0.134	0.103
Tbx2	0.0129470618303665	-0.808145330148527	1	0.202	0.315	0.113
Sf3b3	0.0130474271216341	-2.16278223334895	1	0.037	0.15	0.113
Srgap2	0.0130653266569929	-1.12738042781099	1	0.098	0.181	0.083
Morf4l1	0.0131377021735454	1.46587898749042	1	0.147	0.063	0.084
Ext2	0.0133872214290963	-1.17248469537081	1	0.067	0.11	0.043
Ghr	0.0138569156261379	-1.37579881919369	1	0.196	0.276	0.08
Nexn	0.0153451297146083	1.75152686685426	1	0.172	0.071	0.101
Hipk3	0.0157979002436651	0.620212749446259	1	0.153	0.118	0.035
Upf3b	0.0162543269535984	1.82188314160781	1	0.123	0.047	0.076
Spata6	0.0163273002947005	1.35880257859693	1	0.153	0.071	0.082
Sesn1	0.0165848394311893	1.18143158089686	1	0.282	0.118	0.164
Ikbkb	0.0172891930918795	-1.39193851431504	1	0.074	0.15	0.076
Dpp8	0.0173257485983485	-2.21619888743459	1	0.055	0.189	0.134
Pou2f1	0.0184766586556846	2.86655622768353	1	0.123	0.024	0.099
Ppp1r12c	0.0187211394082035	0.926555832531573	1	0.282	0.134	0.148
Mtmr3	0.018849782844042	-0.860429194694371	1	0.196	0.323	0.127
Gbf1	0.0190068749594191	2.0136173216006	1	0.196	0.071	0.125
Sema5a	0.0191802635920868	0.794774038754239	1	0.423	0.299	0.124
Soga1	0.019634970137402	-1.22487414971666	1	0.092	0.165	0.073
Rap1a	0.0198849816798947	0.661927451937886	1	0.528	0.378	0.15
Mprip	0.0207166165188779	0.29195095265964	1	0.546	0.496	0.05
Iars2	0.0208346935914457	1.83962929747207	1	0.11	0.031	0.079
Il6st	0.0208782117939611	-0.496109525764475	1	0.074	0.142	0.068
Pkn2	0.0209272313358809	0.335993469546677	1	0.209	0.11	0.099
Plekhg3	0.0212720969892169	0.504674735493228	1	0.589	0.472	0.117
Serbp1	0.02139967843035	1.95764746464565	1	0.129	0.031	0.098
Terf1	0.021894371682237	1.82757537703865	1	0.19	0.055	0.135
Pla1a	0.0224245369820619	-0.868920983119586	1	0.196	0.283	0.087
Vti1a	0.0225330117758526	0.757158434607762	1	0.307	0.189	0.118
Ppfibp1	0.0226133201220875	1.10239218346416	1	0.16	0.094	0.066
Akap7	0.0226208203713048	0.267862543582009	1	0.325	0.307	0.018
Ctnna3	0.0232838689624321	1.15623184561932	1	0.313	0.213	0.1
Sil1	0.02353868712905	2.31807548240923	1	0.153	0.039	0.114
Supt20	0.0245392814237746	-1.01287575441213	1	0.074	0.165	0.091
Slc12a2	0.025320163363494	-0.591218313434224	1	0.472	0.465	0.00699999999999995
Pcca	0.0255350081228471	-0.446878679579672	1	0.393	0.465	0.072
Inf2	0.0258527276500167	-1.47841471919419	1	0.049	0.134	0.085
Rgs7bp	0.0262515901722718	2.58063613977025	1	0.123	0.031	0.092
Cnot10	0.0265437902481289	2.33235956881052	1	0.172	0.039	0.133
Tmem260	0.0267438164825527	-1.95651752482741	1	0.037	0.102	0.065
Etfa	0.0271304363258502	-0.801274787855292	1	0.098	0.118	0.02
Cdh4	0.0271960827661388	-1.28929372827773	1	0.049	0.134	0.085
Col4a4	0.0272549075993497	-0.960619333269851	1	0.117	0.197	0.08
Nf2	0.0272819827714918	-1.54273014735394	1	0.067	0.11	0.043
Lrp6	0.027345443162188	1.0057560434722	1	0.202	0.094	0.108
Per3	0.0276876373156909	-1.39808345261654	1	0.086	0.181	0.095
Sh3pxd2a	0.0278633729446841	2.03665135049643	1	0.11	0.039	0.071
Map4k3	0.0280471811450711	0.541773789442667	1	0.184	0.165	0.019
Mboat2	0.0282360396588448	-0.168173146864411	1	0.276	0.331	0.055
Map4	0.0285809310679407	-0.481320170761282	1	0.423	0.449	0.026
Phkb	0.0291367399807321	-0.123378586443701	1	0.196	0.165	0.031
Insr	0.0299699711228933	0.254471765706362	1	0.417	0.291	0.126
Wsb1	0.0307083681848739	-1.12647062949189	1	0.067	0.118	0.051
Aebp2	0.0307353415693373	1.7807553315944	1	0.123	0.047	0.076
Ppp2r2a	0.0309580745376992	0.301234639228299	1	0.202	0.102	0.1
Ryk	0.0322017476347473	-1.30861588760296	1	0.135	0.22	0.085
Wasl	0.0329746341054314	-1.57359984880399	1	0.049	0.126	0.077
Itpr1	0.0331088079042639	0.378825483416253	1	0.773	0.685	0.088
Tnxb	0.0331897692929995	-0.441351049849559	1	0.19	0.315	0.125
Myof	0.033517335037578	-1.39853661780122	1	0.055	0.102	0.047
Hmg20b	0.0339453865534636	-1.8754854391555	1	0.031	0.102	0.071
Ints9	0.0345198355013835	-1.02038035744862	1	0.074	0.142	0.068
2210408I21Rik	0.0352447733213749	0.702159190593434	1	0.135	0.047	0.088
Ski	0.0354405832163975	0.703494898968985	1	0.209	0.118	0.091
Kctd1	0.0356474111538631	-1.12811690183223	1	0.16	0.22	0.06
Smarcd3	0.036325172574184	1.90712642974465	1	0.129	0.055	0.074
Cobll1	0.0372305818947517	0.140376753188985	1	0.681	0.772	0.091
Dctn4	0.0378643523695462	-1.54472659151806	1	0.049	0.126	0.077
Abi2	0.0385504135393365	2.67940466642896	1	0.117	0.024	0.093
Lzts2	0.0392729568112663	0.692042284151917	1	0.153	0.102	0.051
Mob2	0.0395522664945655	1.21060642508265	1	0.245	0.134	0.111
Ppara	0.0396974030152797	-0.943133640140747	1	0.043	0.11	0.067
Ythdc1	0.0406148957306076	1.08987834357653	1	0.184	0.087	0.097
Top1	0.0408800947616293	1.03534860570788	1	0.172	0.118	0.054
Dcaf1	0.0415515785300676	1.7484940558948	1	0.129	0.047	0.082
Ube2i	0.0415821667147335	1.142666619731	1	0.129	0.071	0.058
Rspry1	0.0422923004575567	1.42534069957976	1	0.135	0.039	0.096
Nhsl2	0.0424859346791651	1.54231171637453	1	0.153	0.055	0.098
Cdkal1	0.0427691616367573	0.163884726493125	1	0.27	0.181	0.089
Atg3	0.0428872995390319	-2.40712988602941	1	0.025	0.102	0.077
Igf1r	0.04348592378592	0.638817818865286	1	0.564	0.402	0.162
Ptpn13	0.0435339078368768	-1.16788563115888	1	0.08	0.165	0.085
Msl1	0.0436014986250205	-2.32167392925184	1	0.031	0.102	0.071
Sipa1	0.0437993017790645	-1.3563864917041	1	0.074	0.15	0.076
Rb1	0.0440929865761582	-0.668847753264531	1	0.117	0.205	0.088
Ntrk3	0.0446642489478111	1.52147430195725	1	0.178	0.079	0.099
Ccnt2	0.0449028771903136	-1.15290871164679	1	0.092	0.181	0.089
Rapgef6	0.0458948324888421	0.475657648415579	1	0.184	0.157	0.027
Fubp1	0.0464668157793181	-1.10661093279759	1	0.129	0.228	0.099
Bcar1	0.0470769224110141	-1.18264042556338	1	0.055	0.126	0.071
Col4a6	0.0473558782174937	1.29525446533208	1	0.178	0.118	0.06
Trpm7	0.0473982311275492	-1.31735589721661	1	0.153	0.244	0.091
Rabgap1l	0.0474655978007741	-0.982427042019829	1	0.135	0.189	0.054
Csnk1g1	0.0480056938948439	-1.08314033692513	1	0.215	0.291	0.076
Plcb1	0.0483955674428625	-1.16581256804568	1	0.074	0.11	0.036
Lrp1	0.0484655499838021	-1.52934125214046	1	0.067	0.173	0.106
Rab8b	0.0485884814107532	1.14904114173649	1	0.129	0.063	0.066
Prrc2c	0.048653730425001	0.719325659631661	1	0.301	0.205	0.096
Taf1d	0.0487009203002989	1.82370059638454	1	0.11	0.031	0.079
Zcchc7	0.0489921164974671	0.334949627921971	1	0.479	0.315	0.164
Eng	0.0493495466481722	0.989039981025662	1	0.202	0.118	0.084
Ppp4r3b	0.0495206037361671	-1.79255768292402	1	0.055	0.126	0.071
Tgfbrap1	0.0503455780980349	-1.53855556131304	1	0.049	0.102	0.053
Ubap2	0.0505415870858484	2.57055578826678	1	0.117	0.024	0.093
Nr1d1	0.0513220069182977	-1.07403496842301	1	0.061	0.15	0.089
Tmem245	0.0521825266891099	0.727323065418511	1	0.123	0.079	0.044
Gja4	0.0523791032702045	1.16144831859367	1	0.123	0.063	0.06
Nr1d2	0.0528244212659525	-0.523171595110809	1	0.325	0.402	0.077
Parp12	0.0530387839701342	-0.934264483261918	1	0.061	0.126	0.065
Rab2a	0.0531479251016788	0.974185279482978	1	0.227	0.118	0.109
Clk1	0.0546050944732549	-0.285729988422079	1	0.417	0.402	0.015
2900026A02Rik	0.0548109071623453	1.40431130707751	1	0.129	0.063	0.066
Unk	0.0549604951101019	-1.97622578463946	1	0.037	0.134	0.097
Fndc3a	0.0551120009150962	0.773094688148052	1	0.196	0.142	0.054
Rab11b	0.0552858911457702	-1.45945707040297	1	0.055	0.118	0.063
Trappc8	0.0558894076779609	1.23902174929294	1	0.104	0.071	0.033
P3h2	0.0562329073991674	0.371023973694737	1	0.117	0.071	0.046
Sec63	0.0562541115485056	1.66177147714636	1	0.123	0.039	0.084
Setbp1	0.0566898542787185	0.694466509994311	1	0.301	0.205	0.096
Gpc6	0.0572592835188153	0.392666428409783	1	0.755	0.732	0.023
Cdk6	0.0578635301967765	-0.305806258524199	1	0.227	0.331	0.104
Grk3	0.0581416550699843	-1.02824361919538	1	0.117	0.22	0.103
Cr1l	0.0582621989904097	-1.06509738210344	1	0.135	0.22	0.085
Huwe1	0.0586871831477383	0.655104200950212	1	0.374	0.22	0.154
Egfr	0.0589168237246196	0.845069090511548	1	0.172	0.063	0.109
Txndc11	0.0597315871193676	-1.49828395620716	1	0.061	0.118	0.057
Trpc3	0.0600871065773515	0.256517362283402	1	0.656	0.614	0.042
Col4a1	0.0604778896432115	0.729682028241681	1	0.313	0.244	0.069
Samd4	0.0607871722888451	0.93368120413921	1	0.35	0.228	0.122
Ppm1a	0.0608142199388696	1.80793847671045	1	0.104	0.024	0.08
Mkln1	0.0610107316787791	0.649951077491848	1	0.423	0.291	0.132
Zbtb46	0.0614254012981311	-1.25214377597961	1	0.055	0.118	0.063
Rapgef2	0.0616170973802133	-0.676340396045464	1	0.485	0.551	0.0660000000000001
Sdc3	0.0617106957067571	1.12555606370301	1	0.135	0.071	0.064
Rora	0.0619911370499219	-0.465373379562121	1	0.865	0.921	0.056
Qser1	0.0622736850635425	1.83776277128962	1	0.153	0.039	0.114
Slc1a3	0.0624455306913157	-1.91771464284964	1	0.049	0.11	0.061
Gpcpd1	0.0638470142016861	0.288869979067353	1	0.466	0.465	0.001
Rab11fip2	0.0640765613034546	-1.62868450595884	1	0.031	0.102	0.071
Foxo3	0.0641428549019405	1.92110272058519	1	0.129	0.047	0.082
Sh3bgrl	0.0646632757733347	0.469119969082056	1	0.239	0.228	0.011
Tut4	0.0651578034161342	0.976357340949994	1	0.258	0.126	0.132
Atxn1	0.0651584515699923	-0.157135881421556	1	0.27	0.189	0.081
Usp47	0.0651725203380306	-0.650962549610435	1	0.215	0.276	0.061
Eif4g3	0.0653358984123337	0.426160392851842	1	0.092	0.118	0.026
Kansl1	0.0656228932557098	-0.469775660242863	1	0.417	0.504	0.087
Ggnbp2	0.0657411798950009	0.161017848864682	1	0.166	0.087	0.079
Agmo	0.0661153305114623	-1.75315153526137	1	0.086	0.173	0.087
Ggta1	0.0669493524762415	0.707718541652802	1	0.252	0.157	0.095
Cilk1	0.0671280940295672	1.03236801020898	1	0.117	0.087	0.03
Ctdsp2	0.0672951470360748	1.03012906749325	1	0.123	0.071	0.052
Nck2	0.0677255032306723	0.831598726566788	1	0.258	0.165	0.093
Marchf6	0.0677955752463383	0.273320340194617	1	0.227	0.22	0.00700000000000001
Ankrd11	0.0680879886089936	0.637822745528054	1	0.368	0.22	0.148
Prr5l	0.0683423466487913	-0.286185624597462	1	0.098	0.15	0.052
Hdac9	0.068751079274847	0.945658366589033	1	0.16	0.118	0.042
Tnrc6c	0.0688118971111323	0.434575101154635	1	0.429	0.339	0.09
Wac	0.0688448108069476	0.610552804901072	1	0.294	0.213	0.081
Mat2a	0.0689460373495249	0.543016697647789	1	0.117	0.094	0.023
Arglu1	0.0691129811028645	-0.143478640852146	1	0.178	0.228	0.05
Kcnq4	0.070479263861825	2.06910061303938	1	0.104	0.031	0.073
Ano4	0.0714739760968045	-0.685617914821674	1	0.442	0.48	0.038
Gstt2	0.0716467997339085	-1.04599667532883	1	0.092	0.197	0.105
Tef	0.0716730802059578	-0.690949585485903	1	0.202	0.283	0.081
Fbxo11	0.0717797472601864	0.938717814539721	1	0.252	0.157	0.095
Uimc1	0.0719567696021139	-1.32197424306508	1	0.067	0.157	0.09
Srcap	0.0723767085486491	1.43538546180133	1	0.202	0.071	0.131
Kat2b	0.0725862600742742	0.80517861871383	1	0.196	0.142	0.054
Rictor	0.0726903718275992	1.22226157196186	1	0.19	0.079	0.111
Cenpp	0.0730632213926648	-1.67796477088417	1	0.043	0.102	0.059
Slco3a1	0.0731267727773905	-0.225819278558382	1	0.626	0.646	0.02
Kdm4c	0.073308644011842	0.951870148506624	1	0.153	0.047	0.106
Fars2	0.0737253231388066	-0.192919975803616	1	0.129	0.181	0.052
Sike1	0.0737515367375123	-1.1503631384901	1	0.08	0.142	0.062
Trpc4	0.0738948086771255	-0.702500067765809	1	0.344	0.504	0.16
Chn1	0.0746637928342843	-1.00507665754927	1	0.117	0.134	0.017
Tmem65	0.0756558616230646	-1.30028528254072	1	0.098	0.157	0.059
Snx18	0.0760427956458331	-0.962598071393511	1	0.067	0.11	0.043
Baz2b	0.0771808793569427	-0.75536265898609	1	0.319	0.394	0.075
Prpf4b	0.0776390902228405	0.451212077451727	1	0.429	0.323	0.106
Fam135a	0.0778227639066856	1.08726962930893	1	0.172	0.094	0.078
Shprh	0.0782046473434761	1.54851884347091	1	0.104	0.047	0.057
Rab31	0.0787773737179299	-1.53306077740652	1	0.049	0.11	0.061
Elp4	0.0790098838004461	0.333313159356375	1	0.147	0.157	0.01
Pde4d	0.0797943888306751	0.493856548376853	1	0.785	0.701	0.0840000000000001
Pum2	0.0801125040720242	0.938288390310015	1	0.233	0.142	0.091
Septin8	0.0804867920117341	-1.21904912451169	1	0.067	0.157	0.09
Nipbl	0.0813720066166844	-0.262372133635118	1	0.472	0.441	0.031
Col5a2	0.0824832180253325	-0.454501647893486	1	0.092	0.142	0.05
Immp2l	0.0828307058370099	0.779999860121415	1	0.239	0.213	0.026
Atf7ip	0.0830229935515917	-0.507273780173321	1	0.196	0.228	0.032
Timp3	0.0833036521935018	-1.19328143914127	1	0.098	0.181	0.083
Rock1	0.0834950532615746	0.676212958742331	1	0.577	0.488	0.089
Zfand6	0.0842544845967979	0.634167624177269	1	0.276	0.165	0.111
Zfp467	0.0847286456761261	-0.561698329895061	1	0.08	0.126	0.046
Ptn	0.0854946522826929	-0.512024918096316	1	0.589	0.685	0.0960000000000001
Dazap1	0.085794359604199	-1.1995910645278	1	0.074	0.126	0.052
Epc2	0.0858404786893752	-0.401503116160788	1	0.196	0.197	0.001
Mllt3	0.0861163947439517	0.271182049221363	1	0.589	0.583	0.00600000000000001
Errfi1	0.086223448838846	1.17815014653051	1	0.117	0.087	0.03
Abi1	0.0863421618016405	-0.32423322040427	1	0.123	0.142	0.019
Plekhg2	0.0869515916141395	-0.606946049483623	1	0.209	0.291	0.082
Usp8	0.0869674599972334	-2.6338568241543	1	0.018	0.102	0.084
Kcnma1	0.0871852976323996	1.06282687239807	1	0.202	0.134	0.068
Gnb1	0.0879865462869855	0.983390575306555	1	0.178	0.134	0.044
Tdrd3	0.0880076909550284	1.32491696865681	1	0.172	0.079	0.093
Wnt5b	0.0880187420228368	0.818235339293652	1	0.172	0.11	0.062
Sorbs1	0.0882272517294361	0.109850481002032	1	0.558	0.433	0.125
Mitf	0.0895961814400598	-1.08952201669737	1	0.098	0.157	0.059
Frk	0.0897198932372116	-0.717029805926205	1	0.215	0.205	0.01
Trim12a	0.0897322597377165	-0.271465226192697	1	0.104	0.071	0.033
Daam1	0.0913369963498441	0.372515671208343	1	0.448	0.331	0.117
Eif4ebp2	0.0913440132444632	1.24600716008563	1	0.153	0.087	0.066
Tmem45a	0.0921513044762724	0.736093005987462	1	0.135	0.079	0.056
Pygm	0.0926212754062969	-1.21965576253262	1	0.043	0.102	0.059
Rapgef5	0.0927106615196547	-0.273751956174845	1	0.638	0.717	0.079
Jak2	0.0934276950805748	-1.23721922196177	1	0.123	0.205	0.082
Tmx3	0.0940017019675199	-1.22000957028703	1	0.074	0.142	0.068
Adcy5	0.0946489744450597	1.63194585288285	1	0.166	0.087	0.079
Entpd1	0.0959922439438107	0.85842829074695	1	0.178	0.094	0.084
Cers4	0.0967081819517493	1.93182631500006	1	0.117	0.039	0.078
Sptbn1	0.0968126867082757	-0.350057291430792	1	0.761	0.764	0.003
Tanc1	0.097066389128338	1.74458750731231	1	0.123	0.063	0.06
Gjc1	0.0982215184765537	0.46852752157923	1	0.436	0.386	0.05
Rgs6	0.0989142436194921	0.100262012577491	1	0.405	0.472	0.0669999999999999
Lrch1	0.0992019656498137	1.05813791639184	1	0.288	0.181	0.107
Tbx3	0.0993704350797894	-0.783694218811793	1	0.129	0.15	0.021
Cog5	0.0999550292103259	1.03680344584135	1	0.153	0.087	0.066
Dtx3	0.100062042392822	-0.790069825454003	1	0.239	0.268	0.029
Sesn3	0.100396804015426	-1.28821020405912	1	0.08	0.134	0.054
Vps13a	0.10062913394136	-0.473344707669886	1	0.104	0.15	0.046
Dennd2b	0.101135844161154	-0.496021728763378	1	0.577	0.654	0.0770000000000001
Dysf	0.101800608824647	0.43422716390473	1	0.221	0.142	0.079
Rsbn1l	0.102089155686965	-0.501273264123641	1	0.166	0.157	0.00900000000000001
Spag9	0.102125773667894	-0.296543688447628	1	0.184	0.189	0.005
Atp2a2	0.102508970208109	1.07536153956261	1	0.19	0.087	0.103
Rprd2	0.102729196466642	-0.141487100468311	1	0.123	0.142	0.019
Sox5	0.102944338350149	0.304367115849695	1	0.92	0.866	0.054
Ptpn9	0.103428269446733	-0.146537026602758	1	0.466	0.37	0.096
Comt	0.103516045321369	-2.11609271437209	1	0.037	0.118	0.081
Rhoq	0.103971653072187	1.63647544065923	1	0.11	0.047	0.063
Ralgapa1	0.104162457039388	0.320978482798329	1	0.497	0.37	0.127
Esam	0.104787440247881	-1.19617163501385	1	0.104	0.181	0.077
Ccnl1	0.105234350954687	0.657913409706991	1	0.16	0.118	0.042
Capzb	0.105472352489648	0.336831983413039	1	0.135	0.11	0.025
Top2b	0.105607755018008	-0.981708202571969	1	0.147	0.22	0.073
Prr14	0.105742055708961	-1.18407589932102	1	0.092	0.15	0.058
Ncoa3	0.105844262898415	0.38499529495883	1	0.245	0.197	0.048
Ntn4	0.106857029474533	1.22826186850867	1	0.337	0.205	0.132
Bicc1	0.107315174686066	-0.442690512932101	1	0.294	0.346	0.052
Pten	0.108218823644013	-0.531049659883883	1	0.607	0.717	0.11
Fzd6	0.108480366910379	-0.609055336564541	1	0.282	0.378	0.096
Phf2	0.108890712521095	-1.2747704315478	1	0.086	0.142	0.056
Exoc6b	0.10957006561644	0.671343732937406	1	0.417	0.252	0.165
B230219D22Rik	0.10996683179586	-1.09500207847588	1	0.067	0.126	0.059
Cyp20a1	0.110187145480276	0.985743767529112	1	0.123	0.087	0.036
Raph1	0.110934332603	0.483196465408428	1	0.417	0.323	0.094
Gulp1	0.111005068597289	0.594134921691867	1	0.227	0.197	0.03
Gprc5c	0.11156340747966	0.501375034502505	1	0.252	0.15	0.102
Lrch3	0.112459617677264	0.805669370437243	1	0.282	0.142	0.14
Pced1b	0.112571206189302	-1.0739516672285	1	0.19	0.213	0.023
Ldlr	0.113185416841001	-1.34456602486013	1	0.092	0.173	0.081
Tmem87a	0.11558909100173	0.930783990963436	1	0.172	0.102	0.07
Nhs	0.116931998608172	0.386842494517559	1	0.221	0.205	0.016
Tom1l2	0.116957339363677	0.515916627720519	1	0.166	0.094	0.072
Atp8b1	0.117404869886476	-0.211969659671322	1	0.11	0.157	0.047
Scaper	0.117755543402718	1.51741295745924	1	0.147	0.071	0.076
Ank2	0.118843472357481	-0.940104365688074	1	0.362	0.48	0.118
Slc16a12	0.119529858902249	-0.79564095985387	1	0.362	0.457	0.095
Pawr	0.120567122895153	1.74183872995705	1	0.135	0.063	0.072
Ints8	0.120901861983664	0.381689614710286	1	0.172	0.11	0.062
Mapkap1	0.120941378133886	-0.318343359629517	1	0.141	0.197	0.056
Dcbld1	0.122377953206037	0.422569348930698	1	0.141	0.063	0.078
Dnajc5	0.122738816018324	-1.44842129108402	1	0.043	0.11	0.067
Cdc40	0.123036940929444	-2.0577726799855	1	0.043	0.118	0.075
Prdm16	0.123208445569713	0.780046979513975	1	0.153	0.087	0.066
Ube3c	0.123676461436276	0.829848592755949	1	0.11	0.079	0.031
Wwc2	0.124019222277834	-0.528877512315397	1	0.202	0.205	0.00299999999999997
Esyt2	0.124356760408458	0.7236269520927	1	0.331	0.26	0.071
Asap1	0.124846153961058	-0.317622591866482	1	0.239	0.291	0.052
Abcb7	0.125406470565852	-1.14416721765436	1	0.086	0.165	0.079
Tra2b	0.12602160832117	-0.673238867852682	1	0.153	0.205	0.052
Zic1	0.12615111996999	-0.728137410203675	1	0.301	0.402	0.101
Carmil1	0.12640717408804	0.321632894453185	1	0.515	0.386	0.129
Rnf38	0.127808322714359	-0.513861724402129	1	0.16	0.157	0.003
Pde3a	0.128034971989686	0.592491034556955	1	0.558	0.488	0.0700000000000001
Fnbp4	0.128504368016657	0.893338588629629	1	0.123	0.094	0.029
Nup98	0.128644622257729	0.642190882523655	1	0.147	0.102	0.045
Actb	0.128911213544934	0.32044318735472	1	0.233	0.173	0.06
Gucy1b1	0.129139168230064	0.585281629240767	1	0.472	0.37	0.102
Lamp2	0.13105058284995	-1.32540600303561	1	0.043	0.11	0.067
Pald1	0.131156196213166	0.308762373165889	1	0.356	0.315	0.041
Stk39	0.131527448318506	0.435764209834108	1	0.509	0.457	0.052
Lrba	0.132285656324564	0.483219955823328	1	0.282	0.157	0.125
Urgcp	0.132351562452937	1.35916608097671	1	0.129	0.047	0.082
Rtn3	0.133715664493522	1.76241130828055	1	0.141	0.047	0.094
Afap1	0.133822338780533	0.711028349808298	1	0.19	0.126	0.064
Eps15l1	0.133969467914596	2.07528709106205	1	0.104	0.031	0.073
Arfgef1	0.134186656447478	-1.07473454786623	1	0.104	0.157	0.053
Dennd5b	0.134375106526864	0.827211453573906	1	0.178	0.094	0.084
Eln	0.134440913687149	0.918218913226076	1	0.196	0.118	0.078
Spred2	0.134821975556525	-1.72018851169027	1	0.031	0.102	0.071
Srsf4	0.135166707726808	-1.0561308228457	1	0.123	0.189	0.066
ENSMUSG00000121513	0.135496771904936	0.360968471303122	1	0.411	0.307	0.104
Polr2a	0.136147196119626	-0.96229362843897	1	0.092	0.134	0.042
Slc30a10	0.1364522031136	-0.693023302440974	1	0.282	0.37	0.088
Itch	0.136713180352802	-0.724151938994792	1	0.202	0.26	0.058
Lhfp	0.13725279917808	0.389673733356764	1	0.748	0.614	0.134
Khdrbs1	0.137416672006306	-0.736399181844969	1	0.129	0.157	0.028
Hnrnpa3	0.137817794209589	-0.835462657357762	1	0.215	0.339	0.124
Ndufs4	0.138565067630678	0.967425654943325	1	0.123	0.063	0.06
Dennd5a	0.139808812326113	0.658918965090726	1	0.209	0.126	0.083
Wapl	0.140449145670666	-0.680782092971498	1	0.153	0.244	0.091
Nab1	0.140469815315065	-0.367804966105761	1	0.092	0.102	0.01
Pbx1	0.141115471811628	0.335663646502562	1	0.577	0.417	0.16
Pld1	0.141553353624201	-0.327948608922611	1	0.491	0.472	0.019
Dpysl3	0.143081040655837	-0.267092465843923	1	0.092	0.142	0.05
Ctnnd1	0.143221726416029	0.510883050575207	1	0.38	0.228	0.152
Tra2a	0.143618447827533	0.933639796064214	1	0.325	0.157	0.168
Ptp4a3	0.14379969207409	-1.0236695708468	1	0.08	0.15	0.07
Flna	0.14499784403617	0.751856702371378	1	0.331	0.283	0.048
Ppm1d	0.145379332137141	0.95555354758895	1	0.104	0.055	0.049
Ss18	0.145720789067973	-1.04534684606676	1	0.098	0.173	0.075
Dock9	0.146330067627502	0.611328175260652	1	0.27	0.181	0.089
Pid1	0.146500937238423	-0.430639560752468	1	0.607	0.669	0.0620000000000001
Klf13	0.147451727117901	-1.32509760032608	1	0.092	0.157	0.065
Myh9	0.147951251233392	0.363942271574487	1	0.521	0.362	0.159
Msi2	0.148159178169094	-0.428276911279477	1	0.485	0.567	0.082
Nrxn1	0.148320112391851	-0.748718291243866	1	0.184	0.331	0.147
Frmd6	0.14891100565635	0.714109346863235	1	0.252	0.181	0.071
Arhgap5	0.150136383965149	-0.637751426150426	1	0.055	0.118	0.063
Smad2	0.150848189429546	-1.59972841515982	1	0.043	0.118	0.075
Atad2b	0.1510616205264	-0.182399888171219	1	0.227	0.205	0.022
Ppp6r3	0.151929517772823	0.808746315191001	1	0.221	0.15	0.071
Cacnb2	0.151955677995033	0.463192301475357	1	0.472	0.37	0.102
Kdm2a	0.152054483207781	0.308042449567027	1	0.27	0.181	0.089
Kirrel	0.152059632739202	-0.671121758858291	1	0.19	0.244	0.054
Enox2	0.152301862613398	-0.54957123830699	1	0.196	0.22	0.024
Nr3c2	0.152964500051082	-0.48423936362439	1	0.429	0.528	0.099
Adcy9	0.15468303260101	0.695904305476177	1	0.485	0.339	0.146
Zswim6	0.155267575328309	-0.286423794233695	1	0.123	0.134	0.011
Ddx3x	0.155551941967979	-0.232544323706126	1	0.19	0.173	0.017
Ambra1	0.155566605436299	0.152282460894519	1	0.264	0.26	0.004
Hdac8	0.156121377499446	1.12211975781559	1	0.123	0.047	0.076
Mga	0.156726923659711	1.33470028369334	1	0.202	0.087	0.115
Rsrc2	0.156847743098121	-0.832236105389838	1	0.074	0.118	0.044
Atl3	0.157730768176719	0.633544091676662	1	0.147	0.071	0.076
Sos2	0.158171222083655	-0.48965046011133	1	0.307	0.307	0
Zfp638	0.15888973588731	-0.578363762758987	1	0.245	0.291	0.046
Dag1	0.159073192944416	0.668353434528054	1	0.264	0.165	0.099
Taok1	0.159598605705193	0.677079208740127	1	0.123	0.094	0.029
Ino80	0.159669727194629	1.35461284834002	1	0.184	0.071	0.113
Mcam	0.159691683002504	0.404429123741606	1	0.258	0.165	0.093
Arhgap31	0.161173491835549	-0.630104064704431	1	0.258	0.315	0.057
Fyco1	0.161687836017108	-1.6059723867822	1	0.061	0.126	0.065
Atrx	0.16464022357037	0.506320315601759	1	0.393	0.323	0.07
Snrnp70	0.164884480211889	-1.03370182025223	1	0.055	0.11	0.055
Ap2b1	0.164951670817629	-0.970843710869737	1	0.08	0.118	0.038
Notch3	0.165926024471023	-0.423534254116513	1	0.761	0.874	0.113
Ncor1	0.166600325368753	-0.21647382136394	1	0.368	0.315	0.053
Fxr1	0.166752495662358	1.058583797562	1	0.178	0.087	0.091
Ppp2r5e	0.166786720824656	1.50581662084602	1	0.153	0.047	0.106
Itpr2	0.167582022925211	-0.306772535018108	1	0.571	0.622	0.051
Dis3l2	0.168025462185148	0.75361839682275	1	0.166	0.102	0.064
Mill2	0.168972529126955	0.375784453298879	1	0.337	0.323	0.014
Wrn	0.169461407324103	0.934897223664555	1	0.117	0.071	0.046
Stim1	0.17045164571228	-0.559592649042124	1	0.196	0.26	0.064
Atp2c1	0.171220344916751	-0.15290674398061	1	0.074	0.102	0.028
Epas1	0.171535351454786	0.614463102743215	1	0.393	0.26	0.133
Cab39l	0.171846827660635	0.105093816165057	1	0.074	0.102	0.028
4930523C07Rik	0.173515357371326	0.777602426972858	1	0.215	0.134	0.081
Dip2c	0.174081925235672	0.419504474798	1	0.35	0.22	0.13
Tax1bp1	0.175669067948903	1.13413738544256	1	0.172	0.087	0.085
Pibf1	0.175854858933959	0.125420096288342	1	0.147	0.157	0.01
Ankrd50	0.175983782335825	-0.868527295042223	1	0.123	0.213	0.09
Epn2	0.176268485362111	0.771649070640929	1	0.282	0.189	0.093
Rere	0.177783582374084	-0.416327889538225	1	0.583	0.646	0.0630000000000001
Cdc42bpb	0.179389723212597	-0.821018520694133	1	0.074	0.134	0.06
Atp10a	0.180342648830153	0.88244267497374	1	0.123	0.071	0.052
Mical3	0.180681032879239	1.02825092523518	1	0.178	0.118	0.06
Pkd1	0.18142826633607	0.437045601851519	1	0.19	0.134	0.056
Mib1	0.182508816433064	-0.682648535359789	1	0.117	0.126	0.00899999999999999
Tns3	0.182585059221143	-1.38089162470847	1	0.074	0.142	0.068
Ints6l	0.182989651037571	-0.69887024926747	1	0.16	0.22	0.06
Neo1	0.185572083579618	0.966314831273066	1	0.104	0.055	0.049
Septin4	0.185781352666708	0.244624550014116	1	0.429	0.331	0.098
Kif13a	0.186058153511601	-0.59958221365566	1	0.135	0.197	0.062
Dmd	0.186263924234613	0.406673955433035	1	0.834	0.772	0.0619999999999999
Cnot6l	0.186637261243786	0.719350664458691	1	0.153	0.079	0.074
Itga9	0.186756953203667	1.28089891230933	1	0.153	0.087	0.066
Kank1	0.19050995104215	1.00924196592431	1	0.129	0.079	0.05
Hipk1	0.191171081059564	-0.815238331494146	1	0.129	0.189	0.06
Tlk1	0.191307211044892	1.27426758400418	1	0.135	0.047	0.088
Pkig	0.191776721451706	-1.0171232075431	1	0.092	0.142	0.05
Matr3	0.192020011878347	0.675094833224482	1	0.19	0.118	0.072
Arhgef25	0.192273641029142	-0.9321404764382	1	0.08	0.142	0.062
Cemip2	0.192468687789532	-0.468521504880243	1	0.245	0.268	0.023
Nfia	0.192705187110382	0.159522991339514	1	0.761	0.732	0.029
Phldb1	0.193047837932086	-1.21789224637241	1	0.08	0.157	0.077
Zranb1	0.19312617517549	1.15914060222555	1	0.129	0.063	0.066
Zfyve9	0.193683082109895	0.533544006368151	1	0.135	0.118	0.017
Epc1	0.196360861511282	-1.26231881927591	1	0.086	0.157	0.071
Snx24	0.197831078158829	-1.15916084961093	1	0.086	0.15	0.064
Usp25	0.198310057168534	-0.434547037756375	1	0.344	0.315	0.029
Gabpb2	0.198310230005778	0.824765938012658	1	0.166	0.094	0.072
Slit3	0.198426049013697	0.885208527916593	1	0.135	0.047	0.088
Elk3	0.198517686039082	1.3314592650823	1	0.135	0.047	0.088
Ubr2	0.198734522203333	-0.698044114837378	1	0.141	0.197	0.056
Lsamp	0.199240806643904	-0.515904920182361	1	0.669	0.764	0.095
Znrf3	0.199254816745678	-0.39017943376864	1	0.276	0.268	0.00800000000000001
Zc2hc1a	0.199992364390641	0.549890888043631	1	0.196	0.189	0.00700000000000001
Cped1	0.200250358651359	-0.273191401755891	1	0.613	0.693	0.08
Rbpms2	0.201048680808848	-0.721521846430502	1	0.166	0.22	0.054
Gli3	0.201548160011826	-0.710713227992709	1	0.129	0.15	0.021
Ngly1	0.202501921359354	1.06223275851362	1	0.135	0.063	0.072
Ogt	0.203120829690618	-0.211562331275144	1	0.485	0.535	0.05
Rassf3	0.20361306174461	0.943670894921631	1	0.153	0.087	0.066
Fmnl3	0.20462111645014	1.30340517197952	1	0.141	0.079	0.062
Man2a1	0.204885800905214	-0.716998746584509	1	0.141	0.213	0.072
Cysltr2	0.205987415323404	0.750129138398108	1	0.196	0.118	0.078
Pitpnm2	0.206162427503191	0.564191512227207	1	0.184	0.102	0.082
Tgfbr3	0.206343532302286	-0.799756686468938	1	0.153	0.22	0.067
Hnrnph1	0.207532622040602	-0.500381142614046	1	0.166	0.173	0.00699999999999998
Amn1	0.207688607366137	0.487943910232871	1	0.123	0.087	0.036
Trim44	0.208337964618214	0.90155434507374	1	0.172	0.11	0.062
Tcf7l1	0.208382569268062	0.587283160582318	1	0.209	0.181	0.028
Pkd2	0.208850899977579	-0.417997309313974	1	0.239	0.283	0.044
Dyrk1a	0.208857700703087	0.486275947220405	1	0.196	0.126	0.07
Phactr2	0.211641239252387	-0.545599165046869	1	0.215	0.307	0.092
St6gal1	0.212137629677133	-0.209380492117546	1	0.368	0.346	0.022
Zbtb20	0.212531994388804	-0.182390979820283	1	0.969	0.992	0.023
Sorbs2	0.213518144717176	0.671721279815201	1	0.276	0.181	0.095
Pls3	0.216175542434227	0.961683924808448	1	0.282	0.213	0.069
Zbtb10	0.216554898620718	0.251840583235126	1	0.11	0.055	0.055
Zhx2	0.216754952474037	-0.194225165637366	1	0.172	0.205	0.033
Arhgef11	0.216803968917811	-0.917072856968772	1	0.129	0.205	0.076
Pla2r1	0.217013364814046	-0.679739833249388	1	0.252	0.354	0.102
Mndal	0.217883331942014	0.798941183346664	1	0.233	0.134	0.099
Anapc1	0.217902491009236	-0.543524395123187	1	0.123	0.173	0.05
Arhgap24	0.218870516394999	-0.516320983018467	1	0.147	0.165	0.018
App	0.219673587878297	-0.131426730602839	1	0.227	0.252	0.025
Heyl	0.219766232115548	0.631175675107608	1	0.215	0.126	0.089
Stt3b	0.220094167875161	-0.630735125352906	1	0.086	0.102	0.016
Ino80d	0.220228908695827	0.410350572476867	1	0.135	0.11	0.025
Ptbp3	0.222081106343235	-0.830675384363807	1	0.129	0.181	0.052
Btbd7	0.222211126315075	0.785720597478187	1	0.227	0.126	0.101
Crlf3	0.22358047939729	-0.884258324322055	1	0.202	0.291	0.089
Ppp1r12a	0.223941601323001	0.465383483341239	1	0.613	0.598	0.015
Dpf3	0.224317551110474	-0.611695936698795	1	0.117	0.126	0.00899999999999999
Vgll4	0.224512922865845	1.74457361488078	1	0.129	0.031	0.098
Smarcc2	0.225008432092695	0.736805085655653	1	0.104	0.063	0.041
Ttc3	0.225142906833778	1.57600785196882	1	0.16	0.047	0.113
Fam107b	0.225170438619359	0.356321737090939	1	0.196	0.126	0.07
Asxl2	0.225276976831262	-1.11796478684135	1	0.123	0.165	0.042
Csde1	0.225497878163346	-0.722499708911673	1	0.129	0.15	0.021
Arid1b	0.225709821985923	0.545078925856434	1	0.337	0.252	0.085
Papola	0.225728308746249	0.735536884233165	1	0.141	0.071	0.07
Srsf5	0.22612070419061	-0.80769703759553	1	0.27	0.331	0.061
Naa16	0.22845617189055	-0.190286639142136	1	0.104	0.118	0.014
Tcf4	0.228870559475329	-0.258791883748131	1	0.748	0.756	0.00800000000000001
Ackr3	0.229052237154127	-0.154958136848411	1	0.135	0.102	0.033
Abcg2	0.229673255977605	-0.647192270254519	1	0.104	0.157	0.053
Luc7l3	0.229925544106581	-1.40607491915595	1	0.067	0.134	0.067
Ldlrad3	0.230354785189356	0.739376436943818	1	0.178	0.142	0.036
Umad1	0.230915992295123	1.36890343535959	1	0.117	0.055	0.062
Dock11	0.23154522310333	-0.115563484581706	1	0.221	0.157	0.064
Il34	0.234349677099596	-0.658331990492501	1	0.479	0.472	0.00700000000000001
Art3	0.234656146698676	-0.570448687674708	1	0.344	0.394	0.05
Usp37	0.235822088342874	1.07736246528563	1	0.11	0.055	0.055
E130308A19Rik	0.237239891267201	-0.505195109479282	1	0.331	0.394	0.063
Map2k5	0.237597596151591	1.10087344556819	1	0.129	0.055	0.074
Birc6	0.238210829211037	-0.290169936372991	1	0.264	0.323	0.059
Kcnab1	0.238664773304562	0.705788295943635	1	0.258	0.181	0.077
Cblb	0.238777054235256	-0.484622249622768	1	0.196	0.236	0.04
Hmbox1	0.239486143423751	-0.428965987069679	1	0.221	0.26	0.039
Zfp609	0.240355992672334	0.906299245037604	1	0.172	0.118	0.054
Hey2	0.240779624835266	0.699106888107071	1	0.172	0.094	0.078
Kdm5a	0.24182041632669	-0.596541399782641	1	0.11	0.157	0.047
Ctnna1	0.242258039379446	-0.343976469057342	1	0.227	0.299	0.072
Ddit4l	0.242844118948733	1.02658154515388	1	0.135	0.063	0.072
Cab39	0.243308343596196	0.781632421919459	1	0.135	0.063	0.072
Arhgef40	0.244664967366663	-1.19031988451374	1	0.055	0.11	0.055
Yap1	0.24496154751803	0.43941138825056	1	0.184	0.173	0.011
Nid1	0.245563753665181	-0.117907751074673	1	0.344	0.283	0.061
Pcbd2	0.245693442256334	-1.59939088384713	1	0.061	0.15	0.089
Fip1l1	0.246029691653651	0.980040849056251	1	0.135	0.087	0.048
Serinc3	0.246208696857611	-0.814109482258792	1	0.147	0.236	0.089
Actn1	0.246215717242209	0.734908440029847	1	0.135	0.134	0.001
Ube2d2a	0.248080324409345	0.679566111289078	1	0.129	0.063	0.066
Cdyl	0.248414237863033	-1.06543179981457	1	0.061	0.102	0.041
Tnfrsf21	0.248802741987245	0.350979790062585	1	0.153	0.142	0.011
Clock	0.249688291118168	1.73200474720027	1	0.11	0.039	0.071
Jak1	0.251149757357205	-0.878592935713499	1	0.16	0.228	0.068
Gtf2i	0.25125196888306	1.00567730324339	1	0.123	0.063	0.06
Xrn2	0.251933520725882	0.158464062712054	1	0.08	0.102	0.022
Macf1	0.253480024753324	0.437687251402565	1	0.515	0.417	0.098
Aff1	0.254906884222673	0.115794313372547	1	0.307	0.244	0.063
Zfc3h1	0.255319701483829	-0.868569550925762	1	0.086	0.11	0.024
Vwa8	0.256164513167349	0.949306784506453	1	0.153	0.094	0.059
Phf20l1	0.256808683255891	0.54853234172895	1	0.16	0.134	0.026
Rheb	0.257240007209915	-0.738925554802378	1	0.074	0.102	0.028
Magi1	0.257772166625862	0.245831001139711	1	0.227	0.173	0.054
Bcas3	0.25831624717419	-0.371854247280724	1	0.436	0.433	0.003
Bmpr1a	0.25898669124167	0.460240061540117	1	0.362	0.228	0.134
Arhgap17	0.259866797530497	-1.21640258879126	1	0.092	0.157	0.065
Sbno1	0.259908702083673	-1.52234588371819	1	0.037	0.102	0.065
Dse	0.26065305443009	0.236655708750627	1	0.196	0.126	0.07
Rap1b	0.261177682267916	0.595827335126161	1	0.141	0.102	0.039
Klf7	0.261280277177454	-0.12493448473074	1	0.27	0.244	0.026
Rsrp1	0.26190241383158	-0.963407720489551	1	0.055	0.126	0.071
Zfp608	0.261938991934722	0.712177864766706	1	0.129	0.102	0.027
Casq2	0.261963190477974	0.68354201574822	1	0.129	0.087	0.042
Hnrnpa2b1	0.262435534824576	-0.372710082590761	1	0.368	0.402	0.034
Tec	0.262714525961518	-0.556593992754029	1	0.135	0.189	0.054
Tnfaip8	0.263436716593685	-0.686584938021509	1	0.123	0.181	0.058
Nbl1	0.264230849745915	-0.385491459933404	1	0.129	0.134	0.005
Itgav	0.264776430301687	-0.438462997855148	1	0.123	0.134	0.011
Kif13b	0.264878458110049	-0.586939058358258	1	0.11	0.157	0.047
Pik3ca	0.265551241999121	-0.625513287861568	1	0.196	0.252	0.056
Tgfbr2	0.265632672961642	-0.137018217372072	1	0.104	0.126	0.022
Zmynd8	0.268383424710661	0.157022743129401	1	0.104	0.063	0.041
Pip5k1b	0.269349273028528	0.281435191602504	1	0.577	0.504	0.073
C1qtnf7	0.269636250173626	0.507900360997576	1	0.313	0.236	0.077
Phka1	0.270128677589701	0.273804965619063	1	0.123	0.079	0.044
Fgf2	0.270376196714904	0.158424985242479	1	0.104	0.071	0.033
Foxn2	0.270557256052704	-0.711113402836691	1	0.092	0.102	0.01
Pnn	0.270725275060072	0.487600866066145	1	0.135	0.11	0.025
Mia2	0.272839399742799	-0.457282489766776	1	0.123	0.157	0.034
Gatm	0.27325438442045	-0.438491720312696	1	0.147	0.189	0.042
Elf1	0.274185236159274	1.18849846695069	1	0.123	0.071	0.052
Zfp207	0.274558526814666	0.795550571975736	1	0.104	0.063	0.041
Wwox	0.274639178773301	0.260975378124051	1	0.368	0.276	0.092
Abtb2	0.275056106878547	0.280551830736788	1	0.135	0.126	0.00900000000000001
Ppard	0.275143269721444	-0.481963207559204	1	0.16	0.22	0.06
Inpp5f	0.275202057308191	-0.899577742872079	1	0.067	0.11	0.043
Eif4a2	0.275688893420116	0.241573302222087	1	0.16	0.134	0.026
Ythdf3	0.276063476391618	0.600570002508058	1	0.184	0.134	0.05
Usp9x	0.276800770662634	0.414572339530217	1	0.202	0.173	0.029
Bptf	0.277140665379586	1.36729347593982	1	0.147	0.055	0.092
Etv6	0.2772314326211	0.196850696926937	1	0.429	0.346	0.083
Ccm2	0.277537355154414	0.768113874895335	1	0.117	0.055	0.062
Tacc1	0.277949012317168	-0.501753122352781	1	0.35	0.394	0.044
Flt1	0.279389702235654	-0.358295860243093	1	0.184	0.26	0.076
Nbea	0.280699144432466	1.85372389918163	1	0.129	0.047	0.082
Atg4a	0.281179318991837	-0.715579977292383	1	0.135	0.15	0.015
Large1	0.281273914552635	0.847319805004953	1	0.307	0.197	0.11
Ankrd17	0.28128454763173	-0.494569802983789	1	0.301	0.291	0.01
Btaf1	0.282821065611436	-0.358495564871061	1	0.086	0.126	0.04
Pip4k2a	0.283352679814889	-0.469026319522128	1	0.067	0.118	0.051
Fer	0.287973465286965	0.514647016575455	1	0.233	0.15	0.083
Cnot1	0.288051573584889	1.0052522701322	1	0.104	0.039	0.065
Zfp644	0.28865234296528	1.17361179892583	1	0.184	0.102	0.082
Stard8	0.289585736450253	0.405946576400211	1	0.405	0.323	0.082
Sparcl1	0.290087228765884	-0.538014550077026	1	0.35	0.472	0.122
Uqcc1	0.290706260937733	0.486768448988293	1	0.135	0.094	0.041
Mipol1	0.291197419021017	1.15359367416431	1	0.129	0.063	0.066
Fgf13	0.2912132632854	1.50372960298772	1	0.129	0.071	0.058
Heg1	0.292176390947434	-0.469864169226823	1	0.337	0.386	0.049
Tiparp	0.292254430899089	-1.27008482613052	1	0.043	0.102	0.059
Dlg1	0.293516088176242	-0.331754540061997	1	0.117	0.173	0.056
Dmtf1	0.29367477039362	-1.03134386899733	1	0.086	0.165	0.079
Hectd1	0.293691019475713	-0.630842635087789	1	0.153	0.189	0.036
Pde1a	0.295746882008276	0.1862682107218	1	0.221	0.213	0.00800000000000001
Pias1	0.296275639831053	-0.518757048855414	1	0.239	0.299	0.06
Fam110b	0.296572274582135	1.06567092052104	1	0.196	0.087	0.109
Calcrl	0.296950157141825	-0.923962756193644	1	0.08	0.126	0.046
Xrn1	0.297036227722943	0.245826291946026	1	0.276	0.181	0.095
Plod2	0.297636949404847	-0.274817343374273	1	0.117	0.094	0.023
Dcaf8	0.299513236146371	-0.885077699634839	1	0.074	0.118	0.044
Sp4	0.300430023753407	2.2444464267791	1	0.104	0.031	0.073
Kalrn	0.300936594187519	0.549202075161175	1	0.184	0.126	0.058
Garre1	0.300953250633253	-0.271602549737696	1	0.264	0.315	0.051
Dmxl1	0.301435596859662	-0.228679305067948	1	0.098	0.134	0.036
Ip6k1	0.302223224657336	-0.793842354278101	1	0.129	0.181	0.052
Eea1	0.302503392808233	0.970916970049108	1	0.16	0.087	0.073
Tcf7l2	0.303129956049879	-0.509974712306628	1	0.196	0.236	0.04
Tgfb2	0.306257720895429	-0.541721297609137	1	0.117	0.165	0.048
Rftn2	0.306457379184629	-0.522946581504051	1	0.11	0.15	0.04
Numb	0.306861787254557	0.812431705314969	1	0.178	0.079	0.099
Ktn1	0.307062191796141	0.724850943810618	1	0.221	0.142	0.079
Fgf14	0.307369421153496	0.302151568358225	1	0.16	0.181	0.021
Foxn3	0.308533899017362	0.296077792972734	1	0.288	0.189	0.099
Notch1	0.308592630552369	-0.337489429682961	1	0.215	0.205	0.01
Jag1	0.309039331251718	0.49822027248794	1	0.215	0.173	0.042
Klhl5	0.310682166072641	0.618085798197295	1	0.123	0.087	0.036
Cp	0.310909164221972	0.173552219295836	1	0.436	0.37	0.066
Cyp7b1	0.310966706483648	-0.24150991412298	1	0.258	0.291	0.033
Kat6a	0.311243162377545	-0.368221343253926	1	0.215	0.213	0.002
Csk	0.311449307695859	-0.571184837694271	1	0.074	0.11	0.036
Lrp5	0.311732972314867	0.661345178661457	1	0.104	0.087	0.017
Scaf8	0.312196397858769	0.918407516726841	1	0.209	0.126	0.083
Cnnm2	0.312688644231453	1.2777568248488	1	0.19	0.087	0.103
Arl15	0.313493288666903	0.967491255915021	1	0.227	0.126	0.101
Ppp6c	0.31431370274693	0.541163851026511	1	0.104	0.063	0.041
Pds5b	0.315118568430721	0.599504344970866	1	0.288	0.197	0.091
Slc1a5	0.316150559904658	-0.731939935978907	1	0.135	0.189	0.054
Lamb2	0.316313696004532	-0.36347066702831	1	0.098	0.102	0.00399999999999999
Pik3cd	0.317579222113071	0.109126554020546	1	0.117	0.071	0.046
Cbfa2t2	0.318827718273822	-0.626313880020649	1	0.086	0.11	0.024
Qki	0.318863239409676	-0.616843532448016	1	0.319	0.402	0.083
Ncor2	0.320241134465399	-0.730033145950325	1	0.092	0.11	0.018
Rbm6	0.320323887371944	-0.262261780484279	1	0.288	0.244	0.044
Stx16	0.32063217301846	0.634330839161079	1	0.153	0.11	0.043
Slmap	0.320699363578226	0.751819156741451	1	0.276	0.189	0.087
Mef2a	0.321003458508479	-0.379137122578484	1	0.368	0.425	0.057
Dock6	0.321572857833174	-0.178424637862827	1	0.613	0.606	0.00700000000000001
Rab1a	0.321778201160952	-1.03812090271455	1	0.074	0.126	0.052
Wls	0.323289263202932	-0.44249883154584	1	0.405	0.425	0.02
Ubn2	0.32367011324072	0.657954455419834	1	0.245	0.173	0.072
Ndufa4l2	0.324713207533443	0.748561882901808	1	0.11	0.071	0.039
Rbfox1	0.324764394744637	0.34113564140919	1	0.147	0.157	0.01
St7l	0.3251121327173	0.83125915821929	1	0.11	0.055	0.055
Cdc27	0.325695670926101	-0.666214463179882	1	0.092	0.142	0.05
Ube2k	0.326018165569972	0.110540709892542	1	0.141	0.094	0.047
Grm7	0.326210496367331	-0.443652520113797	1	0.755	0.819	0.0639999999999999
Fut8	0.327025867748086	0.491897554049779	1	0.184	0.142	0.042
Lyst	0.327402995339158	-0.851516035214627	1	0.074	0.102	0.028
Ntn1	0.32935845488068	0.451693303688923	1	0.35	0.299	0.051
Chd2	0.329435783268935	-0.552115100786184	1	0.239	0.276	0.037
Cmss1	0.330731933745316	-0.445543701615737	1	0.202	0.213	0.011
Ppp1cb	0.330864947131819	0.495217944247935	1	0.252	0.157	0.095
Wasf2	0.330941587634925	-0.807736789695484	1	0.233	0.283	0.05
Mnat1	0.332807321810571	-0.10335561914333	1	0.135	0.142	0.00699999999999998
Msrb3	0.335077184616782	0.764196683439037	1	0.356	0.244	0.112
Tmem131	0.335667393287263	0.792013244316708	1	0.172	0.11	0.062
Smg7	0.335952893268756	0.904286870669439	1	0.147	0.094	0.053
Csrp1	0.336157125651444	0.748465690590679	1	0.172	0.118	0.054
Tle1	0.336890585245565	-0.281861549177209	1	0.19	0.181	0.00900000000000001
Nfyc	0.339245648503349	0.325784278922916	1	0.147	0.118	0.029
Crtc3	0.33955155310229	-0.394389553938519	1	0.288	0.276	0.012
Wwp2	0.342012049312174	1.10801373249384	1	0.123	0.071	0.052
Rlf	0.342932587423226	-0.544043687248715	1	0.098	0.142	0.044
Fam20a	0.34359754993026	0.509848072952749	1	0.282	0.213	0.069
Sh3d19	0.344701875424623	-0.715688114692471	1	0.221	0.283	0.062
Ddx17	0.345347973941211	-0.269111403834023	1	0.374	0.433	0.059
Pafah1b1	0.348162715344526	-0.128179556327407	1	0.19	0.205	0.015
Phip	0.34847585155852	-0.865983324818063	1	0.239	0.315	0.076
Dnmt3a	0.351345257230122	-0.971534529630327	1	0.086	0.126	0.04
Eva1c	0.352012669148215	0.474585941351156	1	0.117	0.063	0.054
Ctcf	0.353115782804998	0.42457338371736	1	0.147	0.094	0.053
Arid4b	0.353548481905802	-0.40937370068734	1	0.086	0.102	0.016
Wwtr1	0.354342032159524	0.192065163462636	1	0.313	0.26	0.053
Pde7b	0.355045374054199	0.508776024237471	1	0.485	0.378	0.107
Cul1	0.355317010439475	0.49117084474697	1	0.123	0.094	0.029
Axl	0.356878578931609	-0.724746188053773	1	0.16	0.22	0.06
Alpk1	0.358394332324631	-0.208243934419309	1	0.141	0.189	0.048
Hnrnpu	0.360249305274	0.200115759627401	1	0.129	0.126	0.003
Pbx3	0.363328152441196	-0.230654844583602	1	0.19	0.165	0.025
Yy1	0.363702046978508	0.653234123975555	1	0.104	0.063	0.041
Gnb4	0.364230757238685	0.21972420314236	1	0.313	0.22	0.093
Sp3	0.365316340569281	0.44094019494704	1	0.282	0.205	0.077
Picalm	0.365469323006783	0.452751299596935	1	0.448	0.354	0.094
Adamtsl5	0.365528525103538	-0.127751858369091	1	0.08	0.102	0.022
Tmcc1	0.366321003158766	-0.819706307333927	1	0.239	0.323	0.084
Dstn	0.366881864761841	0.590625462105709	1	0.184	0.11	0.074
Ppp1r10	0.366911448445954	-0.39655889500829	1	0.092	0.102	0.01
Pbrm1	0.368045036464067	-0.755698321458533	1	0.141	0.189	0.048
Scmh1	0.368437542500711	0.400152043494297	1	0.288	0.189	0.099
Chd4	0.369998562436745	-0.142038563047512	1	0.196	0.252	0.056
Fancc	0.373776882489129	0.641893599445945	1	0.117	0.087	0.03
Ulk2	0.373983072891922	0.531924229987085	1	0.11	0.087	0.023
Akap8	0.376491142986991	-1.17643750109285	1	0.08	0.142	0.062
Zfp532	0.37656930568407	-0.137117997301942	1	0.117	0.134	0.017
Rgs4	0.376644082284927	-0.508434295613813	1	0.215	0.323	0.108
Gnaq	0.377376956748898	1.21293847458931	1	0.153	0.071	0.082
Rrbp1	0.377457791375577	-0.186587399012576	1	0.221	0.268	0.047
Cdc73	0.377600552684745	-0.214491225526385	1	0.117	0.142	0.025
Ubr5	0.378825506055281	0.656918251217047	1	0.313	0.213	0.1
Klf9	0.378857461877966	0.549616657190062	1	0.184	0.11	0.074
Rgs3	0.379244236299949	1.02297179731183	1	0.123	0.047	0.076
Tead1	0.379650069565358	0.287840622211196	1	0.221	0.228	0.00700000000000001
Rb1cc1	0.380090284056836	0.505643758682291	1	0.141	0.11	0.031
Dnajc3	0.381019945270181	0.452663089013199	1	0.184	0.126	0.058
Map3k1	0.3825798621345	-0.227684891344105	1	0.098	0.11	0.012
Ano6	0.385675560203829	0.142952822589401	1	0.337	0.323	0.014
Mbnl2	0.386032772543567	-0.113222302848131	1	0.368	0.307	0.061
Dst	0.388805752049114	-0.265743378313598	1	0.374	0.346	0.028
Wars2	0.391758653501958	-0.358903579293251	1	0.129	0.157	0.028
Lin7a	0.392004313012305	-0.501832628283642	1	0.442	0.52	0.078
Vps13b	0.392265271113881	0.515189661991105	1	0.172	0.11	0.062
Adgrl2	0.394095394470047	0.364923028857329	1	0.11	0.11	0
Rgl1	0.394789451132101	-1.28253279697584	1	0.061	0.134	0.073
Ralgapa2	0.395112263608929	0.747224983151871	1	0.209	0.11	0.099
Apba1	0.397143982242618	0.793003483459068	1	0.147	0.079	0.068
Kdm1a	0.397202408968438	-0.803467941658817	1	0.074	0.126	0.052
Zcchc14	0.397312391847895	-0.394884321925921	1	0.123	0.134	0.011
Zfr	0.399043551817296	0.917821813268897	1	0.245	0.142	0.103
Ptar1	0.39912900327522	0.293635069212884	1	0.209	0.165	0.044
Nxn	0.399345087627656	-0.811562181319389	1	0.123	0.134	0.011
Snd1	0.399477329830468	0.271047508717988	1	0.233	0.173	0.06
Slc7a2	0.399800533571839	-0.487432778967776	1	0.16	0.197	0.037
Polk	0.40132428349829	-0.828963246397821	1	0.067	0.11	0.043
Ehmt1	0.40155263969107	0.183997834008226	1	0.123	0.118	0.005
Tor1aip1	0.401934112308423	-0.315796425647143	1	0.135	0.165	0.03
Dennd1a	0.402384406223942	-0.465061905258842	1	0.258	0.331	0.073
Cep112	0.402719979152257	-0.283260469907544	1	0.227	0.213	0.014
Mfge8	0.402731163821679	0.224397815290673	1	0.184	0.15	0.034
Mfhas1	0.403877686251272	-0.355850253308396	1	0.086	0.11	0.024
Tgfbr1	0.404124907017164	0.245026127910716	1	0.16	0.11	0.05
Rreb1	0.406396691950619	0.157931097991388	1	0.245	0.236	0.00900000000000001
Fus	0.406585677012396	0.216172997227488	1	0.485	0.402	0.083
Nedd4l	0.407220078267873	-0.510950391337048	1	0.344	0.409	0.065
Ttyh2	0.408818239226777	-0.680568568306267	1	0.08	0.11	0.03
Ppp1r2	0.409842518303331	1.27422602465289	1	0.178	0.087	0.091
Med13	0.410380155784827	0.23579303552909	1	0.141	0.134	0.00699999999999998
Abca8a	0.411354998250336	-0.493964506694243	1	0.123	0.15	0.027
Rc3h1	0.411763569573906	-0.370586997878015	1	0.166	0.165	0.001
Tgfb1i1	0.412463419762348	-0.658930751679763	1	0.086	0.118	0.032
Thsd7a	0.41277560956169	0.430887149710754	1	0.153	0.165	0.012
Fto	0.412973815168968	0.407022715168734	1	0.313	0.228	0.085
Arid4a	0.413087658995893	0.960834103907927	1	0.129	0.055	0.074
Col27a1	0.414618564735798	-0.247446671045537	1	0.19	0.181	0.00900000000000001
Smc6	0.414654741701267	-0.367544797695152	1	0.184	0.213	0.029
Cfh	0.416254256133124	-0.795378172859745	1	0.135	0.189	0.054
Atxn7	0.416403303815828	-0.274502143877461	1	0.166	0.157	0.00900000000000001
Anpep	0.41711218288132	0.735919112732705	1	0.104	0.071	0.033
Adgre5	0.417747758346826	-1.16341824574696	1	0.098	0.173	0.075
Pnisr	0.417787005671765	0.765625442805976	1	0.258	0.173	0.085
Srsf3	0.419503652871301	-1.07572117940771	1	0.086	0.15	0.064
Pum1	0.419890054193763	0.560145157324064	1	0.202	0.118	0.084
Pear1	0.420191408854088	0.722383408847948	1	0.19	0.118	0.072
Bcor	0.42237692585671	-0.572568778879241	1	0.117	0.126	0.00899999999999999
Pdcd10	0.422547052623331	0.280944410615571	1	0.215	0.181	0.034
Slc38a6	0.423209130457046	-0.933844152345022	1	0.08	0.118	0.038
Ddx5	0.423228785452355	-0.194990699561878	1	0.601	0.646	0.045
Myl9	0.423647755639088	-0.535904836606969	1	0.202	0.268	0.066
Vtn	0.424598350282089	-0.2337643426975	1	0.675	0.74	0.0649999999999999
Pcdh9	0.425403185817177	-0.501991736834247	1	0.209	0.307	0.098
Kat6b	0.425871083716034	-0.902058570298994	1	0.092	0.126	0.034
Yes1	0.425950174809619	-1.22410010417466	1	0.074	0.134	0.06
Nfkb1	0.426094130397422	0.860804136085763	1	0.147	0.079	0.068
Kitl	0.426648924312566	0.759411183627345	1	0.129	0.079	0.05
Dusp16	0.426652862371203	0.271751748141827	1	0.178	0.126	0.052
Phactr4	0.429729315985198	0.23643679041714	1	0.11	0.079	0.031
Acap2	0.430389003776804	-0.211352976812023	1	0.117	0.173	0.056
Stim2	0.431243792108772	-0.314714305615356	1	0.19	0.244	0.054
Rasgrp2	0.432800724911539	-0.552122946298075	1	0.16	0.213	0.053
Kmt5b	0.432984191255835	0.291755072318645	1	0.202	0.189	0.013
Tmem243	0.436399046169613	0.293236333689221	1	0.153	0.11	0.043
Arhgef1	0.437801828284372	-0.62690716199043	1	0.092	0.118	0.026
Erc1	0.438698781822094	-0.177176986312852	1	0.104	0.11	0.00600000000000001
Lats2	0.440086258285862	-0.132101301014962	1	0.209	0.15	0.059
Slc19a1	0.440248878551305	-0.245503775027492	1	0.147	0.134	0.013
Ep300	0.440527819356002	0.596100249485023	1	0.129	0.071	0.058
Xiap	0.441019122886197	-0.420863557798368	1	0.202	0.22	0.018
Usp3	0.441390289116639	0.626787078439945	1	0.27	0.157	0.113
Ddx50	0.44223180238769	0.58680496966913	1	0.184	0.126	0.058
Diaph2	0.442395841057627	0.104578004247467	1	0.828	0.795	0.0329999999999999
Col8a1	0.443475499560027	-0.194353666944124	1	0.196	0.252	0.056
Nrip1	0.443504495287367	-0.166805039662615	1	0.166	0.142	0.024
Ttc23	0.444077139445665	0.240889010216023	1	0.166	0.15	0.016
Atp1a2	0.444328895863485	-0.290741110690563	1	0.773	0.835	0.0619999999999999
Ltbp1	0.444431577191706	0.204577977923127	1	0.258	0.213	0.045
Gak	0.444976632070424	1.31097039962407	1	0.104	0.047	0.057
Igsf8	0.446148267923445	-0.277642305605763	1	0.209	0.22	0.011
Myo1b	0.446572320513857	-0.320688460152978	1	0.687	0.709	0.0219999999999999
Acadl	0.447259493650635	-0.72401844486971	1	0.055	0.102	0.047
Bfar	0.447461398556937	0.168727918147983	1	0.104	0.087	0.017
Rnf169	0.448901403714161	0.28093715565842	1	0.16	0.11	0.05
Rcsd1	0.449606290228035	-0.17200825058286	1	0.344	0.291	0.053
Zc3h7a	0.44963094234601	-0.435781321720997	1	0.147	0.157	0.01
Ttpal	0.450112572952957	-0.335652377865943	1	0.08	0.102	0.022
Cdh2	0.45062493989337	-0.290986813436616	1	0.16	0.22	0.06
Frs2	0.452224774879104	0.166436032935122	1	0.141	0.11	0.031
Mrc2	0.45375850364143	-0.323339791656729	1	0.258	0.228	0.03
Ccdc82	0.453853170102068	-0.996302760297917	1	0.141	0.236	0.095
Ate1	0.454043913833153	-0.852819110127092	1	0.067	0.11	0.043
Zfp950	0.45697735114954	-0.694479263814024	1	0.19	0.26	0.07
Wipf1	0.458059204253606	0.199403588119734	1	0.276	0.283	0.00699999999999995
Rapgef4	0.458141311057916	-0.159283756453397	1	0.282	0.26	0.022
Slain2	0.45897235095174	0.786224880416481	1	0.147	0.079	0.068
Arhgap6	0.459950234290284	-0.283761894914495	1	0.834	0.811	0.0229999999999999
Spop	0.46017472562937	0.399627736063348	1	0.252	0.165	0.087
Senp6	0.460261539701738	0.264416328864804	1	0.166	0.142	0.024
Cbx1	0.461104102459428	-1.26397221744087	1	0.049	0.102	0.053
Cyp4f13	0.462199114526676	0.909754573359547	1	0.123	0.063	0.06
Ptpn14	0.464156704730813	-0.885902567906955	1	0.141	0.181	0.04
Atxn2	0.464230217764179	-0.299862194253322	1	0.08	0.102	0.022
Wtap	0.464686719292898	-1.16203116571444	1	0.061	0.102	0.041
Hif1a	0.465759641610062	-0.439122165368846	1	0.117	0.142	0.025
Senp7	0.465840335409058	1.35686159477978	1	0.104	0.039	0.065
Ano1	0.466603264137844	0.127052100340598	1	0.552	0.543	0.00900000000000001
Stat3	0.469276552745903	-0.253797489598792	1	0.19	0.181	0.00900000000000001
Grm3	0.469397319876963	-0.141157628996584	1	0.669	0.732	0.0629999999999999
Epb41	0.469742127511168	0.888676843053574	1	0.172	0.087	0.085
Nisch	0.470128364650806	-0.347983870635782	1	0.11	0.11	0
Akt3	0.471409901153372	-0.293850669989857	1	0.331	0.346	0.015
Trps1	0.472143309353027	-0.178544955184239	1	0.331	0.362	0.031
Wtip	0.474408426754523	-0.413345253710681	1	0.166	0.213	0.047
Srsf11	0.475014412796678	0.678838172330523	1	0.166	0.079	0.087
Atp9b	0.475927341249287	-0.151511711039301	1	0.104	0.11	0.00600000000000001
Ift43	0.477405418746751	0.837947834717873	1	0.11	0.079	0.031
Kcnip4	0.477437330447551	-0.683985741163291	1	0.086	0.15	0.064
Ric1	0.478784347706828	-1.16490283676926	1	0.074	0.142	0.068
Sntb2	0.480128346639269	1.1730812212858	1	0.117	0.063	0.054
Fryl	0.481028632604462	0.53736141453328	1	0.209	0.157	0.052
Chic2	0.483349235263556	0.390832443819043	1	0.104	0.087	0.017
Gng12	0.483535596628562	-0.250757424277632	1	0.19	0.165	0.025
Rab10	0.483737707538628	0.577218333197734	1	0.245	0.157	0.088
Fkbp15	0.483972215183132	-0.955092743089483	1	0.067	0.118	0.051
Pdlim1	0.484769628018832	-0.187356088462654	1	0.141	0.126	0.015
Mtss1	0.487140908778172	0.146515110481268	1	0.135	0.102	0.033
Rerg	0.489577219371508	0.22631439092763	1	0.104	0.11	0.00600000000000001
Psme4	0.49086580942312	0.351019142246322	1	0.184	0.157	0.027
Sfmbt1	0.491307550203023	0.135502052105346	1	0.117	0.087	0.03
Tbc1d12	0.491551200186842	0.599586207729609	1	0.104	0.055	0.049
Mpped2	0.491908774277813	0.128541964705009	1	0.196	0.157	0.039
Ccar1	0.493766594461779	0.395055486607335	1	0.135	0.102	0.033
Prpsap1	0.494412211954247	0.42712990900798	1	0.129	0.094	0.035
Fgf1	0.494590990509589	0.115265473357322	1	0.178	0.142	0.036
Col4a3	0.494963506386042	-0.453543621396628	1	0.252	0.331	0.079
Nrg3	0.495587263649793	-0.868163026632573	1	0.08	0.15	0.07
Rab22a	0.495674298227661	0.932730694156312	1	0.11	0.055	0.055
Srrm1	0.497442705118781	0.415616590641822	1	0.11	0.094	0.016
Lef1	0.49806431039797	-0.842541134573968	1	0.117	0.173	0.056
Arih2	0.498188243977399	-0.221994292084172	1	0.147	0.142	0.005
Fhit	0.498619936915734	0.244490321427837	1	0.129	0.094	0.035
Rgma	0.499061514120023	-0.620122244705152	1	0.147	0.205	0.058
Apcdd1	0.499625599444503	-0.458123182242531	1	0.172	0.189	0.017
B3gnt2	0.499813508631994	-0.553705603660232	1	0.166	0.22	0.054
Nsd1	0.505779353751632	-0.542876663472094	1	0.399	0.417	0.018
Ggt1	0.508101937616828	-0.930660510049812	1	0.104	0.118	0.014
Wdpcp	0.508600644152101	-0.437652850186116	1	0.104	0.102	0.002
Eda	0.508953812015433	-0.388546373965711	1	0.117	0.118	0.000999999999999987
Cwf19l2	0.51049021425333	0.189334384318767	1	0.172	0.157	0.015
Nbeal1	0.513052215104928	-0.426141254848573	1	0.601	0.685	0.0840000000000001
Slc24a3	0.513508074983571	0.468118645905257	1	0.19	0.134	0.056
Pdlim3	0.513988313204415	0.346635163720197	1	0.147	0.094	0.053
Creb1	0.514149021095509	0.538590830593561	1	0.166	0.126	0.04
Arhgap42	0.515368959377542	-0.119118912476529	1	0.675	0.717	0.0419999999999999
Nhsl1	0.516673782223107	-0.392691227238005	1	0.067	0.102	0.035
Aff4	0.518013882767076	0.129437517519381	1	0.178	0.181	0.003
Syncrip	0.518071258082645	-0.261096548286615	1	0.129	0.11	0.019
Arcn1	0.51937150712289	-0.550724600056675	1	0.098	0.126	0.028
Pard3b	0.520360414482113	0.146421192257483	1	0.65	0.654	0.004
Smim3	0.520665784449621	-1.0116676349373	1	0.061	0.102	0.041
Prrx1	0.521133625693839	-0.561622220180175	1	0.123	0.165	0.042
Jarid2	0.521485209806926	-0.861325235844515	1	0.123	0.157	0.034
Mbd5	0.521698088076628	0.250508717256028	1	0.239	0.205	0.034
Susd6	0.522278577704848	0.161022630842583	1	0.356	0.315	0.041
Ccny	0.522441498726825	0.285431903002629	1	0.233	0.173	0.06
Nf1	0.522752747399513	-0.219063788508514	1	0.307	0.307	0
Map3k5	0.523803152462281	-0.383904130353857	1	0.202	0.236	0.034
Dhx15	0.524003261979896	0.714190527504476	1	0.147	0.102	0.045
Tpk1	0.524311587339145	-0.342347884460367	1	0.117	0.126	0.00899999999999999
Gatad2b	0.525717286023901	0.855142298396742	1	0.135	0.071	0.064
Ggact	0.52576227109055	-0.719168015034219	1	0.08	0.118	0.038
Arhgef6	0.526218000599636	-0.390407202105226	1	0.227	0.213	0.014
Enah	0.52807739807157	0.609843267489663	1	0.196	0.142	0.054
Lama2	0.52998908370941	0.120739109811182	1	0.718	0.732	0.014
Rnf216	0.530403227062291	-0.310033175030875	1	0.178	0.22	0.042
Chd1	0.53128602419136	0.155164887810018	1	0.117	0.11	0.00700000000000001
R3hcc1l	0.53131969742089	0.176208258841199	1	0.104	0.079	0.025
Fchsd2	0.532812373834046	0.347930486248466	1	0.46	0.386	0.074
Abl1	0.534310947227535	-0.148974373343693	1	0.178	0.197	0.019
Parp3	0.537068919546763	0.655852362059275	1	0.129	0.079	0.05
Lrrk1	0.537329408805173	-0.514652919366697	1	0.104	0.134	0.03
Pik3r3	0.538746187865141	-0.543209077416262	1	0.104	0.134	0.03
Ephx1	0.539083385309497	-0.325774737480503	1	0.117	0.15	0.033
Sumo1	0.539264987530026	-0.756358727177809	1	0.08	0.118	0.038
Exoc4	0.539305036829196	0.30084225860015	1	0.35	0.228	0.122
Syne2	0.541342001646799	0.398121542134779	1	0.436	0.354	0.082
Tmem164	0.541475519989543	0.430230888634542	1	0.166	0.157	0.00900000000000001
Cbfa2t3	0.543342994203075	0.744646241072607	1	0.11	0.087	0.023
Tpm1	0.543345215213097	0.411610019422556	1	0.399	0.37	0.029
Bclaf1	0.54476764668422	-0.183218248277063	1	0.153	0.173	0.02
Scaf11	0.546540204654621	-0.34798508932023	1	0.11	0.118	0.00799999999999999
Plcb4	0.549339807226334	-0.307847005093195	1	0.368	0.394	0.026
Lsm14a	0.551041569484575	-0.250003588959264	1	0.104	0.126	0.022
Tbx15	0.554059763792437	-0.478016475191537	1	0.215	0.244	0.029
Cdc37l1	0.555014998046819	-1.09057501623726	1	0.061	0.11	0.049
Rell1	0.555631944614745	-0.219658556931748	1	0.11	0.102	0.00800000000000001
Fam117b	0.555635324149531	-0.6458241028914	1	0.141	0.173	0.032
Peli2	0.555721744856658	0.520510652138388	1	0.331	0.244	0.087
Nr2f2	0.557225902729986	0.218328086263963	1	0.356	0.307	0.049
Phf3	0.557782016184293	-0.7009163311783	1	0.092	0.142	0.05
Acin1	0.557964973338703	0.387771629085147	1	0.147	0.118	0.029
Pdzrn3	0.559524363289835	0.281413787877619	1	0.313	0.252	0.061
Cfdp1	0.561339787824499	0.47581161739998	1	0.166	0.094	0.072
Fat1	0.561453468819524	0.705876740758166	1	0.129	0.094	0.035
Arhgap12	0.561546330546561	-0.564667590602015	1	0.19	0.22	0.03
Kiz	0.563119513772991	1.32803432147491	1	0.104	0.047	0.057
Uhrf2	0.563225596413821	0.413345342093387	1	0.221	0.157	0.064
Pot1b	0.56363923599027	0.120568680738267	1	0.092	0.102	0.01
Mertk	0.565941188545509	-0.226576908313518	1	0.313	0.331	0.018
Celf2	0.56635786802085	0.168713878094129	1	0.178	0.181	0.003
Pde4c	0.569862726164392	-0.746571042914621	1	0.098	0.126	0.028
Zbtb38	0.571746962601052	1.03479274892691	1	0.233	0.118	0.115
Sparc	0.572660769431028	0.209500615806722	1	0.196	0.15	0.046
Jam3	0.57288909184596	-1.07656792634195	1	0.067	0.11	0.043
Med13l	0.57405486064414	1.46476094522342	1	0.135	0.047	0.088
Uba2	0.575348098056558	-0.713178090776562	1	0.123	0.142	0.019
Ptp4a2	0.575796070920778	1.24532101152245	1	0.117	0.055	0.062
Nufip2	0.57602736139843	-0.526712358144518	1	0.117	0.157	0.04
Pak2	0.576062526110957	0.179596940961137	1	0.209	0.165	0.044
Arih1	0.576804920631873	0.291931995142863	1	0.356	0.276	0.08
Zbtb7c	0.577215451777934	0.524212314605903	1	0.215	0.157	0.058
Daam2	0.577289615184583	0.16275272849079	1	0.331	0.346	0.015
Ddx3y	0.57779965964597	-1.0647518155246	1	0.086	0.189	0.103
Csmd1	0.578058691995327	-1.05903534799898	1	0.092	0.15	0.058
Bbx	0.580207851881343	-0.326958884076454	1	0.184	0.197	0.013
Tjp1	0.581580594254319	-0.152940484406842	1	0.423	0.425	0.002
Fbxl17	0.581778866377075	0.206047820928444	1	0.675	0.567	0.108
Ranbp9	0.581788500840301	0.372021076281401	1	0.123	0.094	0.029
Esyt1	0.582465573086257	0.616547890017214	1	0.104	0.071	0.033
Zmym4	0.582572744799823	-0.585886911948131	1	0.123	0.134	0.011
Lama5	0.583932446647029	0.759582679528618	1	0.104	0.079	0.025
Palld	0.584708945525012	-0.223653803681525	1	0.141	0.165	0.024
Septin11	0.586534882661612	0.148332710934994	1	0.607	0.535	0.072
Nudcd3	0.586896281896193	0.138273029747569	1	0.172	0.11	0.062
Fbxl7	0.588105774323393	-0.110608982487385	1	0.172	0.142	0.03
Myocd	0.588713821424202	0.325361034941182	1	0.135	0.134	0.001
Gcnt2	0.589140970588563	-0.271952731642199	1	0.405	0.409	0.00399999999999995
Rybp	0.592547343301518	0.104667637099199	1	0.19	0.189	0.001
Rhoa	0.594770528067355	0.56234893192834	1	0.153	0.094	0.059
Arhgap32	0.595575656128585	-0.8025310136333	1	0.08	0.102	0.022
Golgb1	0.596679846233735	0.102671078346356	1	0.141	0.102	0.039
Gnas	0.597170315525818	-0.10686038456425	1	0.221	0.283	0.062
Pakap	0.597402129462865	0.476588801926976	1	0.123	0.094	0.029
Ssh2	0.598382134807463	-0.373315431436582	1	0.374	0.409	0.035
Thrap3	0.598916460133468	0.725517851101599	1	0.202	0.134	0.068
B3galt1	0.599097398230779	0.436066183168942	1	0.16	0.126	0.034
Cd200	0.599253020828771	-0.151243606008973	1	0.117	0.094	0.023
Cradd	0.600233547991486	-0.597644506962946	1	0.104	0.102	0.002
Adgrl3	0.600343234279516	0.317849138295768	1	0.27	0.228	0.042
Wnk1	0.601426674983774	0.277656297886871	1	0.264	0.205	0.059
Add3	0.601999338316238	-0.593086546375853	1	0.178	0.236	0.058
Ak3	0.603155797313283	-0.282096543870008	1	0.098	0.118	0.02
Fbxo42	0.604487428099495	-0.485207540652964	1	0.117	0.126	0.00899999999999999
Cdc42se2	0.604645894684686	-0.953458723890869	1	0.049	0.102	0.053
Ablim1	0.606346181798523	0.84208150031405	1	0.153	0.079	0.074
Pi4kb	0.607150465225693	-0.463139471840663	1	0.08	0.102	0.022
Specc1l	0.608219203256122	-0.772090804203786	1	0.129	0.15	0.021
Smg1	0.609842112863309	0.151709697719589	1	0.196	0.142	0.054
Ankrd44	0.610976439445587	-0.25227653605865	1	0.276	0.315	0.039
Mob3b	0.612101924690281	-0.42282343769073	1	0.117	0.157	0.04
Kmt2c	0.612386426721127	-0.215472423379997	1	0.38	0.402	0.022
Arap2	0.612492083464033	-0.475919140624455	1	0.196	0.228	0.032
Krit1	0.612601066783684	-0.726911471428558	1	0.055	0.102	0.047
Usp15	0.61473505022216	0.705682389730497	1	0.104	0.047	0.057
Aspn	0.615655755452457	0.504782635152267	1	0.27	0.189	0.081
A4galt	0.616403489426883	0.507964928389745	1	0.301	0.213	0.088
Zic4	0.617875159606964	-0.382647585602882	1	0.264	0.276	0.012
Itm2b	0.617909395143977	0.134810667380251	1	0.221	0.181	0.04
Stxbp3	0.618569503603204	0.285393722318189	1	0.11	0.102	0.00800000000000001
Colec12	0.618592673953288	-0.13788463009845	1	0.62	0.63	0.01
Smg6	0.620122193702513	-0.353821530157302	1	0.472	0.472	0
Stard9	0.620371835712664	-0.355022032906633	1	0.282	0.283	0.001
Brd4	0.620406862484923	0.121328187859502	1	0.209	0.15	0.059
Sgms1	0.621385707327838	0.406581596146332	1	0.215	0.173	0.042
Amotl1	0.621444239334449	0.331675556352125	1	0.172	0.142	0.03
Fbxl20	0.623983646021561	0.633751455477858	1	0.123	0.102	0.021
Erbin	0.624270890851105	0.489473691743354	1	0.27	0.181	0.089
Reep3	0.625561091320179	0.188047727235207	1	0.233	0.197	0.036
Sh3rf1	0.626196780946674	0.144316569322598	1	0.16	0.165	0.005
Cd2ap	0.626620701320759	-0.121786127880876	1	0.184	0.181	0.003
Tns2	0.626775382115563	0.144124302241469	1	0.178	0.157	0.021
Tcf25	0.627639431562452	0.200630830659871	1	0.129	0.126	0.003
Tbx18	0.628133017167427	-0.257788689276852	1	0.233	0.236	0.00299999999999997
Zfp516	0.628181347576619	-0.919788098393724	1	0.074	0.102	0.028
Limd1	0.628339089079668	-0.319873110666544	1	0.448	0.441	0.00700000000000001
Itga4	0.628908512596345	0.522851795830038	1	0.294	0.213	0.081
Atp2a3	0.630883854693995	0.326393636614793	1	0.202	0.142	0.06
Pacsin2	0.633300267551911	0.486771837550306	1	0.104	0.087	0.017
Vstm4	0.635753669462482	-0.149974112475377	1	0.196	0.173	0.023
Frmd4b	0.635874602773878	0.284763445844471	1	0.178	0.142	0.036
Il15ra	0.636180437629433	-0.408263266675298	1	0.104	0.134	0.03
Zeb1	0.636214636388572	0.149047205768109	1	0.791	0.756	0.035
Eif3a	0.63664447836483	-0.416061726299596	1	0.08	0.102	0.022
Slc6a20a	0.638731654371794	0.249271356259094	1	0.65	0.614	0.036
Ppp3cc	0.63894967149991	-0.411070924183336	1	0.129	0.126	0.003
Cep120	0.639701210435892	-1.11577399729378	1	0.061	0.102	0.041
Dennd1b	0.64015616881327	0.441568663376441	1	0.172	0.157	0.015
Ctdspl2	0.641377332331148	-0.214415031202907	1	0.196	0.181	0.015
Ptpn4	0.642160490063848	-0.711625193299652	1	0.123	0.142	0.019
Hmg20a	0.642682965126066	0.348421673986956	1	0.233	0.197	0.036
Ppp3cb	0.642763982832541	0.2525823657777	1	0.184	0.15	0.034
S1pr3	0.642994521506992	0.140004853087406	1	0.221	0.197	0.024
Zfx	0.643667943280683	-0.22055500325618	1	0.147	0.142	0.005
Sf3b1	0.644708616710543	-0.567814719858218	1	0.166	0.181	0.015
Crk	0.64795094037324	0.123615768592388	1	0.129	0.118	0.011
Dlg2	0.64872058518453	-0.349352798060415	1	0.147	0.197	0.05
Ttc14	0.648941470791849	0.290518803520136	1	0.215	0.142	0.073
Tmem51	0.650569398810911	0.576826535043726	1	0.135	0.11	0.025
Hnrnph3	0.650603741352153	0.273360296584319	1	0.135	0.11	0.025
Peak1	0.652116854357641	0.328461879741101	1	0.436	0.339	0.097
Map4k4	0.652677076550702	0.136587490018195	1	0.252	0.228	0.024
Stag2	0.653239991187425	0.177471087222902	1	0.362	0.307	0.055
Adgrf5	0.653350104888611	0.74671972000124	1	0.11	0.094	0.016
Gigyf2	0.65430780389877	0.724617703955295	1	0.123	0.079	0.044
Tbxa2r	0.654830498935272	-0.669939957058554	1	0.11	0.134	0.024
Setd2	0.655388499462858	0.274947420925778	1	0.135	0.094	0.041
Stam2	0.655834053372432	-0.688624098539842	1	0.092	0.134	0.042
Arid1a	0.656428594702528	-0.275268276896676	1	0.215	0.189	0.026
Ubxn4	0.65648082090748	-0.317657592743443	1	0.11	0.11	0
Clip1	0.656850422173857	0.23412946783801	1	0.098	0.102	0.00399999999999999
Nek7	0.657100380366332	-0.458273091444404	1	0.178	0.197	0.019
Bicral	0.65710367894496	-0.128700416632605	1	0.086	0.102	0.016
Smyd3	0.658704427224684	0.26855447506333	1	0.221	0.181	0.04
Itgb1	0.659872567901211	0.12480467756533	1	0.393	0.331	0.062
Nemf	0.664257365138479	-0.471340543786146	1	0.098	0.11	0.012
Nsd3	0.664724780845245	-0.249659016838365	1	0.27	0.268	0.002
Dcdc2a	0.664771957713532	-0.252164591416243	1	0.276	0.252	0.024
Lrrc58	0.66487930281267	-0.167779999625996	1	0.129	0.134	0.005
Gpatch8	0.665434336877834	-0.256017299214883	1	0.184	0.189	0.005
Nr3c1	0.665539884419941	-0.321101301295636	1	0.178	0.173	0.005
Srrm2	0.665847025290846	0.408597151463551	1	0.258	0.197	0.061
Thsd4	0.66638611887015	0.201454466631864	1	0.153	0.134	0.019
Acta2	0.666678781779179	0.762261764848212	1	0.227	0.165	0.062
Csnk2a1	0.666876943557626	-0.484636603221481	1	0.098	0.11	0.012
Chchd3	0.667387676477754	0.375173707991395	1	0.135	0.118	0.017
Bmpr2	0.669834639457037	-0.686079620206292	1	0.172	0.228	0.056
Phf20	0.670126244221679	-0.495567022080823	1	0.141	0.157	0.016
Gper1	0.670199901216353	-0.33128367056552	1	0.117	0.126	0.00899999999999999
Rasal2	0.670241648372389	0.208473054183579	1	0.485	0.354	0.131
Filip1	0.670551057319161	0.433026847905967	1	0.282	0.228	0.054
Ccser2	0.670923375670714	0.487437136332878	1	0.202	0.126	0.076
Dicer1	0.671255800687603	0.453388556565931	1	0.147	0.102	0.045
Pcp4l1	0.672742648487882	-0.156258324813921	1	0.184	0.157	0.027
Desi2	0.673482700146107	-0.11589759482431	1	0.129	0.134	0.005
Ptpn22	0.674850783158697	-0.482298066017065	1	0.092	0.126	0.034
Slc10a7	0.676476910934888	-0.537979520889207	1	0.135	0.165	0.03
Zbtb4	0.677201021537082	-0.994451273214512	1	0.086	0.157	0.071
Atp10d	0.679802992683713	-0.375605543880602	1	0.356	0.402	0.046
Mysm1	0.679870503158259	-0.342961388995576	1	0.123	0.134	0.011
Akap12	0.679997142015812	0.579665462601404	1	0.313	0.22	0.093
Iqgap1	0.683953477669103	-0.247742948023004	1	0.178	0.22	0.042
Cop1	0.685323847407302	-0.29822622018281	1	0.11	0.126	0.016
Enpep	0.687746419114573	-0.19148353644961	1	0.19	0.189	0.001
Rps6kb1	0.688677460558827	0.220679663240382	1	0.129	0.11	0.019
Ubap2l	0.68898346173244	0.160600912882423	1	0.202	0.181	0.021
Nrxn3	0.690187676278703	-0.710648589907956	1	0.098	0.165	0.067
Utrn	0.691011862002121	-0.144302097125418	1	0.957	0.961	0.004
Son	0.691573164939585	-0.135141411102317	1	0.736	0.748	0.012
Clic4	0.694524527114177	0.161984605483961	1	0.141	0.118	0.023
Sox6	0.695133044142704	0.566233635071088	1	0.344	0.26	0.084
Mxd4	0.695637864087276	0.377961381149398	1	0.135	0.102	0.033
Angpt1	0.69713840842365	0.433171092890535	1	0.153	0.118	0.035
Prpf39	0.697671288251511	0.110845116408997	1	0.19	0.165	0.025
Smchd1	0.69780436717342	-0.3701665629337	1	0.141	0.157	0.016
Gapvd1	0.699588836215362	-0.33789802714233	1	0.104	0.134	0.03
Pdss2	0.70176970707354	0.590915844244788	1	0.104	0.071	0.033
Wdr70	0.702871946313175	0.458764032982044	1	0.104	0.063	0.041
Smim14	0.703621538598614	0.983476428584304	1	0.129	0.063	0.066
Kmt2e	0.707568990074907	0.241075372086239	1	0.301	0.22	0.081
Agrn	0.707768944332734	-0.11150367557605	1	0.202	0.22	0.018
Xpo7	0.708543572623069	0.235595343545222	1	0.117	0.102	0.015
Dnajc7	0.708593618241625	0.820155857456843	1	0.123	0.079	0.044
Cadm2	0.709339168627528	-0.384761534927772	1	0.117	0.157	0.04
Cbx5	0.713364256306471	0.416312679329613	1	0.239	0.189	0.05
Bmp5	0.714049298994472	-0.629153868999712	1	0.19	0.236	0.046
Plac9	0.714360233979019	-0.252293768338827	1	0.325	0.346	0.021
Gsk3b	0.714557487954567	0.456127789164065	1	0.166	0.134	0.032
Cdc42	0.714687608766606	0.172135506233744	1	0.227	0.197	0.03
Zmiz1	0.715240924277676	-0.697295349593097	1	0.074	0.102	0.028
Kansl1l	0.716599138425591	0.138257437386192	1	0.362	0.323	0.039
AW554918	0.717002154595074	-0.100204472290845	1	0.374	0.354	0.02
Ccdc3	0.717513895998824	-0.111037314260948	1	0.141	0.134	0.00699999999999998
Sdc2	0.718140601174634	-0.104634569778616	1	0.485	0.472	0.013
Cbfb	0.718381813570569	-0.324808577489977	1	0.092	0.102	0.01
Cyth3	0.720282906813627	0.288957512422041	1	0.405	0.339	0.066
Lrmda	0.722664313649815	0.34007469448011	1	0.221	0.189	0.032
Arhgef17	0.722755262378327	0.186118089283651	1	0.288	0.26	0.028
Slc38a2	0.722933765336509	1.09996286768105	1	0.11	0.063	0.047
Pth1r	0.723268241239061	0.119569406038492	1	0.221	0.181	0.04
Arhgef7	0.7245604286398	1.09526342375014	1	0.16	0.079	0.081
Adgra2	0.726832049073801	-0.467526226119997	1	0.117	0.142	0.025
Ubr3	0.72730566001115	0.454574860697849	1	0.178	0.118	0.06
Nr2c2	0.728610951016835	-0.14021504903812	1	0.135	0.142	0.00699999999999998
Rhbdf1	0.729087249640387	-0.677388435537635	1	0.086	0.11	0.024
Bgn	0.730159239276689	0.295646836338931	1	0.11	0.11	0
Akap9	0.731251198353822	0.473095414340659	1	0.123	0.087	0.036
Rasgrp3	0.731549126943513	0.163882639856018	1	0.227	0.213	0.014
Rif1	0.732891309055839	-0.352250445578253	1	0.098	0.134	0.036
Scarb1	0.733088478166669	-0.299998236884327	1	0.092	0.102	0.01
Wdr26	0.733461807103416	-0.166255762885574	1	0.098	0.11	0.012
Afap1l2	0.734910474414229	-0.397473234668229	1	0.282	0.276	0.00599999999999995
Arhgef12	0.735429381307085	0.260348802073311	1	0.577	0.496	0.081
Sp1	0.736981438484382	-0.469548725880388	1	0.117	0.142	0.025
Prpf40a	0.738391250195674	0.470751399750278	1	0.104	0.079	0.025
Myh11	0.738543495940708	0.290592729726782	1	0.331	0.315	0.016
Stk38l	0.738865534115874	0.160643883018384	1	0.123	0.118	0.005
Thada	0.739180910922514	0.140690044599501	1	0.16	0.142	0.018
Mycbp2	0.739385525286849	0.385834847331271	1	0.227	0.157	0.07
Tbc1d4	0.739690307592764	-0.339877242025633	1	0.117	0.15	0.033
Maml3	0.74044938051458	-0.668352472458706	1	0.276	0.409	0.133
Cast	0.742063210928515	0.590732769341881	1	0.19	0.118	0.072
Kank2	0.742278462484701	0.252469717340678	1	0.331	0.307	0.024
Spidr	0.742411339245715	0.221214590507284	1	0.123	0.118	0.005
Hip1	0.742863517100667	0.191572098366843	1	0.399	0.323	0.076
Gucy1a1	0.744037757502679	-0.187706545009857	1	0.423	0.402	0.021
Foxd1	0.744334713270874	-0.15709042423856	1	0.086	0.11	0.024
Bltp1	0.744827469625159	0.101089576400925	1	0.123	0.094	0.029
Plscr4	0.745010419082406	0.725552518431027	1	0.104	0.071	0.033
Atosa	0.745096796848561	-0.112273412123777	1	0.301	0.331	0.03
Cntln	0.745592356608194	0.281041443693198	1	0.123	0.094	0.029
Taf3	0.745611251888444	-0.398051025266372	1	0.129	0.157	0.028
Mapk1	0.746348631811274	0.261613527860628	1	0.104	0.063	0.041
Tulp4	0.750045936028358	-0.396476322912609	1	0.08	0.102	0.022
Hnrnpm	0.750649362832869	-0.264286830070626	1	0.166	0.157	0.00900000000000001
Pik3c2a	0.751750973010936	0.483959302666483	1	0.221	0.15	0.071
Ccr9	0.752120325550741	-0.398405269155333	1	0.104	0.094	0.01
Rbpj	0.753219032073947	-0.329160870028831	1	0.141	0.165	0.024
Wwp1	0.753559110742891	0.779982494464192	1	0.11	0.055	0.055
Zmym2	0.753936760541845	-0.453978827552299	1	0.092	0.118	0.026
Lifr	0.754055174503687	-0.281472840121515	1	0.135	0.157	0.022
Ccnl2	0.755655717276015	0.240237923812843	1	0.245	0.165	0.08
Fam172a	0.75619143325408	-0.297927423263849	1	0.417	0.465	0.048
Pcnx	0.760292531614201	0.659023030130431	1	0.123	0.094	0.029
Zup1	0.760453420545249	-0.325646605661624	1	0.123	0.11	0.013
Cspg4	0.762006607601453	-0.138861207253229	1	0.387	0.402	0.015
Ddr2	0.763714899403983	-0.324041805051881	1	0.172	0.22	0.048
Nktr	0.764073008878693	0.515321027182655	1	0.172	0.118	0.054
Msn	0.765135635457204	0.295366870405484	1	0.178	0.134	0.044
Car4	0.767409755168501	0.322108816467927	1	0.141	0.118	0.023
Rsu1	0.767962043310972	0.328288068581059	1	0.313	0.283	0.03
Plekha2	0.76820179505032	-0.159250549378948	1	0.104	0.11	0.00600000000000001
Sntb1	0.768695969315269	-0.185299383879091	1	0.681	0.701	0.0199999999999999
Cgnl1	0.771033548250136	0.325865989046504	1	0.356	0.299	0.057
Ehbp1	0.771253267674724	-0.607200730089098	1	0.147	0.189	0.042
Lnpep	0.771885986705083	-0.160335148645714	1	0.104	0.102	0.002
Pcbp2	0.77217204091301	0.484578018203906	1	0.141	0.118	0.023
Rbm27	0.775204885967673	0.32284756222988	1	0.104	0.071	0.033
Sik1	0.775998618744158	0.525652696399079	1	0.147	0.094	0.053
Eml1	0.777348261716566	0.255662896769656	1	0.098	0.11	0.012
Notch2	0.777779870856996	0.360789505675132	1	0.11	0.079	0.031
Maml2	0.778292397102882	0.126473297775292	1	0.816	0.756	0.0599999999999999
Rnf111	0.779184783013913	-0.232949670561814	1	0.11	0.11	0
Ralgapb	0.781402705626865	0.904266413903726	1	0.11	0.039	0.071
Gpc3	0.782126225300367	-0.385487465439659	1	0.245	0.268	0.023
Ankhd1	0.782180961294852	0.140371451266638	1	0.411	0.331	0.08
Nrd1	0.782985846550765	0.205706783554192	1	0.129	0.102	0.027
Cspp1	0.784327703902	-0.447012508038906	1	0.086	0.102	0.016
Ube2e2	0.784536601156555	-0.293372432840094	1	0.147	0.181	0.034
Babam2	0.78729856837926	0.321048159161422	1	0.166	0.118	0.048
Clasp2	0.787403644361581	0.287993905401148	1	0.166	0.134	0.032
Ube2v2	0.787596821602347	-0.879023069009296	1	0.067	0.102	0.035
Atg10	0.787639029935526	0.345387293260455	1	0.141	0.118	0.023
Itpkb	0.789838724215132	-0.404762774401103	1	0.19	0.228	0.038
Naalad2	0.789982197604153	0.325000294915431	1	0.233	0.197	0.036
Ksr1	0.791604254285182	-0.175258873901258	1	0.092	0.11	0.018
Slc12a6	0.791841595380273	-0.331822698011884	1	0.196	0.228	0.032
Dcbld2	0.794399300787611	0.195703998341001	1	0.104	0.094	0.01
Celf1	0.794667404545412	0.787059929412167	1	0.184	0.126	0.058
Sppl3	0.795929180108658	-0.286073930083733	1	0.104	0.11	0.00600000000000001
Cul3	0.802775333891803	0.506209135841405	1	0.172	0.118	0.054
Prpf6	0.804722227201901	0.527932225014856	1	0.104	0.055	0.049
Irf2	0.804910016848144	-0.340334272247222	1	0.153	0.165	0.012
Gng2	0.807636673888759	-0.733094943340308	1	0.086	0.126	0.04
Atp11c	0.808020254382234	0.327968460903096	1	0.196	0.157	0.039
Cnot4	0.808689769088867	0.153686582115595	1	0.27	0.268	0.002
Fap	0.808740796638565	-0.201751824803198	1	0.245	0.268	0.023
Glg1	0.810857458346191	0.116471669721551	1	0.129	0.142	0.013
Crim1	0.810905205741993	0.149592916224905	1	0.497	0.449	0.048
Shoc2	0.812284930377038	-0.201924812661728	1	0.147	0.165	0.018
Otud7b	0.812461394400759	-0.123948177263231	1	0.104	0.118	0.014
Rbm39	0.812678720257677	-0.15998687841017	1	0.595	0.591	0.004
Baz2a	0.815034274202795	-0.733703927500212	1	0.123	0.189	0.066
Pcm1	0.815444452832825	-0.212206466135588	1	0.178	0.165	0.013
Relch	0.81839502723438	-0.708899999898546	1	0.067	0.102	0.035
Pcdh19	0.819237372173397	-0.575398516056022	1	0.202	0.236	0.034
Zc3hav1	0.821439816640557	-0.946535765160167	1	0.074	0.102	0.028
Eps8	0.823078241492865	-0.112600079599786	1	0.405	0.354	0.051
Ndrg2	0.8259481375307	0.281712398263054	1	0.11	0.079	0.031
Foxp1	0.826755699782996	-0.155381167875061	1	0.822	0.858	0.036
Myo1e	0.828431351330375	0.118915824065414	1	0.209	0.173	0.036
Rsrc1	0.830429496179115	-0.130411217522559	1	0.233	0.252	0.019
Agfg1	0.832830566948345	0.277200506400999	1	0.184	0.142	0.042
Taf15	0.832837989071534	0.428543212577971	1	0.104	0.063	0.041
Rbm25	0.83290180726105	-0.217246859685789	1	0.27	0.307	0.037
Thap3	0.833605292700992	-0.257785104456058	1	0.16	0.165	0.005
Dennd4c	0.833662143322252	-0.217098595941079	1	0.196	0.197	0.001
Ptprk	0.833977657293024	0.127160372117142	1	0.81	0.819	0.0089999999999999
Lama4	0.834361253708808	-0.190114280373721	1	0.405	0.409	0.00399999999999995
Rbm33	0.837163603856794	0.225560183435764	1	0.129	0.11	0.019
Mecp2	0.839603173356219	-0.148139693418777	1	0.221	0.205	0.016
Pank2	0.840465844664074	-0.153136100499391	1	0.11	0.118	0.00799999999999999
Mbnl1	0.840737137182272	0.412670682490006	1	0.38	0.323	0.057
Btrc	0.843471541102497	-0.122376017295964	1	0.221	0.189	0.032
Ptk2	0.84416754286307	-0.420109102538992	1	0.429	0.472	0.043
Tfpi	0.846729800220862	-0.829321293429164	1	0.092	0.118	0.026
Clybl	0.849644898353766	-0.162426093418779	1	0.141	0.134	0.00699999999999998
Peli1	0.850492218576807	0.273981785264493	1	0.129	0.118	0.011
Snx6	0.850676043137945	0.219122998307495	1	0.178	0.142	0.036
Lpp	0.851097989739605	0.11126482711497	1	0.583	0.551	0.0319999999999999
Sltm	0.851245342292926	0.567031365348183	1	0.117	0.087	0.03
Rdx	0.852099570870898	0.624375802474331	1	0.141	0.094	0.047
Pdxdc1	0.856137239401373	-0.102866648159631	1	0.19	0.165	0.025
Katnbl1	0.856502901384094	-0.18214420420197	1	0.117	0.11	0.00700000000000001
Cpne1	0.856509260976782	-0.586626156484575	1	0.129	0.165	0.036
Gbe1	0.857463286117594	-0.179134068570951	1	0.141	0.134	0.00699999999999998
Smc1a	0.857601992605263	0.354021626058349	1	0.166	0.126	0.04
Myom1	0.858166908014088	0.603831674534651	1	0.264	0.213	0.051
Stk3	0.858222763951071	0.116380900854089	1	0.399	0.362	0.037
2610008E11Rik	0.858338371469722	-0.769627271045125	1	0.074	0.11	0.036
Tnip2	0.858888776021016	-0.615936217087171	1	0.074	0.11	0.036
Trip12	0.859199397292917	0.209390070548445	1	0.202	0.157	0.045
Ap1g1	0.863669022847986	0.333471408324881	1	0.11	0.079	0.031
Ets1	0.866374836398146	-0.222666431176606	1	0.288	0.291	0.003
Tnfaip1	0.868122132408702	-0.147043574210165	1	0.233	0.244	0.011
Bcl2	0.869026953291154	-0.140163443309864	1	0.209	0.22	0.011
Mrtfa	0.871661519213716	0.41630041068364	1	0.147	0.102	0.045
Abcc9	0.87300865115221	-0.113969005178038	1	0.54	0.583	0.0429999999999999
Irs1	0.875247250826383	0.356107679971428	1	0.117	0.087	0.03
Tbc1d1	0.876578771241022	-0.125765081375583	1	0.571	0.567	0.004
Fam118a	0.876663331295722	-0.305104043515342	1	0.123	0.134	0.011
Gkap1	0.878493421361381	0.513132593215623	1	0.135	0.102	0.033
Bicra	0.880343796885975	0.190573443000173	1	0.135	0.126	0.00900000000000001
Ahctf1	0.881059765727469	0.285366208157424	1	0.11	0.079	0.031
Anxa7	0.881559029815616	0.521966342293025	1	0.117	0.071	0.046
Myo9a	0.881611617033444	0.476395128945157	1	0.11	0.071	0.039
Zkscan3	0.881843011619264	0.961191448165433	1	0.129	0.071	0.058
Lmod1	0.881890027315255	0.367072160743738	1	0.19	0.15	0.04
Itprid2	0.881951400882193	0.405938321991355	1	0.104	0.071	0.033
Lima1	0.883310302109566	0.420040117308353	1	0.141	0.11	0.031
R3hdm2	0.883661196301447	0.449757591515755	1	0.117	0.079	0.038
Map3k20	0.884421205762409	0.126541851925226	1	0.613	0.567	0.046
Golim4	0.886320458126848	0.285925068623029	1	0.172	0.126	0.046
Ctdspl	0.886369740389388	-0.111102548665303	1	0.528	0.535	0.00700000000000001
Gtf3c2	0.887212963841577	1.12597834635544	1	0.135	0.055	0.08
Ptbp2	0.887496881310168	0.57445764084913	1	0.104	0.071	0.033
Trappc9	0.88942232645136	-0.375227003404064	1	0.129	0.142	0.013
Cnot2	0.889891972262905	0.642440220105308	1	0.166	0.102	0.064
Traf5	0.890167318971871	-0.292534174685229	1	0.098	0.102	0.00399999999999999
Tlk2	0.890671738454807	0.5827955672102	1	0.178	0.11	0.068
Higd1b	0.890850461099418	-0.383544509008851	1	0.11	0.134	0.024
Rbpms	0.891927881233457	-0.158991926251234	1	0.736	0.756	0.02
Cecr2	0.891937071843851	0.531193280611893	1	0.135	0.094	0.041
Ywhaq	0.895031835956238	0.291787078270678	1	0.117	0.087	0.03
Vps13d	0.895638943194851	0.463624629501434	1	0.104	0.063	0.041
Ifi203	0.896470123146976	-0.198889083876791	1	0.117	0.126	0.00899999999999999
Ccdc141	0.899690000018156	-0.321672633408909	1	0.479	0.465	0.014
Ppp2r5a	0.899734578722472	0.305871226084489	1	0.153	0.118	0.035
Marchf7	0.899826191978825	0.144946370158703	1	0.294	0.26	0.034
Atp7a	0.901026853650725	-0.343353466642076	1	0.209	0.205	0.004
Ptgis	0.901520795792638	0.154763163133271	1	0.123	0.11	0.013
Srek1	0.901934349497962	0.429048848197244	1	0.215	0.157	0.058
Cux1	0.903948559715943	0.568306580632514	1	0.172	0.102	0.07
Prdm5	0.904191450661593	0.118427907192458	1	0.184	0.173	0.011
Stx8	0.904867679783325	-0.170230890070175	1	0.129	0.134	0.005
Synpo2	0.906274090892422	0.215059814992069	1	0.19	0.181	0.00900000000000001
Pard3	0.906690253541659	-0.257588699248906	1	0.515	0.535	0.02
Ifnar2	0.906950163472122	0.150256070281767	1	0.123	0.11	0.013
Pdgfd	0.909550465842521	0.235276872926063	1	0.178	0.157	0.021
Gphn	0.909756993231549	-0.171870565469761	1	0.337	0.323	0.014
Dab2ip	0.911332003057498	-0.233464485747401	1	0.147	0.165	0.018
Tnrc18	0.911447391251729	1.18473215022774	1	0.129	0.071	0.058
Stau1	0.913254589299258	0.966313316921195	1	0.11	0.063	0.047
Vps54	0.913358135902599	-0.240123086208839	1	0.141	0.15	0.00900000000000001
Abhd2	0.913933718396697	0.210582478865483	1	0.215	0.181	0.034
Nckap1	0.914117620100833	-0.135087914961594	1	0.16	0.157	0.003
Stk24	0.916606219393961	0.166267956974239	1	0.239	0.213	0.026
Gab2	0.917636251625959	-0.16811749422275	1	0.368	0.362	0.00600000000000001
Atf7	0.920074793718965	-0.15260061207206	1	0.288	0.276	0.012
Myo1d	0.921154336112332	0.134156079026046	1	0.319	0.26	0.059
Sh2b3	0.926993138396158	0.211710609517456	1	0.11	0.094	0.016
Mrtfb	0.929123318780311	-0.133891312253661	1	0.117	0.11	0.00700000000000001
Braf	0.930245075143095	0.298154261763857	1	0.319	0.252	0.067
Phlpp1	0.932418375441657	0.107439525805448	1	0.491	0.441	0.05
Oga	0.932466266680587	-0.217667682758794	1	0.16	0.157	0.003
Gcc2	0.936018589405746	0.259578023653362	1	0.153	0.126	0.027
Inpp5a	0.936244912605373	0.417093350629284	1	0.313	0.236	0.077
Ssbp2	0.937169229993726	0.386862907698457	1	0.141	0.118	0.023
Rbm5	0.9389965861416	-0.13477255546838	1	0.209	0.213	0.004
Ror1	0.939027987443961	0.17386076106614	1	0.675	0.622	0.053
Pip4p2	0.939319789880261	0.708029310457665	1	0.117	0.063	0.054
Tspan5	0.939558196284423	-0.781488127393096	1	0.074	0.102	0.028
Zzef1	0.94033609360391	0.853116523591942	1	0.117	0.063	0.054
Rcor1	0.940414374135861	0.379351718788817	1	0.129	0.102	0.027
Emcn	0.94060470918059	0.275490174194299	1	0.184	0.165	0.019
Irf3	0.940788531413832	-0.230397405035364	1	0.098	0.102	0.00399999999999999
Dennd6a	0.94198478387475	-0.418545167315555	1	0.147	0.173	0.026
Kcnj8	0.942172007313064	0.174560930639662	1	0.19	0.165	0.025
Tmtc1	0.943481253584318	0.398993735523616	1	0.147	0.126	0.021
Ncoa2	0.943576751846833	0.685157420631856	1	0.166	0.094	0.072
Exoc2	0.944910340738841	-0.242251235576288	1	0.098	0.11	0.012
Clint1	0.949520290373589	0.674535410373707	1	0.16	0.094	0.066
Pkn1	0.955951394036933	0.135519745052361	1	0.141	0.126	0.015
Samhd1	0.956522918368117	0.257599585905566	1	0.11	0.079	0.031
Zfp362	0.959128368238754	0.111519655300269	1	0.117	0.094	0.023
Pdlim5	0.96004641911183	0.159049483379924	1	0.288	0.291	0.003
Zfhx3	0.965182722388143	0.11357834742256	1	0.583	0.543	0.0399999999999999
Abcd3	0.965691616832098	0.327779639447287	1	0.123	0.094	0.029
Anapc5	0.966989897785553	-0.217629430816641	1	0.117	0.11	0.00700000000000001
Mier1	0.967824787891738	0.210627606005407	1	0.239	0.205	0.034
Spaar	0.969461934586934	-0.534973640072812	1	0.104	0.134	0.03
Rabgap1	0.971645802562198	0.505479196267304	1	0.221	0.142	0.079
Thoc2	0.972135436283814	-0.108229010851356	1	0.16	0.157	0.003
Mbtd1	0.972257660629238	-0.296513778273006	1	0.11	0.11	0
Plxnb1	0.972267544142487	-0.15879693652778	1	0.098	0.118	0.02
Dgkb	0.972866512251758	0.280620484147117	1	0.577	0.543	0.0339999999999999
Raf1	0.974948618967121	0.536723888361547	1	0.141	0.102	0.039
Camk2g	0.976115927993755	0.647241588943536	1	0.184	0.142	0.042
Swt1	0.977846290258825	0.390394840603151	1	0.129	0.094	0.035
Trak1	0.978155340504546	-0.283613544673627	1	0.27	0.283	0.013
Dock1	0.978283574776251	-0.129127631939908	1	0.411	0.378	0.033
Mark3	0.978727932057398	0.279128585360464	1	0.117	0.087	0.03
Akap13	0.979553659473569	-0.208364607111542	1	0.38	0.394	0.014
Srpr	0.979694337064264	-0.174727068128383	1	0.104	0.102	0.002
Cpq	0.980822367468835	0.278843324768076	1	0.331	0.299	0.032
Xrcc4	0.982349059292722	0.242622908007622	1	0.123	0.102	0.021
Rnf152	0.98756980669088	0.673596304597315	1	0.252	0.205	0.047
Apobec1	0.988097143639044	0.183695486201118	1	0.141	0.126	0.015
Pds5a	0.98820386351934	-0.143035003970548	1	0.141	0.142	0.001
Pals1	0.991076421784051	0.361085970209749	1	0.141	0.11	0.031
Osmr	0.991991228678366	0.454665477207869	1	0.264	0.22	0.044
Nt5dc1	0.992091985579592	-0.38630279464087	1	0.129	0.142	0.013
Prrc2b	0.992418519976913	0.107618011719046	1	0.11	0.079	0.031
Gpbp1	0.994965754249116	-0.131419378899698	1	0.135	0.134	0.001
Adap2	0.994981623242555	-0.133862791215676	1	0.62	0.638	0.018
Nfat5	0.996171854337586	-0.174422377968886	1	0.405	0.402	0.003
Arid2	0.99634782922941	-0.323161657832196	1	0.153	0.165	0.012
Igfbp7	0.998580151566269	0.1166967314383	1	0.656	0.614	0.042
