gene	p_val	avg_log2FC	p_val_adj	percent_3	percent_0	percent_difference
Serpini1	1.42851593347834e-10	-5.70472130842876	2.55961484960648e-06	0.008	0.41	0.402
Mast4	5.76179412254944e-08	1.09730701221487	0.00103239827087841	0.954	0.916	0.0379999999999999
Galnt17	2.01797587437207e-07	5.96030952084968	0.00361580917169988	0.362	0.012	0.35
Psd3	8.09479037111807e-07	1.24660304704513	0.0145042453869693	0.754	0.482	0.272
Per2	5.24594447351517e-06	-5.03484647913464	0.0939968330764447	0.008	0.181	0.173
Atosa	1.66817627479801e-05	-1.66556264520642	0.298903824918307	0.131	0.301	0.17
Plxdc1	0.000114649732889905	1.81302075923552	1	0.438	0.217	0.221
Trpc3	0.000217863856155203	0.81008790292152	1	0.815	0.602	0.213
Ano4	0.000331859108191376	-1.27623658046666	1	0.285	0.53	0.245
Plcb4	0.00040106070147525	-1.30802311354659	1	0.215	0.349	0.134
Golga4	0.000480853468753916	-4.24146869498977	1	0.008	0.12	0.112
Itm2b	0.000490706983003049	-1.01327952044023	1	0.231	0.349	0.118
Atxn1	0.000568054890985883	-0.826575994618991	1	0.162	0.386	0.224
Lin7a	0.000627998805222371	-1.65799079255604	1	0.254	0.518	0.264
Tef	0.000671243426647291	-1.92742482311068	1	0.115	0.277	0.162
Actn4	0.000715675771195566	-1.56854507603108	1	0.146	0.349	0.203
Dlc1	0.000744890265791973	0.569396333503384	1	1	0.988	0.012
Baz1b	0.000875350269476023	-1.96805130291758	1	0.069	0.241	0.172
Stag2	0.000884531800351912	-1.01236491494797	1	0.231	0.361	0.13
Dock9	0.000999615933580658	1.20342381463118	1	0.154	0.12	0.034
Kctd1	0.00102189991728654	-2.4311319315901	1	0.062	0.229	0.167
Ubr5	0.00108452510139799	-2.46618951984265	1	0.038	0.229	0.191
Maco1	0.00116600450219435	-3.15907936851963	1	0.008	0.108	0.1
Nckap5	0.00126558250589206	3.47871696724696	1	0.123	0.012	0.111
Rnf152	0.00136867850147729	-1.36222512579031	1	0.115	0.337	0.222
Ndst3	0.00139393832126518	-1.86697174876989	1	0.123	0.41	0.287
Kank2	0.00140464415909565	1.53276229341289	1	0.323	0.181	0.142
Ncoa7	0.00143438825885971	-7.49582402144852	1	0	0.12	0.12
Septin4	0.00148226007423517	1.02917882666569	1	0.508	0.325	0.183
Lrch1	0.00191701819518354	-1.70159136440337	1	0.1	0.337	0.237
Setd5	0.00193248783028742	0.655724588091334	1	0.4	0.289	0.111
Cert1	0.00197440996960845	-1.46327832787029	1	0.108	0.145	0.037
Cask	0.00217674818751629	0.678291485941451	1	0.192	0.217	0.025
Tnrc18	0.0024218176109395	2.43460500288115	1	0.177	0.048	0.129
Snd1	0.00250403168447294	-0.918935560347325	1	0.162	0.217	0.055
Ube2g1	0.00253007732357431	-3.47488803654284	1	0.015	0.145	0.13
D5Ertd579e	0.00263292453366233	-1.81031670433387	1	0.085	0.181	0.096
Serinc3	0.0031812252065918	-1.53339897215415	1	0.123	0.301	0.178
Rsrp1	0.00325410733281353	-1.92054141891566	1	0.062	0.193	0.131
Ptprk	0.00325472320587785	0.511192529736341	1	0.9	0.795	0.105
Lama2	0.00333595474620277	0.967236326454811	1	0.8	0.651	0.149
Rbms1	0.00346313158792056	0.741675061032208	1	0.746	0.59	0.156
Ablim1	0.00356235239867768	-1.65862879752559	1	0.077	0.169	0.092
Tinagl1	0.00357361895932835	-1.4325005244312	1	0.031	0.12	0.089
Khdrbs1	0.00371718445583647	-3.0400480471911	1	0.023	0.181	0.158
Pde4d	0.00390523035533786	0.907516410375954	1	0.854	0.639	0.215
Mthfd1l	0.00433453256983896	-7.85186533545869	1	0	0.12	0.12
Pakap	0.00433453256983903	-7.6617277625827	1	0	0.12	0.12
Actn1	0.00438906862341197	-5.16122979725668	1	0.008	0.145	0.137
Brd1	0.00449500104952091	-3.54272001937329	1	0.015	0.169	0.154
Daam1	0.00453130154583749	1.02604503640207	1	0.562	0.337	0.225
Cysltr2	0.00454455501553465	1.89556094516533	1	0.315	0.096	0.219
Scaf4	0.00485383655262321	-3.12880772712178	1	0.015	0.12	0.105
Ntrk3	0.00488112104822313	-2.41894726209649	1	0.015	0.145	0.13
Stk38l	0.00501925983148374	-2.70598650817359	1	0.023	0.133	0.11
B3galt1	0.00527791895210095	0.991760852856176	1	0.238	0.06	0.178
Dym	0.00546060042582143	-2.54361113794442	1	0.031	0.157	0.126
Gpcpd1	0.00608181063174034	0.819654195990968	1	0.623	0.41	0.213
Cbl	0.00634586553751371	-2.26005553596484	1	0.023	0.169	0.146
Notch3	0.00683661506630495	0.599879675492192	1	0.808	0.747	0.0610000000000001
Arap2	0.00704412932108347	1.43305741177688	1	0.377	0.145	0.232
Mrtfb	0.00725704448664842	-3.64409840831841	1	0.015	0.181	0.166
Mical3	0.00729224880418894	-2.42153300029735	1	0.023	0.145	0.122
Ywhaq	0.00736907201753505	1.57014035159625	1	0.192	0.072	0.12
Cbx5	0.00755810769856042	-1.12173838623351	1	0.2	0.337	0.137
Zzef1	0.00756553233711785	0.822824841844737	1	0.108	0.108	0
Kmt5b	0.00812295918241611	1.13915132754098	1	0.269	0.133	0.136
Phkb	0.00832335417250546	1.53644903770841	1	0.269	0.145	0.124
Actg1	0.00850910897458301	-2.72017513800207	1	0.023	0.145	0.122
Dennd2b	0.00879878830916497	0.48623160136276	1	0.569	0.602	0.033
Ppp4r2	0.00886578712892197	-1.03966165272381	1	0.023	0.12	0.097
Fbxo3	0.00891320941402226	-2.90961423077062	1	0.015	0.157	0.142
Vps13a	0.00948818802547979	-2.4124342544886	1	0.038	0.205	0.167
Atp13a5	0.00953287795631498	0.578637049762966	1	0.877	0.735	0.142
Thsd4	0.00957414459677823	-0.711980907606068	1	0.062	0.181	0.119
Sf3b2	0.00968949963374177	-4.77832011936889	1	0.008	0.133	0.125
P4ha1	0.00991413709579731	-1.64278428918731	1	0.069	0.108	0.039
Pdgfrb	0.00997122157858285	0.43715288775262	1	0.831	0.639	0.192
Fry	0.0101923201386529	0.70810367027699	1	0.954	0.928	0.0259999999999999
Ube2h	0.0104501811106028	-1.4948925888488	1	0.092	0.205	0.113
Pde8b	0.0106054214332338	0.52055062168112	1	0.877	0.735	0.142
Rgs7bp	0.0107939037598381	-2.01870678954415	1	0.023	0.133	0.11
Dgkd	0.010835219298102	-3.36286563518149	1	0.008	0.108	0.1
Slc12a2	0.0110068729393066	-0.635930907439777	1	0.446	0.458	0.012
Ggta1	0.011110892795688	1.42735912035971	1	0.246	0.133	0.113
Vti1a	0.0113193378737316	-0.736518166518378	1	0.146	0.301	0.155
Hmbox1	0.0113450763635414	-1.03732903896988	1	0.123	0.253	0.13
Slco3a1	0.0115011383396136	-0.305960420869894	1	0.669	0.627	0.042
Ppp2r2a	0.0116797331803371	2.01287842949843	1	0.138	0.048	0.09
Asap1	0.0117184849040155	-1.11173835623156	1	0.185	0.361	0.176
Shprh	0.0122590066215073	-2.11963756451056	1	0.023	0.133	0.11
Oaz2	0.012441653177904	1.08474580796548	1	0.262	0.157	0.105
Cblb	0.0131963712743335	-0.7769499045081	1	0.2	0.301	0.101
Plcl1	0.0132388958939441	0.391117891255705	1	0.992	0.94	0.052
Spag9	0.0136593922699445	-1.49525104394914	1	0.077	0.217	0.14
Nsmaf	0.0140540775654005	-2.53754285145463	1	0.015	0.108	0.093
Exoc6b	0.0144354885227224	0.621599862627207	1	0.323	0.313	0.01
Tagln	0.0145786196656904	-0.629758251219202	1	0.069	0.169	0.1
Gtf3c2	0.0148459259800401	0.711433419026746	1	0.131	0.096	0.035
Septin11	0.0151987378639972	0.751944417220545	1	0.685	0.566	0.119
Kif5b	0.0152305158308306	1.84830714064292	1	0.162	0.06	0.102
Eif4g3	0.0152991288400415	1.52235826925252	1	0.223	0.096	0.127
Rps27a	0.0153867091750034	-2.73907906591591	1	0.015	0.12	0.105
Arhgap24	0.0154462367238318	-1.27881706155795	1	0.108	0.229	0.121
Vstm4	0.0155089705664181	1.61603832045075	1	0.262	0.108	0.154
Mdm4	0.0161575182063175	0.367871680143846	1	0.185	0.169	0.016
Wdr33	0.0162342995580302	0.763457932387554	1	0.154	0.145	0.00900000000000001
Atp8b1	0.0163035273850246	-1.39068707814611	1	0.108	0.193	0.085
Cdkal1	0.0163584636238489	-0.326509663462066	1	0.177	0.301	0.124
Zfp704	0.0164582199308409	-2.49640903808889	1	0.023	0.108	0.085
Rbpj	0.0165883829390671	-1.43707795179773	1	0.077	0.181	0.104
Ubac2	0.0167121807775916	-4.36729758687082	1	0.008	0.12	0.112
Paxbp1	0.0168304338842468	-3.71164420804408	1	0.008	0.108	0.1
Eif3j1	0.017296873640561	3.00442463121073	1	0.108	0.012	0.096
Akap7	0.0173045315113554	0.999908762709758	1	0.338	0.181	0.157
Itpk1	0.0173250993287799	-1.87585523663426	1	0.023	0.108	0.085
Ano1	0.0177504820898222	0.934924011305238	1	0.646	0.482	0.164
Uty	0.0179043796666832	-7.27447700723949	1	0	0.108	0.108
Itga1	0.0181417729131022	0.687285665464584	1	0.831	0.723	0.108
Wdfy3	0.0181807730353672	-0.513394152821386	1	0.185	0.337	0.152
Camta1	0.0184944067987462	-2.64453843971821	1	0.015	0.108	0.093
Sdccag8	0.0187245502208212	-1.35798794741084	1	0.038	0.108	0.07
Grm3	0.019115110271389	0.70903363121799	1	0.8	0.627	0.173
Tle1	0.019246713808194	1.90241031420308	1	0.215	0.06	0.155
Tmem135	0.0195796920718333	-2.28965860333906	1	0.031	0.133	0.102
Rassf3	0.0195985814288944	1.52601139663172	1	0.162	0.072	0.09
Sulf1	0.0196463721086092	-3.56908380773299	1	0.015	0.108	0.093
Cd200	0.0196631178642072	-0.846150830410087	1	0.038	0.12	0.082
Alcam	0.0201473913850321	3.93589265255004	1	0.115	0.012	0.103
Pwwp2a	0.0202265792684216	-0.971093107176838	1	0.177	0.253	0.076
Eif4a2	0.0202293058566003	0.971008638831796	1	0.162	0.084	0.078
Clip1	0.02028145986949	-2.01320096702337	1	0.046	0.241	0.195
Magi1	0.0203223998217506	-1.27472177785798	1	0.1	0.217	0.117
Glyr1	0.0203423730845633	-2.82787671291155	1	0.015	0.108	0.093
Ddx6	0.0210608892334786	1.25738502198667	1	0.223	0.096	0.127
Ppp1r12b	0.0211049989185329	-0.3134041909056	1	0.169	0.289	0.12
Gpbp1l1	0.0217494041773944	1.37135037150012	1	0.115	0.048	0.067
Nr6a1	0.0221655058304483	-2.52136813404385	1	0.031	0.133	0.102
Supt3	0.0233218557732205	-1.90734937097161	1	0.038	0.133	0.095
S1pr3	0.0234752595759472	0.797654204500437	1	0.223	0.12	0.103
Asxl1	0.0236599442969581	-0.863006584735305	1	0.077	0.169	0.092
Sox5	0.0237395694177046	0.463484253140373	1	0.915	0.867	0.048
Mospd1	0.0240805514170593	2.25342766745088	1	0.138	0.036	0.102
Son	0.0250847324768805	0.503207190804533	1	0.685	0.663	0.022
Sf1	0.0257565678946218	-1.7504115385717	1	0.054	0.169	0.115
Rac1	0.0259202903368746	-2.69202590083782	1	0.023	0.12	0.097
Usp25	0.0259248503056726	0.432532699154446	1	0.423	0.277	0.146
Cast	0.0262205141183393	0.960479751206478	1	0.215	0.096	0.119
Cers5	0.0266995096374202	1.11197659726932	1	0.146	0.084	0.062
Lcor	0.0271387064521321	-1.79795679333378	1	0.046	0.169	0.123
Lclat1	0.0274634028566531	-1.48516262925194	1	0.038	0.157	0.119
Ankhd1	0.0282201572641959	1.24763825648891	1	0.423	0.205	0.218
Inpp5f	0.0290714556742683	-3.58799532961761	1	0.008	0.108	0.1
Sil1	0.0297012770351277	-3.04827899889673	1	0.015	0.12	0.105
Arcn1	0.0304993660326338	2.08010159006246	1	0.162	0.048	0.114
Arnt	0.0307217213118213	-1.01043235846721	1	0.085	0.193	0.108
Nfkb1	0.0308620133532901	-0.826159698326845	1	0.2	0.241	0.041
Dcdc2a	0.0310085229238792	0.437492107731096	1	0.331	0.229	0.102
Ptgis	0.0311867740532192	-2.42122487538844	1	0.038	0.12	0.082
Nup153	0.031422807152591	-1.62243197239104	1	0.069	0.181	0.112
Itch	0.0317086992686343	-1.01024581804003	1	0.185	0.337	0.152
Zscan26	0.0325047639666992	-3.23671443850119	1	0.015	0.108	0.093
Rem1	0.0328487984610581	1.52166769801886	1	0.2	0.06	0.14
Ncoa2	0.0328844381105071	-1.03730134941251	1	0.108	0.253	0.145
Arhgap17	0.033477135594359	-1.22563875328302	1	0.092	0.145	0.053
Armc8	0.034904279966713	-2.43648892340336	1	0.031	0.181	0.15
Clic4	0.0351400539760579	-1.00813827716974	1	0.085	0.193	0.108
Akap11	0.0351496155169519	-4.24969372640863	1	0.008	0.133	0.125
Ube2w	0.0352356658032181	-2.89407834068417	1	0.015	0.12	0.105
Hnrnpa2b1	0.0352638365922303	0.688743888601461	1	0.415	0.313	0.102
Clasp1	0.0353999629698083	-1.35634587326751	1	0.054	0.12	0.066
Cmss1	0.0363269288919961	-0.67683140968896	1	0.131	0.241	0.11
Tcf4	0.0372690228346474	0.278801985871106	1	0.777	0.771	0.00600000000000001
Esyt2	0.0373488511463829	-1.01073366681319	1	0.169	0.386	0.217
Ppp3cc	0.0373543851178006	-1.89962467163716	1	0.046	0.169	0.123
Arhgap35	0.0379367187864269	-1.42229118270807	1	0.038	0.108	0.07
Klf12	0.0385745965382485	-0.581769862932982	1	0.515	0.59	0.075
Msi2	0.038631293876815	0.734254190465592	1	0.5	0.47	0.03
Ncl	0.0389632410953842	-0.263506430932564	1	0.154	0.169	0.015
Lsamp	0.0390609097358847	0.175003135669169	1	0.815	0.627	0.188
Gpc6	0.0398251841740343	0.594484851967183	1	0.808	0.735	0.0730000000000001
Tcf7l1	0.0405147023221497	-0.663717197688722	1	0.154	0.265	0.111
Tet3	0.0408332564242198	-1.77027422502088	1	0.031	0.108	0.077
Phf12	0.0413146134502245	-1.19524216160673	1	0.054	0.145	0.091
Arhgap29	0.0413744151071515	0.498212330486635	1	0.662	0.554	0.108
Numa1	0.0414303208428216	0.585457960524632	1	0.131	0.108	0.023
Epc1	0.04149198389226	-0.90812233122192	1	0.092	0.193	0.101
Slit3	0.0418062475113923	-4.71652655162212	1	0.008	0.108	0.1
Sobp	0.0420090280135685	-1.58566732443635	1	0.031	0.12	0.089
Sh2b3	0.0422059562647959	1.70590457882541	1	0.1	0.036	0.064
Ulk2	0.0428311383876177	-1.48372525825485	1	0.1	0.145	0.045
Ano10	0.0430108862579092	-1.84514035219866	1	0.031	0.108	0.077
Ahnak	0.043135994189094	-0.820901248330884	1	0.138	0.229	0.091
Trpc4	0.043416985011097	-0.785447817475693	1	0.346	0.398	0.052
Rgs5	0.0437011530508345	0.224803841936732	1	0.638	0.506	0.132
Tmem234	0.0437435284798282	-2.59968460485689	1	0.023	0.108	0.085
Fap	0.0438688812331424	0.859689044934196	1	0.369	0.205	0.164
Bmpr1a	0.0438991492818619	-0.107688249966829	1	0.246	0.349	0.103
Lemd3	0.0440116665077863	-2.09699763148935	1	0.023	0.108	0.085
Ktn1	0.0441761530835349	-1.56683511048763	1	0.085	0.241	0.156
Arhgef12	0.0445540072385134	0.529028945486254	1	0.577	0.458	0.119
Utrn	0.0457179915392081	0.179934334557763	1	0.931	0.976	0.0449999999999999
Eda	0.046311825806101	1.42986024442033	1	0.154	0.096	0.058
Zc3h7b	0.0464011302098394	-1.88415062356678	1	0.046	0.145	0.099
Desi2	0.0465867114606002	1.28107069588553	1	0.169	0.084	0.085
Ncor2	0.0472301652270634	-0.577251575496912	1	0.138	0.181	0.043
Numb	0.0475380885847772	-0.407115833046084	1	0.146	0.265	0.119
Fbxl12	0.0476029083903946	-1.78330325622	1	0.023	0.108	0.085
Uaca	0.047812813755075	1.20789705770757	1	0.292	0.169	0.123
Ttpal	0.0480822786820259	3.01301252665187	1	0.1	0.012	0.088
Commd1	0.0483330848476954	3.59023062898388	1	0.1	0.012	0.088
Dnmt3a	0.0487025637952769	-1.51718836192996	1	0.069	0.181	0.112
Slc30a9	0.0488269277334697	-2.6965047319466	1	0.023	0.133	0.11
Cep350	0.0489483841556025	-1.72831998951202	1	0.085	0.277	0.192
Tmsb4x	0.0492831791897798	-0.708006966840721	1	0.031	0.108	0.077
Babam2	0.049392194501108	1.42702531435626	1	0.285	0.145	0.14
Col4a6	0.0496203013547147	-0.246529622617146	1	0.138	0.217	0.079
Atp13a3	0.0499378962161152	-4.13293760936615	1	0.008	0.12	0.112
Cltc	0.0500882638019627	-2.39785073637691	1	0.023	0.157	0.134
Ryk	0.0500960665608559	-1.2979855755634	1	0.1	0.145	0.045
Mbd2	0.0501959187686952	0.974640895106737	1	0.162	0.096	0.066
Eps8	0.0504155753525178	0.633132631492035	1	0.508	0.313	0.195
Thada	0.0504206939637288	-0.819628384927046	1	0.169	0.241	0.072
Ddit4l	0.0505265215331222	2.6300478982287	1	0.123	0.024	0.099
Rbm33	0.0507927141629169	-1.50007981641178	1	0.062	0.193	0.131
Flna	0.0508830175177032	-0.905420071879889	1	0.238	0.289	0.051
Prkar1a	0.0511492065858158	-2.8467470640087	1	0.015	0.133	0.118
Flt1	0.0515689921409351	0.419269090904674	1	0.331	0.193	0.138
Pdgfd	0.0522069345347377	-0.434041428185479	1	0.108	0.193	0.085
Rsu1	0.0537483464631942	-1.06461640400755	1	0.215	0.301	0.086
Ptpn12	0.0537888568516243	-2.35857637778613	1	0.023	0.133	0.11
Rps3a1	0.0546199889302405	-2.52670696630451	1	0.023	0.133	0.11
Agrn	0.0548773385261447	0.503169815258165	1	0.138	0.108	0.03
Mertk	0.0550872817388754	0.906307698621466	1	0.346	0.277	0.069
Rab14	0.0552157211985191	-2.56503249536934	1	0.023	0.133	0.11
Abcc9	0.055939290601762	0.482053927591815	1	0.7	0.566	0.134
Pdzd2	0.0560157250240698	0.303378601043978	1	0.608	0.47	0.138
Uvssa	0.0563317233161281	1.4308108010857	1	0.177	0.06	0.117
N4bp2l2	0.0563739919591971	-0.60479119342509	1	0.069	0.169	0.1
Slc6a20a	0.0568424302824947	0.535294616647286	1	0.738	0.53	0.208
Ccny	0.056877492988078	0.21612847617681	1	0.154	0.181	0.027
Dnajb6	0.0572743386601168	-2.66881078372595	1	0.023	0.12	0.097
Zbtb38	0.0574426452139737	-1.69846825649645	1	0.062	0.145	0.083
Samd4	0.0576328103668962	-0.368701879189863	1	0.246	0.265	0.019
Slc24a3	0.0581291122949796	1.75929168096855	1	0.292	0.133	0.159
Asap2	0.0582013953603247	1.03101533570227	1	0.4	0.217	0.183
Nudt13	0.0586224466529901	-2.0137701781621	1	0.031	0.108	0.077
Pth1r	0.0589332232048661	1.6714949282511	1	0.269	0.084	0.185
Pdss2	0.0595108213072403	-1.16017846869168	1	0.069	0.217	0.148
Zbtb4	0.0598869569586234	-0.58975215457753	1	0.123	0.12	0.003
Zfp326	0.059927343256974	-0.8006539975294	1	0.054	0.12	0.066
Ralgapa2	0.0608305063936366	-0.760833562359842	1	0.054	0.145	0.091
Grb10	0.0611315273799483	-1.3978943087882	1	0.138	0.289	0.151
Zmym5	0.0612391346036188	0.963026187645047	1	0.192	0.12	0.072
Jag1	0.0616243119433025	0.524519540662735	1	0.192	0.096	0.096
Wac	0.0617448257030193	-0.881251312628696	1	0.2	0.337	0.137
Ldlrad4	0.0622893287096274	-1.07656610802931	1	0.138	0.289	0.151
Dhx9	0.0623001155363526	-2.01473262585305	1	0.023	0.12	0.097
Qki	0.0631738920595177	0.947745637531686	1	0.415	0.301	0.114
Nr1d2	0.0633715593813824	-0.639984630067483	1	0.269	0.325	0.056
Maml3	0.0634656721945742	-1.03624169077027	1	0.269	0.386	0.117
Enpep	0.0636623937370902	1.04381966766591	1	0.315	0.193	0.122
Mid1	0.0639292561513522	-0.563331083518531	1	0.085	0.157	0.072
Unc13c	0.0646289238458927	0.383166651228996	1	0.346	0.229	0.117
Dock6	0.0647644169454641	0.845204768078544	1	0.662	0.518	0.144
Auts2	0.0663509134242413	1.69346233216222	1	0.323	0.108	0.215
Cdc42	0.0664094647522809	0.27399072168077	1	0.269	0.253	0.016
Tnfaip1	0.0664953146676754	1.19932116858662	1	0.3	0.145	0.155
Anpep	0.0667165986284672	1.90285364694875	1	0.115	0.036	0.079
Tgfbr3	0.067493026797078	0.934859882409956	1	0.246	0.193	0.053
Atp2c1	0.0676301089596991	-1.53765511447305	1	0.077	0.265	0.188
Gabpb2	0.0682124550429725	-0.890382527317593	1	0.138	0.193	0.055
Capzb	0.0683348496200464	1.30621734282354	1	0.154	0.048	0.106
Cul3	0.0690853370521544	0.457913193093742	1	0.131	0.108	0.023
Rab10	0.0694514457817078	-0.604501787418909	1	0.169	0.289	0.12
Epb41	0.0695483479081596	-1.40577370088932	1	0.023	0.108	0.085
Atp10a	0.0697888071964233	-1.55351469563718	1	0.054	0.157	0.103
Atp2a2	0.0698421179881	-1.08117983116983	1	0.054	0.169	0.115
Dnajc19	0.0702883514887733	-2.36379850552631	1	0.038	0.169	0.131
Myef2	0.0704250029592235	-4.20841670290965	1	0.008	0.108	0.1
Eln	0.0707896522988211	-0.775524031486698	1	0.062	0.133	0.071
Ppfibp2	0.0714691001165261	0.876944899187879	1	0.315	0.241	0.074
Nrf1	0.0714878836891432	0.792767005696719	1	0.254	0.145	0.109
Rnf213	0.071493750082163	2.17083973198607	1	0.115	0.036	0.079
Prickle2	0.0716730932676071	-1.45921880522151	1	0.038	0.108	0.07
Myocd	0.0717484749901944	-0.786740308992188	1	0.062	0.169	0.107
Tmpo	0.0732500036477418	0.594263815785875	1	0.115	0.108	0.00700000000000001
Rcsd1	0.0733018434336338	0.718989622599528	1	0.369	0.253	0.116
Gng12	0.0738051773574565	-0.880681004235651	1	0.115	0.241	0.126
Trio	0.0745200728606387	-2.46092426420071	1	0.031	0.145	0.114
Tmcc1	0.0753608300841197	-0.456592540351594	1	0.269	0.458	0.189
Crebbp	0.0756285340350758	0.404418636982705	1	0.485	0.349	0.136
Plce1	0.0756724802368479	0.637493548937351	1	0.838	0.687	0.151
Aopep	0.0758077955130155	-0.817122137039201	1	0.269	0.41	0.141
Stard13	0.0762085988419762	0.623099652136599	1	0.562	0.41	0.152
Ski	0.0765414613684879	-1.11873276483038	1	0.108	0.217	0.109
Irs1	0.0765575044042787	2.86840545711773	1	0.131	0.024	0.107
Pkia	0.076987258344361	-2.38691472657363	1	0.031	0.133	0.102
Ccdc141	0.0770578822348812	0.346139945107272	1	0.5	0.386	0.114
Pitpnc1	0.0771771657313844	0.437760551778555	1	0.892	0.783	0.109
Pla1a	0.0772253529199184	-0.85898623992007	1	0.177	0.313	0.136
Prickle1	0.0783144800025001	-0.11716301941914	1	0.077	0.145	0.068
Hip1	0.0797347460234976	-0.561922433011968	1	0.308	0.446	0.138
Mkln1	0.0803680283790544	1.00364073410354	1	0.308	0.193	0.115
Ptp4a2	0.0811304081387998	-1.2578886281059	1	0.077	0.133	0.056
Gkap1	0.0820817836999759	-0.291395415626484	1	0.108	0.084	0.024
Actr2	0.0825528990878602	-2.6938155848967	1	0.015	0.12	0.105
Akap10	0.0827134544834559	1.22636274851151	1	0.131	0.06	0.071
Hlcs	0.0829185829387086	-2.31009511502934	1	0.023	0.108	0.085
Gatm	0.0836417047626169	0.790506531333437	1	0.254	0.133	0.121
Plat	0.0841018041495744	2.01449962620114	1	0.138	0.048	0.09
Ccnd3	0.0844496381979501	-1.21603364148531	1	0.115	0.145	0.03
Ggt1	0.0845970574842161	1.56685613801265	1	0.146	0.036	0.11
Hspa4	0.0852065699890042	-2.80677019272395	1	0.015	0.133	0.118
Sipa1	0.0852281662430523	1.84910729659914	1	0.185	0.072	0.113
Tns2	0.0859952988958374	-0.472471102919965	1	0.185	0.181	0.004
Sorbs2	0.0863513524344368	-0.904506678778033	1	0.131	0.253	0.122
Huwe1	0.0866096721323924	0.632920538052155	1	0.292	0.277	0.015
Ak3	0.0868396791960938	2.36952982299935	1	0.169	0.036	0.133
Gapvd1	0.0872612737391817	-0.551387998135364	1	0.054	0.133	0.079
Fgf13	0.0880632775867588	-0.810384477935484	1	0.062	0.145	0.083
Rbfox1	0.0885580910984144	0.221729778098784	1	0.123	0.145	0.022
Tgfbr1	0.0891056665347934	-0.355490000762397	1	0.131	0.193	0.062
Trip11	0.0893102466445177	-1.17825902026169	1	0.069	0.145	0.076
Poldip3	0.0900693724671395	2.0485978895439	1	0.115	0.036	0.079
Plekhh2	0.0904448560502449	1.08087336068981	1	0.2	0.157	0.043
Pkd1	0.0906977878389693	-1.56498634971969	1	0.077	0.205	0.128
Rnf169	0.0913157028509025	-0.936635454754562	1	0.108	0.253	0.145
Ppp1r12a	0.0922566961690999	-0.54046034375692	1	0.554	0.59	0.0359999999999999
Pik3r1	0.0923492035412107	0.805712591457157	1	0.423	0.253	0.17
Rhbdd1	0.0923706799661076	-0.963103122175113	1	0.077	0.145	0.068
Zfp362	0.0928123466127878	-0.458614953837678	1	0.085	0.145	0.06
Pcm1	0.0937010604063736	-0.982345437072968	1	0.115	0.229	0.114
Snx6	0.0940635255441593	1.71357551594043	1	0.231	0.096	0.135
Tom1l2	0.094164319651533	-1.85230664118067	1	0.046	0.145	0.099
Adam10	0.0944949180407671	-1.55042957341962	1	0.054	0.169	0.115
Ccr9	0.0951370282727904	0.763892893455106	1	0.131	0.108	0.023
Tfpi	0.0953691503875588	0.817022030057414	1	0.185	0.169	0.016
Ube3a	0.0960618402556973	-1.68160655587845	1	0.069	0.181	0.112
Cdk6	0.0964617974001821	0.196190423044027	1	0.262	0.313	0.051
Rbm6	0.0972311720271297	0.113495839236994	1	0.215	0.265	0.05
Zfp568	0.0982201588325242	-0.517109668587972	1	0.062	0.108	0.046
Pde5a	0.0983781475631569	0.406222144709194	1	0.477	0.47	0.00700000000000001
Upf3b	0.098448122780386	1.63995794429858	1	0.123	0.036	0.087
Fndc3a	0.0985227406987361	0.456476506280133	1	0.269	0.157	0.112
Amn1	0.0991391759531539	-1.1161895151438	1	0.108	0.229	0.121
Osmr	0.0995712065247857	0.617302767934889	1	0.208	0.205	0.003
Tmem45a	0.0996796578357636	0.870177242633163	1	0.246	0.133	0.113
Dse	0.10055355588385	0.34466514976855	1	0.185	0.12	0.065
Dmxl1	0.101192032725698	1.22366545487329	1	0.169	0.096	0.073
Apcdd1	0.101483823507903	-0.388395107308776	1	0.154	0.253	0.099
Col4a3	0.101597404740203	0.778384042917879	1	0.262	0.181	0.081
Mef2c	0.101672072764577	-0.953080089743214	1	0.238	0.422	0.184
Apba1	0.101762380520534	-2.25733416935444	1	0.054	0.193	0.139
Tnfrsf19	0.102183458026637	-1.37130082546281	1	0.054	0.12	0.066
Frmd4b	0.103987555217648	-1.49768051623107	1	0.092	0.205	0.113
Atp10d	0.104562619389676	0.163416280598394	1	0.408	0.289	0.119
Mrps28	0.10574948386969	2.08283113807399	1	0.123	0.036	0.087
Trpc1	0.106308044719725	-3.18697479252689	1	0.015	0.12	0.105
Pten	0.10654316550577	0.660434706815164	1	0.708	0.578	0.13
Atp2a3	0.107277813891619	1.29502229094954	1	0.208	0.12	0.088
Mfhas1	0.109676339988271	-0.908411350835478	1	0.054	0.133	0.079
Rmnd5a	0.110426365085611	-3.07691071470006	1	0.023	0.108	0.085
Nrep	0.111509107403117	-1.16381203412912	1	0.046	0.108	0.062
Bicra	0.111657064701926	0.846046985911346	1	0.169	0.096	0.073
Ophn1	0.111815562452044	-1.35978055022896	1	0.038	0.12	0.082
Igsf8	0.111985968841354	-0.296194968962919	1	0.292	0.289	0.003
Gphn	0.112310195080659	0.551122279836085	1	0.323	0.301	0.022
Dis3l2	0.11236164422596	-1.31376561708777	1	0.069	0.205	0.136
Lama5	0.112759482882864	-0.439585695045829	1	0.054	0.12	0.066
Gna13	0.112894931411548	1.75574754655915	1	0.1	0.024	0.076
Ankrd12	0.112918488118754	-1.40015686245141	1	0.192	0.446	0.254
Nrd1	0.112938166247079	-1.06144335460201	1	0.092	0.205	0.113
Afap1l2	0.114391682419024	0.908881002410011	1	0.408	0.217	0.191
Ptbp2	0.114762057461824	-2.03799810864107	1	0.046	0.157	0.111
Vps54	0.115516438246572	0.423941459786689	1	0.2	0.169	0.031
Rhot1	0.116287065320859	-1.89266872819967	1	0.038	0.12	0.082
Pdlim5	0.116727317761695	-0.858105899099119	1	0.223	0.301	0.078
Pnn	0.117566746510211	-1.00935540230502	1	0.069	0.12	0.051
Nisch	0.117590857780482	0.686737024463701	1	0.169	0.12	0.049
Anapc5	0.11776870437146	-1.28564322627928	1	0.069	0.108	0.039
Creb3l2	0.118574680729816	0.662795639606369	1	0.138	0.108	0.03
Plxdc2	0.11861824559956	0.202402781671683	1	0.846	0.723	0.123
Btbd3	0.119379640146523	-1.17183223792835	1	0.062	0.181	0.119
Mib1	0.120270011186766	-1.56666528592636	1	0.062	0.181	0.119
Pkn1	0.120362094017746	-0.797514756097625	1	0.054	0.12	0.066
Cdc27	0.123256833605954	-1.50192402826698	1	0.031	0.108	0.077
Rab31	0.123917303013935	-1.1765074599595	1	0.085	0.169	0.084
Dicer1	0.124539205135695	-1.60636811599329	1	0.046	0.133	0.087
Adap2	0.125473443595122	0.402029495607484	1	0.669	0.566	0.103
Synrg	0.127306786317062	-1.72680945669491	1	0.031	0.108	0.077
Kcnma1	0.127352704073531	-1.42672536813008	1	0.069	0.169	0.1
Atxn2	0.127989335099837	-0.622318150974507	1	0.038	0.12	0.082
Invs	0.128801861078878	-0.577671614424044	1	0.1	0.205	0.105
Pcca	0.129262770396987	0.602833736802545	1	0.5	0.361	0.139
Cald1	0.129312979384079	0.295009594498026	1	0.962	0.952	0.01
Ip6k1	0.129837593646224	0.65753949935916	1	0.154	0.096	0.058
Il13ra1	0.130114255228321	1.64818311571688	1	0.154	0.048	0.106
Susd6	0.130178723538008	0.538242511796041	1	0.446	0.337	0.109
Smim14	0.13107296272076	-1.26731184302777	1	0.085	0.205	0.12
Tasor	0.131455088356939	0.255556491435253	1	0.285	0.277	0.00799999999999995
Ap1g1	0.13160524769463	-2.19489809601356	1	0.031	0.145	0.114
Foxo3	0.132553675039418	-0.984011426262984	1	0.069	0.12	0.051
Ptn	0.133222873487909	0.600373297298245	1	0.723	0.566	0.157
Gpbp1	0.13413829759104	-1.85166200069151	1	0.069	0.193	0.124
Hapstr1	0.134160133649457	-3.14165489733185	1	0.015	0.108	0.093
Senp6	0.135149418091134	-1.45412578250631	1	0.085	0.253	0.168
Map2k5	0.135987096425161	-0.566608711088509	1	0.092	0.169	0.077
Tiparp	0.136145417273189	2.77503215713445	1	0.154	0.036	0.118
Pip5k1b	0.136285542123791	-0.710589965094762	1	0.477	0.614	0.137
Slc38a2	0.136910102223339	-0.509432057600634	1	0.062	0.108	0.046
Art3	0.137426520679712	0.694604006016127	1	0.462	0.313	0.149
Vangl1	0.137478970292496	2.11953772049896	1	0.108	0.036	0.072
Ednra	0.138188845526275	0.784793980804794	1	0.446	0.373	0.073
Strn3	0.138369339088482	0.389125795003906	1	0.562	0.518	0.044
Shroom4	0.138498834937832	1.74966076856677	1	0.1	0.036	0.064
Ythdf3	0.138601381407965	0.70699994019564	1	0.2	0.157	0.043
Sox6	0.138730633956177	-0.437199930826915	1	0.238	0.325	0.087
Zmiz1	0.139099724275111	-1.13025700768617	1	0.054	0.12	0.066
Gbf1	0.13910134807846	-0.78232541883653	1	0.169	0.265	0.096
Gnas	0.140478496246237	-1.04232400800765	1	0.2	0.361	0.161
Wwtr1	0.141585057248428	1.20666538878221	1	0.331	0.217	0.114
ENSMUSG00000121513	0.141673976392771	-0.558217540051646	1	0.323	0.434	0.111
Kmt2e	0.141721991750067	0.423818012042842	1	0.331	0.325	0.00600000000000001
Krcc1	0.141914013251678	0.166542214565987	1	0.115	0.145	0.03
Golim4	0.141920931072213	-0.7413048510641	1	0.131	0.169	0.038
Sh3bgrl	0.141934711191006	-0.461718139981704	1	0.2	0.289	0.089
Trmt9b	0.141953139845363	1.98457421777248	1	0.146	0.048	0.098
Srsf10	0.142534191873098	-1.33042580796099	1	0.054	0.12	0.066
Ackr3	0.143113590321312	0.984725227671654	1	0.177	0.133	0.044
Prpf38b	0.143980413860417	-1.76033922965675	1	0.031	0.108	0.077
Gper1	0.145034598517649	0.505265315144389	1	0.115	0.048	0.067
Pkp4	0.145512547513758	-0.814002068124442	1	0.069	0.133	0.064
Sltm	0.146055368068003	-1.00678299744391	1	0.1	0.229	0.129
St3gal2	0.146989390650261	-0.30044180102855	1	0.115	0.096	0.019
Ppp1cb	0.147000147374996	-1.11810233415678	1	0.123	0.253	0.13
Daam2	0.149635051677202	0.922631110411712	1	0.4	0.289	0.111
Dennd6a	0.149850830591556	-0.459644067034931	1	0.092	0.157	0.065
Fzd6	0.150562298731122	0.433723425897564	1	0.346	0.337	0.00899999999999995
Large1	0.150833532906725	1.25195576377234	1	0.238	0.181	0.057
Ajuba	0.151253026551629	1.4890939556705	1	0.108	0.036	0.072
Ubr2	0.153214690077334	-1.20011081655224	1	0.085	0.205	0.12
Mpp7	0.153396460568555	-0.645038376659859	1	0.2	0.325	0.125
Caap1	0.153420481035501	-2.72449813857661	1	0.023	0.108	0.085
Trim44	0.15343936124637	-1.09178142081408	1	0.092	0.169	0.077
Tjp1	0.15392618645983	0.476253656212346	1	0.515	0.386	0.129
Slmap	0.154023851329512	-0.917503143289986	1	0.154	0.313	0.159
Akap13	0.154424752768876	0.632306939566569	1	0.462	0.301	0.161
Camk2d	0.156526132849123	-1.05315048606518	1	0.377	0.566	0.189
Slc6a13	0.156570469305786	1.16662867830386	1	0.1	0.048	0.052
Qser1	0.156780668415927	1.59978457171574	1	0.108	0.036	0.072
Rapgef4	0.157077661613405	-0.98516136080828	1	0.138	0.301	0.163
Mprip	0.159088543448731	0.626608281649415	1	0.623	0.47	0.153
Tbxa2r	0.159507966119569	1.49477749622711	1	0.138	0.06	0.078
Cds2	0.161223337425091	-1.80699797563726	1	0.031	0.108	0.077
Dennd5a	0.161411235565926	0.612456867669925	1	0.123	0.096	0.027
Cbx1	0.162431646949083	1.2143870760552	1	0.115	0.048	0.067
Itga4	0.162602576174363	0.30962055914041	1	0.315	0.229	0.086
Clk1	0.162963279486807	0.472424527660722	1	0.354	0.301	0.053
Tax1bp1	0.163898195644796	0.725601737272102	1	0.162	0.096	0.066
Cnot1	0.164441109887397	-2.50430128673221	1	0.023	0.108	0.085
Plekhg2	0.164952398320313	-0.176507048161424	1	0.208	0.145	0.063
Rasl12	0.165805612263072	-0.563086599013786	1	0.254	0.313	0.059
Pds5a	0.165812786731771	-1.3270163540007	1	0.085	0.217	0.132
Ash1l	0.166039557969004	-0.257648776364308	1	0.338	0.446	0.108
Spop	0.167151902741292	-0.834711955167851	1	0.146	0.217	0.071
Parm1	0.167337179439243	-2.00295404324514	1	0.038	0.12	0.082
Pcmtd1	0.16797784678935	-1.1065592013322	1	0.062	0.133	0.071
Nt5c2	0.168646489928207	-1.71144895655315	1	0.062	0.181	0.119
Capza1	0.168920835033392	1.58377986907168	1	0.1	0.036	0.064
Rabgap1l	0.168951167766817	1.23860339898721	1	0.146	0.072	0.074
Stk24	0.169597535707223	0.524009429094581	1	0.246	0.217	0.029
Hnrnpf	0.170274710932366	-0.745477857179903	1	0.085	0.12	0.035
Plekha2	0.170471827114874	0.780863941567784	1	0.162	0.096	0.066
Zfp638	0.171508051671147	-0.317773562362801	1	0.1	0.157	0.057
Thsd7a	0.171692776562842	1.67607942687522	1	0.177	0.084	0.093
Myom1	0.171890426773694	-0.914412364371141	1	0.162	0.265	0.103
Adcy9	0.172041449177302	-0.704172668302207	1	0.323	0.361	0.038
Nxn	0.172146326941164	2.24944799837771	1	0.1	0.036	0.064
Wnk1	0.172320908146083	-0.107007907126344	1	0.3	0.361	0.061
Wars2	0.173416669087024	-0.644250018077634	1	0.1	0.157	0.057
St6gal1	0.173748281945549	0.247738023042211	1	0.438	0.301	0.137
Sbf2	0.173930562476561	0.384271768184084	1	0.538	0.434	0.104
Exoc5	0.174135235842206	-1.40125242388942	1	0.031	0.108	0.077
Itpr1	0.174720305875435	0.151399609650949	1	0.708	0.554	0.154
Kcnab1	0.174851115782735	-0.755942093583604	1	0.131	0.241	0.11
Hnrnph1	0.175089932379281	-1.23593690876232	1	0.138	0.265	0.127
Acta2	0.176211779697406	-0.387927875455703	1	0.131	0.217	0.086
Erbin	0.1772777040605	0.785840315261163	1	0.2	0.12	0.08
Spata6	0.177367631141553	0.404856233224272	1	0.146	0.157	0.011
Jph2	0.17860996529794	-0.842237287122142	1	0.054	0.108	0.054
Serbp1	0.17867522285115	-0.879548215445035	1	0.092	0.157	0.065
Fgfr1op2	0.178993587156633	-1.88181577304791	1	0.038	0.145	0.107
Rbpms	0.179199906964015	-0.174565915215305	1	0.7	0.855	0.155
Dstyk	0.180425064145956	-2.83908058886628	1	0.023	0.12	0.097
Mycbp2	0.180944469430323	-0.743319931753643	1	0.123	0.241	0.118
Hnrnph3	0.181797942343638	-0.95935748656405	1	0.108	0.181	0.073
Chchd3	0.182052479977715	-1.06015736802968	1	0.092	0.169	0.077
Hlf	0.182107422096858	-0.17910219004048	1	0.292	0.386	0.094
Pik3cd	0.182559672716879	-1.54606171673544	1	0.046	0.108	0.062
Prkn	0.183441413702158	2.01311606640058	1	0.131	0.048	0.083
Brd4	0.183860481057562	0.35053589371279	1	0.246	0.205	0.041
Camk2g	0.184846841799048	-1.19220519317468	1	0.085	0.205	0.12
Fam13b	0.18553966148555	-0.312781147887998	1	0.062	0.12	0.058
Cspg4	0.1866187568653	0.244236598442382	1	0.515	0.446	0.069
Dennd1a	0.186783655323534	0.548818130775913	1	0.262	0.241	0.021
Rgl1	0.187143924707112	-0.812463429462226	1	0.092	0.193	0.101
Rbfox2	0.187447278940207	0.518546488886122	1	0.4	0.349	0.051
Lef1	0.187885873982779	-0.9581584337713	1	0.1	0.157	0.057
Snx18	0.188049221664165	1.14571267876869	1	0.146	0.084	0.062
Lpp	0.188564787696072	-0.170967865774647	1	0.515	0.554	0.039
Macf1	0.189632697601524	0.84675236586144	1	0.569	0.373	0.196
Msn	0.189714390510034	-0.697685500519971	1	0.138	0.181	0.043
Rheb	0.190376372220443	0.586170981006751	1	0.131	0.072	0.059
Cd2ap	0.190996469731696	0.755811553879246	1	0.215	0.133	0.082
Acap2	0.191098344616632	-1.49268107511667	1	0.1	0.229	0.129
Stard9	0.19143696872651	0.839690951401954	1	0.346	0.169	0.177
Pan3	0.191669222476975	0.314256409994556	1	0.362	0.253	0.109
Nhlrc2	0.192200922563566	-2.80735291680321	1	0.015	0.108	0.093
Dtx3	0.192394849170183	0.938335319408232	1	0.362	0.241	0.121
Tpcn1	0.192531538596232	1.62439406763442	1	0.1	0.036	0.064
Ncor1	0.193660389988876	-0.683666915020527	1	0.231	0.386	0.155
Chd6	0.193719483742481	-1.19994462431422	1	0.138	0.289	0.151
Arhgap31	0.193941402594541	0.239402209022922	1	0.262	0.181	0.081
Atp1a2	0.19398177462904	0.361754657777803	1	0.908	0.819	0.0890000000000001
Ercc6l2	0.195519102473349	2.35007440096994	1	0.115	0.036	0.079
Terf1	0.197006805701474	-1.08189472550062	1	0.062	0.12	0.058
Ptpn4	0.197132104412235	1.52340834284942	1	0.115	0.048	0.067
Vps13d	0.197215296528516	-1.83081074775569	1	0.046	0.133	0.087
Rif1	0.197428735219106	-1.32711954999721	1	0.054	0.12	0.066
Fbxl7	0.197801473038415	-0.801314233228122	1	0.1	0.157	0.057
Tmod3	0.198089055622118	0.17133472782143	1	0.4	0.289	0.111
Nsd1	0.198382900727398	-0.425578351343223	1	0.446	0.494	0.048
Mia2	0.20116315058246	-0.742086430335933	1	0.1	0.181	0.081
Rps6ka5	0.201995732131798	0.133493014252491	1	0.092	0.108	0.016
Gipr	0.202307679126536	1.15841617037868	1	0.131	0.06	0.071
Snrnp70	0.202748922346437	-0.847246409165286	1	0.085	0.169	0.084
Rab11fip2	0.203429391393562	2.93719354345043	1	0.1	0.012	0.088
Sdc2	0.20385934214888	0.583402581304952	1	0.569	0.41	0.159
Pde7b	0.204037650198424	0.25486548499173	1	0.438	0.301	0.137
Pcf11	0.204235535299052	-0.888921329239932	1	0.077	0.12	0.043
Ganc	0.206003455753644	1.39485354734573	1	0.131	0.06	0.071
Tmem51	0.206845700012423	-0.759634576847001	1	0.169	0.253	0.084
Cuedc1	0.207155858079482	-0.185243127140468	1	0.192	0.157	0.035
Pum2	0.207388111313242	-0.8505318469157	1	0.154	0.241	0.087
Fam118b	0.207511488536519	0.815899323064354	1	0.331	0.229	0.102
Tbl1x	0.207523996215302	0.39634043546097	1	0.431	0.361	0.07
Il15ra	0.208656384170098	1.32561741493944	1	0.115	0.048	0.067
Usp15	0.208965874348128	-2.09860703823302	1	0.031	0.145	0.114
Tnrc6a	0.209930207815742	-0.314859607843667	1	0.238	0.301	0.063
Cst3	0.210694875841968	0.410178815300226	1	0.223	0.12	0.103
Copa	0.210930450672064	0.687695979478793	1	0.1	0.072	0.028
Map3k5	0.212104318949551	-0.178461675516384	1	0.192	0.205	0.013
Phlpp1	0.212764225227566	0.672541203523121	1	0.4	0.301	0.099
Atf7	0.212990686124869	0.739760677780208	1	0.269	0.193	0.076
Plac9	0.213200285335275	-0.357182956684492	1	0.269	0.325	0.056
Fnbp1	0.213461107435944	-0.862046441888547	1	0.123	0.229	0.106
Atxn7l1	0.214411936382606	-2.21259011241691	1	0.046	0.181	0.135
Ppp3ca	0.21466091999966	-0.405410028739672	1	0.169	0.241	0.072
Dgkb	0.215471345238456	-0.260691777913886	1	0.454	0.578	0.124
Cyfip1	0.215660788356754	-2.21052498219024	1	0.031	0.108	0.077
Fermt2	0.21751617271548	0.609625359627872	1	0.438	0.361	0.077
Prkaa1	0.217756707885935	-0.441797881482002	1	0.092	0.108	0.016
Crlf3	0.217972039921864	0.335982321780832	1	0.169	0.145	0.024
Fam222b	0.217989397220158	0.328229443623549	1	0.115	0.133	0.018
Acsl1	0.218209393991418	0.876697779697051	1	0.292	0.169	0.123
Phf3	0.21865314034536	-0.745733433372585	1	0.092	0.229	0.137
Arl15	0.218844948253739	-1.13719295641261	1	0.092	0.181	0.089
Myo1d	0.219005393737574	-0.224944834310795	1	0.2	0.301	0.101
Phc3	0.219413557580167	-0.789392532625538	1	0.062	0.12	0.058
Irf2	0.219626833606605	0.683709200711926	1	0.208	0.157	0.051
C1qtnf7	0.219877693892333	0.36025233649622	1	0.231	0.289	0.058
Ccdc3	0.221840025146662	-1.47188374465508	1	0.069	0.12	0.051
Tshz1	0.222561999812034	1.81527051704435	1	0.1	0.036	0.064
Prrc2b	0.223824966030621	-0.439856823392475	1	0.062	0.108	0.046
Ralgapa1	0.223910363155013	-0.29276373460473	1	0.246	0.361	0.115
Ago2	0.223936553128155	1.29623892594087	1	0.108	0.048	0.06
Setbp1	0.225212854443502	-0.104212121499976	1	0.169	0.229	0.06
Zfp36l1	0.225851100943994	1.03454314374974	1	0.108	0.06	0.048
Tdrd3	0.226708854852612	-0.71084497511028	1	0.077	0.12	0.043
Zcchc14	0.227286049894783	-0.584459672804163	1	0.1	0.133	0.033
Rasal2	0.227450202444181	-0.676066257068946	1	0.354	0.518	0.164
Mef2a	0.227691229618172	-0.625910481740171	1	0.331	0.47	0.139
Vtn	0.227944638413429	0.377849880422549	1	0.731	0.59	0.141
Ywhae	0.228628726905708	-0.786192435077292	1	0.169	0.265	0.096
Nr2f2	0.229427640101603	-0.206829244625671	1	0.308	0.277	0.031
R3hcc1l	0.230310962739404	0.574591820259858	1	0.138	0.072	0.066
Tgfb2	0.230609433038314	-0.412172812269143	1	0.077	0.108	0.031
Ern1	0.231152243747834	-1.28618049034423	1	0.046	0.12	0.074
Cux1	0.23168756193858	-0.867967219995535	1	0.123	0.193	0.07
Mnat1	0.231982000777083	-0.801058784834551	1	0.108	0.157	0.049
Sumo1	0.232616471466231	-1.50561028108158	1	0.046	0.108	0.062
Pear1	0.233665132448591	0.897059039951899	1	0.162	0.096	0.066
Lmna	0.23374797419743	-1.17466975925913	1	0.038	0.108	0.07
Frk	0.235346486677653	0.654580999168608	1	0.269	0.217	0.052
Dstn	0.235758898224906	-0.495999073499483	1	0.092	0.145	0.053
Stau1	0.236128199320533	-0.964151428755928	1	0.077	0.145	0.068
Exoc4	0.237139385039871	0.561715944792423	1	0.4	0.361	0.039
AW554918	0.237348926533808	0.631985211816977	1	0.462	0.349	0.113
Psma3	0.238172277311949	-1.63992772921094	1	0.038	0.181	0.143
Rab3gap1	0.238288981586519	-1.31580600774437	1	0.038	0.108	0.07
Uba2	0.239605301525836	-1.40451914513428	1	0.054	0.145	0.091
Dab2ip	0.240255663129426	-0.369395317540526	1	0.077	0.145	0.068
Foxp2	0.240390000345593	0.630060841811938	1	0.1	0.096	0.004
Gak	0.240647165733821	-1.33993122027846	1	0.031	0.108	0.077
Adcy6	0.24098278716699	1.04868127054139	1	0.131	0.084	0.047
Smg1	0.241039055830328	0.226445570781936	1	0.131	0.181	0.05
Col8a1	0.241090956405575	-0.820510828391011	1	0.146	0.265	0.119
Msrb3	0.241416255938903	-0.6375703782635	1	0.231	0.301	0.07
Lifr	0.241497303834351	-0.381614128728983	1	0.1	0.169	0.069
Ext1	0.241731077363627	-1.23819083018289	1	0.077	0.145	0.068
Hnrnpu	0.242360776878969	-0.660778326013674	1	0.092	0.157	0.065
Hivep2	0.242559048060781	-0.108022549676977	1	0.146	0.205	0.059
Aldh2	0.242878439867608	-1.44460331223732	1	0.054	0.145	0.091
Per3	0.243412669788572	-1.40697947739872	1	0.077	0.169	0.092
Map3k1	0.243720839643617	0.832772489873545	1	0.115	0.084	0.031
Palmd	0.244163342787067	-0.709430921800026	1	0.1	0.108	0.00799999999999999
Tns1	0.244691913338279	0.341990697294245	1	0.638	0.518	0.12
Med14	0.246564245403974	-1.83162748016498	1	0.031	0.133	0.102
Arid2	0.247400927261556	-0.619628223608894	1	0.192	0.265	0.073
Prkg1	0.247540898535788	0.285632126977593	1	0.992	0.988	0.004
Fam117b	0.247859275255219	-1.22748938334835	1	0.138	0.181	0.043
Nt5dc1	0.247927593867795	0.802161154434746	1	0.185	0.145	0.04
Itga8	0.248269058240556	-1.33229578900022	1	0.031	0.12	0.089
Smg7	0.249975574114604	-1.33999997175762	1	0.054	0.145	0.091
Cpm	0.251535620255304	1.41953747624998	1	0.154	0.06	0.094
Pja2	0.251772514290963	-2.22844659158562	1	0.038	0.133	0.095
Rnf216	0.252265640407939	-0.531341790463807	1	0.146	0.229	0.083
Il34	0.252627070163087	0.298222084295767	1	0.462	0.386	0.076
Ror1	0.256113115148114	-0.251236876123978	1	0.562	0.675	0.113
Mboat2	0.256119378714044	-0.372550621406286	1	0.377	0.398	0.021
Adgra2	0.256219133803732	-0.799202357919862	1	0.054	0.108	0.054
Csk	0.256777428306139	-1.34365756059656	1	0.054	0.145	0.091
Palld	0.2586719718967	-0.447058362774467	1	0.069	0.133	0.064
Rbm5	0.260370847868044	-1.40384199231967	1	0.123	0.241	0.118
Ube2e2	0.261990290642454	1.02024864186622	1	0.192	0.157	0.035
Mtdh	0.262440375251231	0.441955104699399	1	0.192	0.193	0.001
Ankrd17	0.262704037046304	-0.250192722883075	1	0.262	0.361	0.099
Zbtb16	0.262852365851482	-2.60195459483812	1	0.031	0.133	0.102
Akap12	0.263105420249759	0.37761799064005	1	0.223	0.157	0.066
Dst	0.266481564764175	0.191777949106047	1	0.262	0.301	0.039
Copg2	0.268166215069785	-1.81807275085249	1	0.031	0.108	0.077
Tmem65	0.268774500183494	-1.28479126645916	1	0.062	0.12	0.058
Sos2	0.26880286935926	-0.103651444963404	1	0.285	0.349	0.064
Ecm2	0.270339788715853	0.681109525803334	1	0.377	0.277	0.1
Lamp2	0.271152995423302	0.700246988822455	1	0.115	0.072	0.043
Zmynd11	0.272212365940722	-0.966662267359618	1	0.046	0.108	0.062
Epas1	0.272653124696644	1.17024835497165	1	0.438	0.241	0.197
Lactb2	0.273385055760289	-0.669065167711369	1	0.069	0.12	0.051
Etv1	0.274159285245023	-1.42587586901417	1	0.077	0.181	0.104
Pls3	0.274207911562387	-1.36017562905512	1	0.169	0.277	0.108
Kansl1l	0.27486384668228	-0.449077052282306	1	0.246	0.373	0.127
Xpc	0.277171972517908	1.23331793540282	1	0.123	0.048	0.075
Smc6	0.277556200259585	-0.574828355912461	1	0.1	0.12	0.02
Akt3	0.278180014230935	-0.26980940952597	1	0.3	0.422	0.122
Gsk3b	0.278254941465007	-0.48287658139558	1	0.192	0.181	0.011
Pde3a	0.278496024518684	-0.438168891532696	1	0.392	0.47	0.078
Lrrc58	0.278751526616288	0.597054837803606	1	0.138	0.096	0.042
Ddx50	0.278755039455347	-1.24694171274785	1	0.062	0.157	0.095
Bgn	0.279285278572561	-1.03711351655452	1	0.077	0.12	0.043
Iqgap1	0.279766202132224	-0.64361763473549	1	0.154	0.205	0.051
Sesn1	0.279767227317381	-0.573858555115582	1	0.1	0.157	0.057
Xpo1	0.280996991435615	-0.546146905438628	1	0.069	0.133	0.064
Zfp407	0.281001062320786	-0.234572075790459	1	0.085	0.133	0.048
Ints6l	0.281293117263757	-0.735698653461211	1	0.092	0.181	0.089
Foxc1	0.281532909895871	1.42422081961388	1	0.1	0.048	0.052
Zzz3	0.281641406047448	0.657432870479818	1	0.123	0.108	0.015
Ece1	0.282740997502987	1.00070391666396	1	0.3	0.169	0.131
Rap1gds1	0.2830647514679	0.315459947410928	1	0.1	0.108	0.00799999999999999
Kmt2a	0.283946477193041	-1.16531722651839	1	0.046	0.145	0.099
Hipk3	0.284125148724056	0.899672128092419	1	0.131	0.084	0.047
Lrp6	0.284455210110855	-1.07524315298895	1	0.108	0.181	0.073
Pdcd10	0.285290074205918	-0.833522738252755	1	0.1	0.157	0.057
Trak1	0.285436502068314	-0.597538226539752	1	0.192	0.229	0.037
Col5a2	0.285510738154658	-0.480456543347926	1	0.1	0.157	0.057
Dnajc7	0.288144334031897	-0.937561051568086	1	0.077	0.169	0.092
Bptf	0.288461865176615	-0.6857795766612	1	0.131	0.205	0.074
Heyl	0.288641686859744	0.491040716628083	1	0.177	0.145	0.032
Fam107b	0.2890928119502	0.419134890699171	1	0.169	0.108	0.061
Focad	0.289727012757845	-1.01475295884806	1	0.062	0.12	0.058
Rapgef2	0.290446981085591	-0.130201306205789	1	0.423	0.53	0.107
Klhl23	0.293733254469966	0.579970649286765	1	0.3	0.193	0.107
Fth1	0.293851965539213	-1.49212847476201	1	0.038	0.108	0.07
C2cd2	0.294464004822197	1.64295050484116	1	0.146	0.06	0.086
Map4	0.29459602931764	-0.33418456122022	1	0.377	0.458	0.081
Pkig	0.294622910844263	-1.22171307471018	1	0.062	0.145	0.083
Atad2b	0.294670920984694	0.477070036625284	1	0.192	0.169	0.023
Gprc5c	0.295400958836345	0.858496317046288	1	0.208	0.157	0.051
Itgb5	0.296576327389409	0.649395960798277	1	0.292	0.265	0.027
Rusc2	0.296638155067388	-1.47078412516733	1	0.038	0.12	0.082
Frs2	0.298461823729868	0.864545400039006	1	0.223	0.12	0.103
Pcdh18	0.299701512881582	0.355948139751501	1	0.169	0.108	0.061
Gk5	0.30038351785298	-1.09937719090411	1	0.069	0.12	0.051
Ppp6r3	0.301325371368035	0.407746481899451	1	0.215	0.169	0.046
Pdxdc1	0.302563759534125	-1.51542210446564	1	0.069	0.157	0.088
Appl2	0.303335311641165	-0.222344714194453	1	0.1	0.096	0.004
Phf21a	0.303873999492923	0.14808575869167	1	0.408	0.349	0.059
Cbfa2t3	0.304734368425988	0.146312505083443	1	0.1	0.12	0.02
Zc3h7a	0.306004699861225	-0.970989817518441	1	0.077	0.157	0.08
Atf2	0.306007890430049	-1.98070118733496	1	0.038	0.133	0.095
Arhgap6	0.308003571575262	0.112494178801366	1	0.769	0.807	0.038
Fkbp15	0.308261876402608	-1.2331587703222	1	0.054	0.133	0.079
Kdm2a	0.308554115445838	0.387466578522706	1	0.3	0.217	0.083
Aplp2	0.30876737839881	-0.725964528092034	1	0.069	0.133	0.064
Ubap2l	0.308838416712195	0.514115017988185	1	0.154	0.12	0.034
Lyst	0.309052396050297	-1.42047249137192	1	0.054	0.133	0.079
Asb3	0.310521033691964	-0.293557037613021	1	0.138	0.205	0.067
Egflam	0.311259767312476	0.313487510553577	1	0.654	0.554	0.1
Chd2	0.311358591090936	0.205365644572328	1	0.308	0.313	0.005
Mtus1	0.311401093063477	0.159364452816961	1	0.146	0.108	0.038
Fut8	0.312318731830304	0.918824961999128	1	0.2	0.133	0.067
Fli1	0.314136670877355	0.68919294238826	1	0.146	0.12	0.026
Mill2	0.316515435730747	0.56839201566172	1	0.377	0.277	0.1
Aff1	0.317143749133587	-0.331740756083148	1	0.246	0.277	0.031
Rab2a	0.317287289248552	-0.938236953168466	1	0.108	0.205	0.097
Ranbp2	0.317570819229571	-0.534123890965083	1	0.092	0.133	0.041
Med13l	0.317783724753357	-1.02802279236498	1	0.062	0.12	0.058
Tnrc6b	0.318368260728644	0.512721884276014	1	0.438	0.349	0.089
Elf1	0.318582359530706	0.199269198539252	1	0.138	0.157	0.019
Farp1	0.318857978570703	0.239838370374454	1	0.7	0.699	0.001
Slc38a9	0.321042901970923	-0.9598965827875	1	0.046	0.108	0.062
Klf7	0.321100373538875	-0.854629054140146	1	0.146	0.241	0.095
Nacc2	0.321290373484463	-0.96557042233502	1	0.062	0.108	0.046
Slc10a7	0.323398364673889	0.508637956024734	1	0.131	0.084	0.047
Bbs9	0.323606564790339	-0.520787965951638	1	0.146	0.181	0.035
Sppl3	0.324669859281839	-1.06572619935342	1	0.085	0.169	0.084
Plekhg3	0.324697637268218	0.136153633426592	1	0.454	0.494	0.04
Gucy1a2	0.324869416644581	0.241392030947647	1	0.762	0.699	0.0630000000000001
Tnpo1	0.326933402690136	0.224777842051456	1	0.2	0.193	0.00700000000000001
Usp6nl	0.326988527650556	-0.388941670098783	1	0.077	0.12	0.043
Shld2	0.327201272103225	0.705893105545855	1	0.154	0.096	0.058
Celf2	0.327453632376695	0.768043061732306	1	0.238	0.169	0.069
Stk40	0.32776242406698	-1.78300825741708	1	0.038	0.108	0.07
Ppm1e	0.327943318681377	-0.158439584507502	1	0.285	0.349	0.064
Ppard	0.328449990105632	0.642511315969332	1	0.223	0.193	0.03
Trappc9	0.328698853660987	1.37796718227052	1	0.1	0.06	0.04
Synpo2	0.328983287779057	0.530336452306751	1	0.131	0.145	0.014
Gatad2a	0.329792958036003	-0.233343663335412	1	0.085	0.108	0.023
Dmd	0.329902985605341	-0.303733733577874	1	0.754	0.711	0.043
Ube2d2a	0.330034549071194	-0.366785243042701	1	0.092	0.12	0.028
Map4k4	0.330217605053305	0.490436301160798	1	0.3	0.277	0.023
Eps15l1	0.330751147199174	-1.66906506311778	1	0.038	0.12	0.082
Dars	0.331370371262255	1.21737682016212	1	0.115	0.048	0.067
Bcar3	0.332104746741543	1.03452749079726	1	0.115	0.072	0.043
Mapkap1	0.332545688387019	-1.29716871303395	1	0.108	0.241	0.133
Mob3b	0.332627787411075	-0.937505627591535	1	0.115	0.169	0.054
Nf1	0.332806551126376	0.410617783873889	1	0.254	0.229	0.025
Smad5	0.33315937415675	1.18553750851817	1	0.123	0.072	0.051
Exoc2	0.333301642927683	-1.54400387503428	1	0.038	0.145	0.107
Tnfrsf21	0.334131411258058	0.309888699841355	1	0.215	0.145	0.07
Ptp4a3	0.334226673717244	2.12486779560448	1	0.108	0.048	0.06
Carmil1	0.336536584709127	-0.437085849405499	1	0.431	0.506	0.075
Ctnna1	0.336867761583791	0.21411836737332	1	0.231	0.193	0.038
Smad1	0.337627622571427	1.37361363582437	1	0.115	0.06	0.055
Nhs	0.337924211570318	-0.823044276043248	1	0.1	0.169	0.069
Elk4	0.337994625695088	2.62380649348687	1	0.1	0.024	0.076
Tet2	0.338666914012371	-0.912589614120791	1	0.085	0.145	0.06
Luc7l2	0.338709352869581	0.457393027935631	1	0.692	0.614	0.078
Urgcp	0.338978309010172	0.690558133766893	1	0.115	0.096	0.019
Mark3	0.339218741114343	0.33001681834473	1	0.131	0.133	0.002
Zic4	0.33993048107399	-0.543458669452375	1	0.208	0.289	0.081
Nfat5	0.339988049703733	0.153915451380024	1	0.408	0.361	0.047
Gpc3	0.340064908315715	0.146070001940061	1	0.323	0.301	0.022
Ptk7	0.340204045433273	-0.275972054825693	1	0.1	0.133	0.033
Slc30a10	0.340271280613364	0.741433896063814	1	0.408	0.301	0.107
Ric1	0.342119207457273	-1.15780540708321	1	0.077	0.12	0.043
Asph	0.342471044832884	-0.758005677938947	1	0.069	0.145	0.076
Rapgef6	0.343101837195013	-1.06569725535969	1	0.085	0.193	0.108
Ptma	0.343970544220322	-0.687180408287442	1	0.069	0.12	0.051
Filip1	0.344927522353697	-0.15842618211696	1	0.177	0.241	0.064
Dpf3	0.344947118010693	0.225788814305096	1	0.177	0.108	0.069
Eml4	0.345168050398973	0.565002302184737	1	0.3	0.229	0.071
Grk5	0.345218161974833	0.773596586161839	1	0.446	0.349	0.097
Ntn1	0.345998685495342	0.833279162399546	1	0.415	0.277	0.138
Cradd	0.346232682506831	-0.6018273647599	1	0.1	0.157	0.057
Car4	0.346489401294171	1.03504289384613	1	0.154	0.084	0.07
Pitpnm2	0.346948332717269	-0.373406994590491	1	0.146	0.193	0.047
Igf2r	0.349624525253116	0.819193603836251	1	0.215	0.157	0.058
Csnk2a1	0.350156841281833	-1.24754988822973	1	0.069	0.157	0.088
Myo1e	0.352080596509537	-0.549442705794503	1	0.169	0.217	0.048
Uimc1	0.352301562635613	1.02029390632064	1	0.1	0.06	0.04
Sfmbt1	0.352962039812374	-0.588753197809776	1	0.115	0.169	0.054
Sorbs3	0.353033613997157	1.44517089262765	1	0.1	0.048	0.052
Itpr2	0.353139054898977	0.485205640328397	1	0.585	0.506	0.079
Dach1	0.355479164185152	0.258478584283855	1	0.446	0.349	0.097
Cacnb2	0.356701743124821	-0.102432037241259	1	0.346	0.47	0.124
Capn2	0.356844553963756	-0.715419325005184	1	0.092	0.133	0.041
Foxp1	0.359660716128546	0.390138632044471	1	0.846	0.771	0.075
Myo6	0.360276302365486	-0.12721156178323	1	0.2	0.193	0.00700000000000001
Sp3	0.36325982032061	0.633497268368777	1	0.246	0.205	0.041
Itgav	0.364346185401865	1.23956610552732	1	0.108	0.06	0.048
Gmds	0.364649899908739	0.16346119713034	1	0.608	0.627	0.019
Slc16a12	0.365287884898813	-0.531566281935525	1	0.323	0.386	0.063
Enah	0.365359290244702	-0.440728718186187	1	0.077	0.157	0.08
Rsrc1	0.36553776531005	-0.478716634253203	1	0.215	0.253	0.038
Sh3pxd2a	0.365798479919335	1.14238628775344	1	0.123	0.06	0.063
Tmtc1	0.366421674123033	-1.33065625781836	1	0.1	0.181	0.081
Crk	0.366843974412976	0.330100311903334	1	0.1	0.084	0.016
Tbx15	0.367448872908202	0.707403715845081	1	0.2	0.193	0.00700000000000001
Mapkbp1	0.367754331060574	-1.1492703341881	1	0.054	0.12	0.066
Rerg	0.36956286664194	-0.719555266564692	1	0.085	0.133	0.048
Cap2	0.37017410642286	-1.01257440087655	1	0.092	0.193	0.101
Fhit	0.370286293021126	0.792047846611728	1	0.123	0.096	0.027
Hook3	0.372346466012921	-0.72293444467002	1	0.062	0.133	0.071
Vps35	0.373339303341512	-1.48748086710828	1	0.031	0.108	0.077
Umad1	0.374576035613264	0.127206343971849	1	0.1	0.133	0.033
Phka1	0.375256233593795	0.219576001867259	1	0.162	0.12	0.042
Ppp1r2	0.378156325551846	1.17514069037364	1	0.208	0.096	0.112
Dcbld2	0.378791469280906	0.511329618841188	1	0.185	0.12	0.065
Rab11b	0.378794004859644	1.72681754100991	1	0.1	0.024	0.076
Mllt10	0.379148336781638	-0.183142620702039	1	0.431	0.482	0.051
Zfp945	0.379223368547503	0.372024461243155	1	0.115	0.072	0.043
Immp2l	0.379543339352714	0.119611252919829	1	0.223	0.181	0.042
Srek1	0.380557766824463	1.05954031579296	1	0.115	0.06	0.055
Extl3	0.381982209324797	0.148729903072694	1	0.323	0.253	0.07
Zc3h6	0.382487249103611	-1.05947062502402	1	0.046	0.12	0.074
Etv6	0.383220977351987	0.343752012120793	1	0.3	0.253	0.047
Btrc	0.383680794500711	-0.776095982285658	1	0.146	0.289	0.143
Luc7l3	0.384572994481792	-0.664290363630096	1	0.077	0.133	0.056
Fus	0.386040943998835	-0.453249799875509	1	0.354	0.434	0.08
Foxd1	0.387236267036082	0.534807599276696	1	0.146	0.084	0.062
Lims2	0.387804527035127	-0.245711515531737	1	0.062	0.12	0.058
Pag1	0.388664081608307	-1.97341803525616	1	0.054	0.193	0.139
Tcf7l2	0.389204925937944	0.753416076841346	1	0.185	0.133	0.052
Ehbp1	0.390886649670143	0.180060430545041	1	0.215	0.133	0.082
Soga1	0.391261558103978	0.50524629525896	1	0.146	0.084	0.062
Rgs4	0.39241645900934	-0.292883626194084	1	0.315	0.301	0.014
Ddx10	0.392534376445392	-2.54267302741924	1	0.023	0.12	0.097
Cul1	0.392781371280257	-0.703409446476979	1	0.138	0.229	0.091
Phf20l1	0.393473081952731	-1.15507225808013	1	0.108	0.193	0.085
Epn2	0.394581293262657	0.140486740160795	1	0.162	0.205	0.043
Gnaq	0.395010050749751	-0.738608812283649	1	0.123	0.193	0.07
Snx13	0.395157810921162	-1.08599672600821	1	0.062	0.133	0.071
Zmym2	0.396066004514456	-1.01713164217748	1	0.062	0.133	0.071
Myl6	0.396361119283544	-0.599311312711994	1	0.169	0.241	0.072
Rbms3	0.400371491094346	0.371465292368066	1	0.815	0.759	0.0559999999999999
Csde1	0.400508399169359	-0.624575756573605	1	0.092	0.133	0.041
Maml2	0.402739457545642	0.267954152777867	1	0.823	0.723	0.1
Scaf8	0.403775994474374	-0.156243206722742	1	0.154	0.181	0.027
Phc2	0.405140850225016	0.675648620885002	1	0.108	0.072	0.036
Brwd1	0.405275466374879	-1.94268748363019	1	0.069	0.241	0.172
Clasp2	0.407063838235828	-0.810899271872299	1	0.1	0.181	0.081
Dock1	0.407065302252567	-0.123345436133205	1	0.423	0.386	0.037
Kcnj8	0.408364385532011	0.791694285617713	1	0.177	0.12	0.057
B230219D22Rik	0.408375175864491	-1.23326114122621	1	0.054	0.145	0.091
Pam	0.408419901504522	-0.408311224827522	1	0.1	0.157	0.057
Cab39	0.408514907332558	-0.816940961493182	1	0.092	0.193	0.101
Nr3c1	0.408815501665709	-0.385054870140573	1	0.146	0.193	0.047
Sash1	0.409037934943911	0.259038517389074	1	0.331	0.241	0.09
Pid1	0.409084204019234	0.244106823188155	1	0.723	0.639	0.084
Mfge8	0.409130438804159	-0.494211529236644	1	0.138	0.217	0.079
Irag1	0.409222964970032	0.341663080782663	1	0.469	0.446	0.023
Larp4b	0.409754543931524	-0.565821579794816	1	0.115	0.157	0.042
Polr2a	0.411501244080158	-0.562731756575487	1	0.131	0.133	0.002
Runx1t1	0.41166351043855	-1.16764167794442	1	0.092	0.193	0.101
Sema5a	0.412129049323904	0.566415180930084	1	0.385	0.289	0.096
Ndufs4	0.413319535982274	-0.434203580535947	1	0.077	0.108	0.031
Lmod1	0.413974444225651	-0.856536072261145	1	0.1	0.169	0.069
Cyth3	0.415104239292144	0.150363964255525	1	0.415	0.325	0.09
Inpp4b	0.415222350472971	0.210221518663947	1	0.8	0.771	0.029
Sntb2	0.415371862149965	-1.04474237371709	1	0.062	0.12	0.058
Ccdc191	0.417510514778898	-0.68632545274979	1	0.108	0.145	0.037
Slc12a6	0.418036724021446	-0.174839481301556	1	0.185	0.229	0.044
Mob2	0.418651523447026	-0.30049941811313	1	0.131	0.181	0.05
Rabgap1	0.418744185250921	-0.409142078403113	1	0.1	0.157	0.057
Ints6	0.418946052153404	-1.76979374368635	1	0.031	0.108	0.077
Fgfr2	0.419037282102761	-0.480055520940956	1	0.108	0.169	0.061
Rbm27	0.419565498620677	0.301954789611123	1	0.108	0.072	0.036
Srrm2	0.419936966970444	-0.430378177792313	1	0.2	0.337	0.137
Ube2e3	0.420611391892753	-1.33780819998724	1	0.062	0.169	0.107
Ahcyl1	0.420980633891368	-0.612410137873615	1	0.077	0.108	0.031
Ewsr1	0.421290369581539	-1.361377725716	1	0.046	0.108	0.062
Rreb1	0.421798192115323	0.731602995419832	1	0.223	0.133	0.09
Heg1	0.42192655830543	0.670624076104919	1	0.469	0.337	0.132
Col4a1	0.423919680686265	0.723586326983927	1	0.285	0.193	0.092
Zfp182	0.424617972366709	0.977326951135011	1	0.115	0.06	0.055
Bod1l	0.42605123714419	-0.2702761838655	1	0.154	0.145	0.00900000000000001
Ptprm	0.429148910714893	0.10436430517472	1	0.423	0.446	0.023
Mbnl1	0.432374748851274	-0.621953331930051	1	0.277	0.41	0.133
Tbx18	0.433536176498204	0.903468009496636	1	0.215	0.133	0.082
Rassf8	0.433630337292771	-0.749554673421509	1	0.069	0.108	0.039
Rtn3	0.433744698934102	-1.0498227912027	1	0.092	0.133	0.041
Ubxn7	0.433834221096773	-0.673165831906879	1	0.108	0.157	0.049
Sik3	0.434158370439344	0.730702541434281	1	0.3	0.229	0.071
Bnip3l	0.434457012743633	-2.04832885867885	1	0.031	0.108	0.077
Map4k3	0.434614351862031	0.134368930527048	1	0.192	0.181	0.011
Nup98	0.43489610501496	-0.442641334159151	1	0.085	0.145	0.06
Enox2	0.437177356983746	0.254114114847733	1	0.185	0.181	0.004
Tgfbrap1	0.437562381447661	-1.34694280217485	1	0.054	0.133	0.079
Zfp207	0.437843834631844	-1.06311217712671	1	0.069	0.157	0.088
Rab8b	0.437878904601895	0.53912405018684	1	0.169	0.133	0.036
Ccar1	0.438733267056871	-0.939095259986093	1	0.069	0.157	0.088
Ngly1	0.439136286162734	-0.18077631822559	1	0.115	0.12	0.00499999999999999
Rgs3	0.439578077515456	1.04270641351398	1	0.192	0.12	0.072
Trip12	0.44024988591869	-0.70532973299104	1	0.162	0.229	0.067
Chn1	0.440430904794579	-1.29317794956074	1	0.115	0.217	0.102
Ifnar2	0.440494637315887	0.56716430263316	1	0.115	0.06	0.055
Tgfbr2	0.44055852041321	0.478980524862681	1	0.169	0.12	0.049
Tpm1	0.441809281118612	-0.469546710209805	1	0.338	0.41	0.072
Rbpms2	0.44476950545459	0.404779157810042	1	0.154	0.145	0.00900000000000001
Stk3	0.444948265024686	-0.463512604777321	1	0.315	0.41	0.095
Adnp	0.445504807515933	-1.41586186178027	1	0.038	0.12	0.082
Zc3hav1	0.445695620310322	-0.150610888763999	1	0.085	0.12	0.035
Wwc2	0.446606855815607	-0.946524397138943	1	0.085	0.145	0.06
Mospd2	0.446820663596165	0.331162824236839	1	0.1	0.084	0.016
Mpped2	0.449366772495048	-0.376178779191611	1	0.092	0.133	0.041
Tbx3	0.450815701387066	1.08251103980325	1	0.138	0.084	0.054
Peli2	0.45117343653269	0.749821531360326	1	0.4	0.313	0.087
Angpt1	0.451174712310245	-0.518106932568083	1	0.1	0.133	0.033
Pald1	0.451608977212166	0.545584643740769	1	0.415	0.373	0.042
Dazap1	0.452044166429038	0.930132604316352	1	0.1	0.048	0.052
Fam20a	0.453426108533536	0.245918879534686	1	0.223	0.193	0.03
Hnrnpa3	0.453437104267351	0.126346552286612	1	0.3	0.277	0.023
Nfatc3	0.454375528895475	0.164575308327238	1	0.123	0.108	0.015
Gtf2i	0.456114886872416	-0.555711045680424	1	0.092	0.12	0.028
Fcho2	0.456550646969961	0.507810381909644	1	0.415	0.325	0.09
Pde8a	0.457101128363226	0.629902474436578	1	0.185	0.133	0.052
Ankrd11	0.457198316372149	-0.28686614642548	1	0.308	0.277	0.031
Fbxo11	0.457507492199795	0.620535908601146	1	0.238	0.193	0.045
Ppfia1	0.459082539784719	-1.10027439591432	1	0.046	0.108	0.062
Rcor1	0.460117277651992	-0.818364065531184	1	0.077	0.108	0.031
Pbrm1	0.461106751893966	-0.443853622466255	1	0.192	0.241	0.049
Plcb1	0.463542609226425	-1.17028923834477	1	0.062	0.12	0.058
Sec24d	0.463797060222786	0.709684990464976	1	0.1	0.072	0.028
Hipk1	0.463997232001736	0.246890516056746	1	0.162	0.108	0.054
Rdh5	0.464007589269905	0.448132361065017	1	0.1	0.084	0.016
Ythdc1	0.466544243064012	-0.543489890500405	1	0.2	0.277	0.077
Herc4	0.467117471453557	-0.355814604284055	1	0.146	0.145	0.001
Il17rd	0.468189732254366	-0.327304036906643	1	0.123	0.12	0.003
Zfx	0.468238609615878	-0.880573786462225	1	0.108	0.181	0.073
Sparc	0.468505705930469	0.545568823531377	1	0.208	0.181	0.027
Stx8	0.468926952272547	-0.7358476217199	1	0.092	0.157	0.065
Arhgef25	0.469087329489671	-0.33260823215668	1	0.123	0.145	0.022
Xrn1	0.46976932543385	-0.419885295151359	1	0.177	0.229	0.052
Plscr4	0.46984997289672	-0.536269612400831	1	0.108	0.169	0.061
Msantd2	0.470245609010443	-1.2321848372781	1	0.062	0.145	0.083
Phf20	0.471445553157479	0.303272000966727	1	0.185	0.169	0.016
Fam241a	0.47337831857943	-0.659786205480073	1	0.077	0.12	0.043
Lrch3	0.474414717792692	-0.150855124366306	1	0.208	0.241	0.033
Scmh1	0.47468471150991	0.17620503183929	1	0.2	0.217	0.017
Fnbp4	0.475783091759816	0.292909063266355	1	0.108	0.108	0
Atp9b	0.475786260322214	-1.43224778893668	1	0.062	0.169	0.107
Cr1l	0.475863599550261	0.871836829656647	1	0.223	0.12	0.103
Glud1	0.476231047880945	0.465502453185077	1	0.215	0.205	0.01
Sema6d	0.477157727324457	0.767970084596404	1	0.154	0.084	0.07
Casq2	0.47739082334121	1.24010432085055	1	0.131	0.072	0.059
Fgf14	0.479207280850864	1.0802553818442	1	0.108	0.133	0.025
Sh3d19	0.47956915858484	0.860625021691849	1	0.177	0.12	0.057
Pla2r1	0.481671100120404	0.92743554741959	1	0.315	0.205	0.11
Rb1cc1	0.481968199606376	0.700223888361585	1	0.154	0.108	0.046
Yme1l1	0.482179170209201	-0.381215070613936	1	0.077	0.108	0.031
Laptm4a	0.482210018241472	0.338661915127985	1	0.231	0.169	0.062
Ccnl1	0.482458957837211	0.372837750105422	1	0.192	0.169	0.023
Mier1	0.482556700243173	-0.42940202190644	1	0.277	0.253	0.024
Fubp1	0.483420110150462	-0.495016283631312	1	0.123	0.205	0.082
Gstt2	0.483759313422536	-0.813373181456782	1	0.062	0.12	0.058
Zbtb34	0.483974429274651	0.436331253341153	1	0.146	0.096	0.05
Sntb1	0.485163440577765	-0.212011550030564	1	0.562	0.627	0.0649999999999999
Vgll4	0.485498016803249	0.184785561095636	1	0.154	0.145	0.00900000000000001
Yes1	0.485974133447153	0.148183205057584	1	0.077	0.108	0.031
Lbh	0.486005496669248	-0.292300002346609	1	0.2	0.205	0.00499999999999998
Rb1	0.486442989292078	0.156323296713849	1	0.185	0.169	0.016
Arfip1	0.486562014791085	0.252505348235662	1	0.177	0.133	0.044
Shoc2	0.486567550257964	-0.324161867225577	1	0.131	0.145	0.014
Rybp	0.486842717553577	-0.267113571590339	1	0.085	0.12	0.035
Afap1	0.487192665755772	0.413791691611236	1	0.177	0.157	0.02
Stim2	0.487664238432763	0.305347862036354	1	0.223	0.181	0.042
Frmd6	0.487863830900907	0.19563063273165	1	0.208	0.193	0.015
Cnot4	0.489825275327275	-0.212285461232927	1	0.269	0.337	0.068
Gpatch8	0.494461854847041	-0.64998969555186	1	0.115	0.157	0.042
Lzts2	0.494500070234369	-0.669153781845242	1	0.077	0.12	0.043
Stk38	0.494689506075761	-1.26370772629912	1	0.054	0.12	0.066
Prdm5	0.495762371544683	0.812476729752718	1	0.169	0.133	0.036
Syne2	0.49638103961027	-0.246990106904484	1	0.338	0.361	0.023
Arih2	0.496649442631674	-0.478449955080748	1	0.1	0.157	0.057
Abtb2	0.496777042268089	0.966330572521921	1	0.131	0.108	0.023
Fgfr1	0.496987381995671	-0.676602602262439	1	0.077	0.12	0.043
Ldlrad3	0.497117463155165	0.293219469076518	1	0.262	0.193	0.069
Pde4c	0.497574361018998	0.852674910441356	1	0.177	0.108	0.069
Filip1l	0.498786042417482	-0.36545701225644	1	0.377	0.422	0.045
Raph1	0.501428094314145	0.252544560127264	1	0.462	0.361	0.101
Arid5b	0.502441367912976	-0.402585087491849	1	0.331	0.398	0.067
Btbd9	0.504331803443763	-1.03812100448944	1	0.069	0.145	0.076
Adgre5	0.505030307758148	0.258092342222593	1	0.162	0.12	0.042
Fryl	0.505579879438094	-0.500826433713759	1	0.1	0.133	0.033
Ttc23	0.508299551026905	0.906114540161419	1	0.131	0.072	0.059
Rftn2	0.508408712894815	-0.343554488101017	1	0.123	0.12	0.003
Aspn	0.510047065216201	-0.126029187443826	1	0.223	0.253	0.03
Fmnl3	0.510947540019439	0.295957673261624	1	0.115	0.108	0.00700000000000001
Pkd2	0.512006442367476	0.27867369884726	1	0.246	0.193	0.053
Ddx17	0.512366360583579	0.482579705280781	1	0.446	0.373	0.073
Nfib	0.513432267930528	-0.432767724926494	1	0.185	0.229	0.044
Ggt5	0.513788586175358	0.320269266606876	1	0.223	0.169	0.054
Jmjd1c	0.513927536728207	0.150712993426715	1	0.538	0.482	0.056
Abca8a	0.51521542695401	-0.524904976650703	1	0.123	0.181	0.058
Dbp	0.515596465115186	-0.853663205607495	1	0.085	0.133	0.048
Ubn2	0.516081888221074	-0.295938919613501	1	0.215	0.301	0.086
Ssbp2	0.517733904712945	0.6539006015497	1	0.185	0.181	0.004
Casc3	0.519104232791771	-1.43624076199589	1	0.038	0.108	0.07
Pdzrn3	0.519722180395178	-0.254564129665741	1	0.269	0.313	0.044
Tcf25	0.520600082660869	-0.733471411615338	1	0.077	0.133	0.056
Kdm7a	0.520911814076405	0.810620010021443	1	0.1	0.06	0.04
App	0.521787734823389	-0.208080965290898	1	0.177	0.229	0.052
Ubr3	0.522552929911316	-0.624403922654839	1	0.123	0.181	0.058
Rc3h2	0.525242173751905	-0.654462634565287	1	0.092	0.169	0.077
Cdc73	0.525925000212539	0.252678138983565	1	0.177	0.12	0.057
Top1	0.526020887101341	-0.379456782129052	1	0.131	0.217	0.086
Esyt1	0.526345952215293	-0.374065094118395	1	0.092	0.12	0.028
Kpna4	0.526850134648212	0.61252422252223	1	0.192	0.145	0.047
Aftph	0.527690245434051	-0.482077444914408	1	0.054	0.108	0.054
Trpm7	0.528934887239082	0.192459799290961	1	0.246	0.277	0.031
Nid1	0.529866211353795	0.261840643826069	1	0.269	0.217	0.052
Nlk	0.530035491975434	-0.989876525641645	1	0.062	0.145	0.083
Sparcl1	0.530241739421205	-0.117572285393902	1	0.485	0.506	0.021
Peak1	0.530435901800514	-0.412134737842385	1	0.323	0.361	0.038
Hnrnpl	0.530618434099179	1.3066396501224	1	0.108	0.048	0.06
Nexn	0.530902680644028	-0.70837930063376	1	0.108	0.145	0.037
Thoc2	0.530958306035641	-1.05940616729929	1	0.131	0.241	0.11
Fam193a	0.531538459393446	-0.307921354913392	1	0.285	0.265	0.02
Scfd1	0.532943621171727	-0.854730652189735	1	0.046	0.108	0.062
Mideas	0.533423765745896	0.940319694707069	1	0.1	0.06	0.04
Ltbp1	0.534218292780661	-0.26132600856912	1	0.169	0.229	0.06
Top2b	0.53449473703028	0.695259283026865	1	0.123	0.108	0.015
Nhsl2	0.534763375641199	-0.776831217909546	1	0.092	0.145	0.053
Atg4a	0.535499700236531	-0.743654880107973	1	0.1	0.157	0.057
Bcor	0.536490567201079	0.268265839710721	1	0.115	0.072	0.043
Nsd3	0.536671227904674	0.147152320060912	1	0.169	0.193	0.024
Col27a1	0.537094323438524	-0.264072177980201	1	0.123	0.169	0.046
Pcnx	0.537730111566617	-0.391318811528635	1	0.077	0.108	0.031
Pdlim3	0.537912939701621	-0.794164278934391	1	0.069	0.12	0.051
Dip2c	0.53814573062885	0.135475987724067	1	0.323	0.349	0.026
Atp11c	0.540284267724538	0.159735552520637	1	0.262	0.193	0.069
Mrtfa	0.542104998026651	-0.667527405687739	1	0.085	0.133	0.048
Ccdc82	0.545505824590333	-0.57234436596573	1	0.131	0.169	0.038
Elp4	0.545838799011645	-0.60293827148834	1	0.069	0.108	0.039
Ddx3y	0.545888609377685	-2.72584017570552	1	0.015	0.12	0.105
Ncoa6	0.547732929950933	1.05362501011354	1	0.115	0.048	0.067
Wls	0.550054021973812	-0.102312402924272	1	0.454	0.482	0.028
Zfc3h1	0.551297898705575	0.554939894044047	1	0.115	0.096	0.019
Cnnm2	0.551323014632795	-0.260329245975021	1	0.146	0.12	0.026
Prpf4b	0.551349978983639	-0.925091897003886	1	0.192	0.313	0.121
Kif13b	0.551670258337676	0.631746365624354	1	0.2	0.145	0.055
Ncoa1	0.551820780603635	0.652115441958094	1	0.169	0.133	0.036
Spata5	0.55204916180189	-1.22228660977932	1	0.046	0.12	0.074
Pdpk1	0.554090748489995	-0.51454652697732	1	0.085	0.12	0.035
Adamts10	0.554538626605442	0.946050275058818	1	0.1	0.06	0.04
Ago3	0.554554244416763	-1.02059104675947	1	0.046	0.108	0.062
Plxnb1	0.554684199445147	0.404936215424741	1	0.1	0.084	0.016
Tspan4	0.55536497169033	-1.70404141448243	1	0.038	0.108	0.07
Ptpn14	0.559038004982166	0.227885275399569	1	0.123	0.12	0.003
Lrp1	0.559193670339245	-0.1022939493832	1	0.185	0.169	0.016
Nufip2	0.562256871867903	-0.496490023719281	1	0.146	0.205	0.059
Ugp2	0.564140236825639	-0.240012327703111	1	0.138	0.145	0.00699999999999998
Klhl13	0.566342941200059	0.932208995500444	1	0.115	0.096	0.019
Agtpbp1	0.567410426943397	-1.22878747366768	1	0.054	0.12	0.066
Lats1	0.568435820090042	0.817063188826512	1	0.1	0.048	0.052
R3hdm2	0.57061136653122	-0.142042447546118	1	0.108	0.145	0.037
Myo9a	0.570673643747839	0.117478919873328	1	0.154	0.096	0.058
Adgrf5	0.571009494253775	0.806382712615694	1	0.108	0.072	0.036
Abcb7	0.571211936630599	-0.910298667565824	1	0.054	0.12	0.066
Ank2	0.572695492304482	0.377168353191919	1	0.385	0.386	0.001
Lnpep	0.575873328218538	0.283088970560366	1	0.154	0.145	0.00900000000000001
Baz2b	0.576825717319966	-0.109702130658644	1	0.315	0.301	0.014
Tnks1bp1	0.576998836430665	0.198831758258949	1	0.146	0.108	0.038
Naa16	0.577359316960839	-1.0066604640684	1	0.054	0.12	0.066
Uvrag	0.577689639391729	0.495060085228636	1	0.169	0.133	0.036
Sp1	0.579101813599675	0.932962165964851	1	0.192	0.12	0.072
Nrg3	0.580454632108309	0.317928010156194	1	0.115	0.108	0.00700000000000001
Xpr1	0.581301540588212	-1.35873085088206	1	0.046	0.12	0.074
Taf15	0.58395479022179	-0.913109444621531	1	0.092	0.181	0.089
Wrn	0.585048314248888	0.548821515007021	1	0.123	0.084	0.039
Wdpcp	0.585869415178141	0.706156491240632	1	0.138	0.072	0.066
Ptbp3	0.586001231678791	0.633191351829588	1	0.2	0.133	0.067
Pbx1	0.587565392105707	0.35172871340153	1	0.577	0.422	0.155
Itsn2	0.588062599314335	-0.247669506963563	1	0.131	0.181	0.05
Pias1	0.589889389854612	-0.335508727388021	1	0.215	0.289	0.074
Thap3	0.590718212463619	0.40202770335057	1	0.231	0.157	0.074
Zcchc7	0.590901978075116	0.492302975769987	1	0.431	0.337	0.094
Rhoj	0.591170531177816	0.809098687461403	1	0.331	0.229	0.102
Zic1	0.591558186769762	0.591179649720086	1	0.331	0.229	0.102
Comt	0.592373049857211	-1.32780133882034	1	0.054	0.12	0.066
Nsmce2	0.593619687553482	0.676336002653005	1	0.215	0.145	0.07
Cfdp1	0.593760828809346	-0.356383190786375	1	0.115	0.133	0.018
Prex2	0.594007009764937	0.370926653957672	1	0.538	0.446	0.092
Ncf2	0.595058823177174	-0.148377822460313	1	0.146	0.181	0.035
Cdc42bpa	0.595971230019051	0.2640620226399	1	0.231	0.253	0.022
Smad2	0.5960100758911	-0.804419883729923	1	0.062	0.108	0.046
Prrx1	0.59626388387915	0.425230109464205	1	0.123	0.108	0.015
Tor1aip2	0.597268018168582	0.989049116263374	1	0.115	0.06	0.055
Tpk1	0.598085825848908	0.362001867254797	1	0.108	0.072	0.036
Phldb1	0.599415811363174	-1.0801495077579	1	0.062	0.12	0.058
Nostrin	0.599901694719018	0.213846716585977	1	0.123	0.096	0.027
Pank2	0.600249662702185	-0.392482320540049	1	0.108	0.133	0.025
Prpf39	0.600298693678795	-0.954985602075272	1	0.085	0.12	0.035
Arhgef18	0.600360294412048	1.03217475623457	1	0.115	0.06	0.055
Rsbn1	0.600374194196996	-1.15132639771753	1	0.077	0.145	0.068
Dag1	0.601942805364133	0.220426144882104	1	0.177	0.157	0.02
Xrn2	0.602820106914708	0.493657369857886	1	0.1	0.072	0.028
Gcnt2	0.602935693072111	0.310287105944392	1	0.315	0.289	0.026
Anxa7	0.60336058313028	-0.622266754897991	1	0.069	0.108	0.039
Bltp1	0.604278716050329	0.552546837323368	1	0.138	0.133	0.005
Kdm6a	0.604506261201437	0.548587441667617	1	0.208	0.157	0.051
Hnrnpr	0.60459055219331	0.503439057584428	1	0.362	0.253	0.109
Zbtb37	0.604957890277365	0.826579431352706	1	0.1	0.06	0.04
Actb	0.605346566400773	0.221644418668232	1	0.223	0.205	0.018
Trpv2	0.605892970775366	-0.126954730614129	1	0.1	0.12	0.02
Eng	0.607036693184359	0.341507302716104	1	0.192	0.145	0.047
Abhd2	0.607324273588069	-0.25602859632716	1	0.138	0.193	0.055
Zeb1	0.607350591312666	0.383642605452672	1	0.777	0.735	0.042
Gng2	0.608285289686375	-1.74916334712609	1	0.054	0.145	0.091
Chd4	0.60956476943587	-0.549554041577032	1	0.146	0.181	0.035
Aff4	0.609834915065271	-0.217069015392741	1	0.223	0.301	0.078
Ndel1	0.610527840366742	0.307667646412044	1	0.1	0.072	0.028
Gab2	0.611697546167454	0.189670732808883	1	0.4	0.434	0.034
Entpd1	0.611802855581268	0.336154191727267	1	0.108	0.133	0.025
Rgs6	0.611995448578957	0.30097999140364	1	0.5	0.398	0.102
Rasgrp3	0.612628728247383	0.590906395206298	1	0.238	0.193	0.045
Acadsb	0.612695383520911	0.576262566838614	1	0.108	0.072	0.036
Pon2	0.613773152110574	0.374027741189768	1	0.108	0.072	0.036
Kcnt2	0.613876729851199	0.288840369657552	1	0.138	0.072	0.066
Ctcf	0.613897436642697	0.419943358178442	1	0.138	0.108	0.03
Hey2	0.614134237382712	-0.102485050315921	1	0.108	0.133	0.025
Faf1	0.616324542797821	0.703213059754631	1	0.1	0.084	0.016
Srsf4	0.618143070344224	-0.94306987761957	1	0.1	0.205	0.105
Kif13a	0.618485382653083	-0.451790382756508	1	0.138	0.217	0.079
Dennd4c	0.620648441106494	1.10400069478686	1	0.223	0.12	0.103
Fto	0.62142611797375	-0.125484238295113	1	0.215	0.241	0.026
Bclaf1	0.621891486570829	-0.494294981136408	1	0.223	0.301	0.078
Nrxn3	0.623827600942696	-0.266591748362367	1	0.123	0.157	0.034
Pacs1	0.625211614474257	0.667891513898658	1	0.146	0.084	0.062
Sf3b1	0.627256884299627	-0.303532914150625	1	0.131	0.193	0.062
Yy1	0.628446216722233	-0.527973249657705	1	0.085	0.145	0.06
Ccdc50	0.629614964832576	-0.840572568467343	1	0.069	0.133	0.064
Gulp1	0.630451485200041	0.187220272477743	1	0.223	0.205	0.018
Bcas3	0.631082859984946	-0.445284280354544	1	0.331	0.422	0.091
Clint1	0.632121023456907	-0.399352795810885	1	0.115	0.133	0.018
Dock10	0.632139389402151	-0.71493611185794	1	0.254	0.349	0.095
Rab7	0.632387378888962	-0.930667583980104	1	0.069	0.108	0.039
Ogt	0.632488351160871	0.507474651344506	1	0.508	0.41	0.098
Otud7b	0.633016610013857	-1.30228437433202	1	0.046	0.108	0.062
Jak2	0.63331722579577	-0.177775366759935	1	0.115	0.12	0.00499999999999999
Asxl2	0.633782245384719	0.47798187716262	1	0.123	0.133	0.01
Relch	0.634022078879119	-0.511997056441439	1	0.069	0.108	0.039
Csrp1	0.635430882732406	-0.330480809324219	1	0.085	0.108	0.023
Cog5	0.635787880190294	-0.190837026524648	1	0.154	0.193	0.039
Srpr	0.637908629214386	-0.606092593608006	1	0.085	0.108	0.023
Rbms2	0.637984031709471	0.156507634191756	1	0.169	0.133	0.036
Calcrl	0.638431545792758	-0.286657357072868	1	0.1	0.133	0.033
Myh11	0.639921446872763	-0.172958579764583	1	0.238	0.301	0.063
Rell1	0.641350164490139	0.637434553464432	1	0.1	0.06	0.04
Mark1	0.641405099844969	-0.272361264611344	1	0.223	0.253	0.03
Ctnnb1	0.643656419963704	-0.5499626951479	1	0.077	0.133	0.056
A4galt	0.643690122619945	-0.135010290653285	1	0.238	0.241	0.003
Cecr2	0.643768165550662	0.467295243067181	1	0.162	0.108	0.054
Morf4l1	0.643911127981549	-0.933293488217129	1	0.069	0.133	0.064
Tbx2	0.644012494228326	0.344412943780971	1	0.277	0.205	0.072
Smchd1	0.644608211592313	-0.323750977470296	1	0.138	0.205	0.067
Usp9x	0.644974668586124	-0.864391979111042	1	0.177	0.265	0.088
Npepl1	0.646630820266997	0.502674755569013	1	0.115	0.084	0.031
Creb1	0.648484133628761	-0.582910410881609	1	0.115	0.157	0.042
Ggact	0.649050198566894	-1.07081050817	1	0.077	0.145	0.068
Raf1	0.649746332156439	-1.69196781142587	1	0.038	0.12	0.082
Scarb1	0.650639625152197	0.107027763883115	1	0.108	0.108	0
Samhd1	0.650978557533454	0.930068109813698	1	0.138	0.072	0.066
Bcl2l1	0.652764050318717	-0.303689900958931	1	0.085	0.12	0.035
Emsy	0.653442388512206	-2.11206283200869	1	0.046	0.133	0.087
Agl	0.654179353938173	-0.314073862510099	1	0.1	0.133	0.033
Colec12	0.655442057196146	0.184281579384775	1	0.654	0.614	0.04
Stat3	0.655888736158681	0.51894436592513	1	0.215	0.169	0.046
Apbb2	0.656237529246569	-0.117860687951932	1	0.754	0.747	0.00700000000000001
Eif4ebp2	0.656328483938498	0.693064705553648	1	0.192	0.133	0.059
Srsf2	0.657841892297049	-0.663414444273074	1	0.062	0.12	0.058
Vapa	0.658236029014474	0.744717912874036	1	0.131	0.084	0.047
Map3k20	0.659727412437641	0.533784871379392	1	0.523	0.458	0.065
Pds5b	0.660317991430948	0.27043765927764	1	0.246	0.229	0.017
Heca	0.660789328122934	-0.430344572559437	1	0.077	0.133	0.056
Kansl1	0.661486798643938	-0.211783293995508	1	0.4	0.422	0.022
Arglu1	0.662878129530227	0.708933927673504	1	0.292	0.217	0.075
Bbx	0.662885691548908	-0.125657339870562	1	0.2	0.205	0.00499999999999998
Dpp8	0.663162436367821	-0.733578848883547	1	0.069	0.108	0.039
Svil	0.663859747532989	0.24402503061729	1	0.531	0.506	0.025
Slc38a11	0.664309734894768	0.184236339729584	1	0.8	0.783	0.017
Rasgrp2	0.665485776311575	0.679501908600592	1	0.238	0.169	0.069
Fam135a	0.666191638046105	-1.15304652732601	1	0.085	0.193	0.108
Spred2	0.667479893930402	-1.51627267007369	1	0.046	0.157	0.111
Nr2c2	0.668160577388054	-0.467006281831729	1	0.092	0.133	0.041
Rbm39	0.670434754694386	-0.163413611596413	1	0.6	0.687	0.0870000000000001
Adgrl3	0.670460975173753	0.424388824009403	1	0.323	0.313	0.01
Braf	0.670681460243355	-0.503481209141452	1	0.3	0.349	0.049
Zfp652	0.671005064456678	-0.67613496895592	1	0.054	0.108	0.054
Ehmt1	0.672490742657042	-0.303258429030003	1	0.208	0.265	0.057
Atf7ip	0.672928222852002	-0.523661922145053	1	0.192	0.253	0.061
Ptk2	0.674911615299702	0.106268313587428	1	0.438	0.446	0.00800000000000001
Zhx2	0.674959807027321	0.412703821118632	1	0.223	0.205	0.018
Cadm2	0.674989941245341	0.585035813792131	1	0.138	0.096	0.042
Rhoa	0.675117167944369	-0.195396920721558	1	0.108	0.145	0.037
Foxo1	0.675620137042638	0.179055861207288	1	0.123	0.084	0.039
Ranbp9	0.675848308862378	0.518153755977911	1	0.123	0.084	0.039
Atl3	0.677942893573861	-0.74066605723855	1	0.123	0.193	0.07
Gjc1	0.679162057813571	0.253121749860384	1	0.5	0.422	0.078
Wnt5b	0.679742274173384	0.79011634185474	1	0.115	0.096	0.019
Rab1a	0.683287103166521	1.3938388443833	1	0.1	0.036	0.064
Tpm4	0.683405689055015	0.691410627308872	1	0.115	0.096	0.019
Dysf	0.685350107528494	0.729358139513812	1	0.185	0.157	0.028
Parva	0.685671711737878	-0.22728944173002	1	0.215	0.217	0.002
Zfp644	0.687561941476478	-0.239204237686762	1	0.146	0.157	0.011
9930021J03Rik	0.688430637120491	0.451822944807733	1	0.162	0.133	0.029
Snapc3	0.688676260830754	-0.239794368982793	1	0.123	0.145	0.022
Rnd3	0.688688958956838	0.87403422089337	1	0.108	0.072	0.036
Smc1a	0.689881205357511	-0.42576845178873	1	0.108	0.169	0.061
Osbpl9	0.690360384236662	0.21267433372444	1	0.285	0.277	0.00799999999999995
Tgfb1i1	0.690694670065812	0.173522892392347	1	0.1	0.12	0.02
Hmg20a	0.691301142642408	0.160371726947866	1	0.169	0.145	0.024
Mga	0.693176977323295	0.998369127312463	1	0.146	0.108	0.038
Zfhx3	0.693751633668827	-0.295031224613296	1	0.485	0.566	0.081
Rlf	0.694605073963336	-0.68078512574414	1	0.077	0.145	0.068
Dnm2	0.699350397238741	-1.27514006237817	1	0.046	0.12	0.074
Cdk13	0.70030119648726	-0.171774020638789	1	0.162	0.169	0.00700000000000001
Akap9	0.700567791964005	0.575233801086477	1	0.108	0.084	0.024
Nemf	0.701263344902114	0.148345617819127	1	0.115	0.12	0.00499999999999999
Tnks	0.701439059541272	-0.970897353321805	1	0.077	0.157	0.08
Golgb1	0.701893933969837	-0.256097512506723	1	0.138	0.157	0.019
Arhgef11	0.70191222916035	-0.271534656143177	1	0.162	0.205	0.043
Scaper	0.701935391666745	0.442051832083031	1	0.123	0.108	0.015
Alpk1	0.702124843661456	0.510859480935618	1	0.177	0.145	0.032
Cd81	0.702798872755917	0.453961064295156	1	0.162	0.133	0.029
Ppp3cb	0.702996443844445	0.670633088038384	1	0.138	0.108	0.03
Smg6	0.704885020117729	0.100013812147486	1	0.423	0.398	0.025
Ets1	0.70505160183113	0.209213456728985	1	0.323	0.313	0.01
B3gnt2	0.705595419253832	-0.256361428508822	1	0.231	0.229	0.002
Spaar	0.706945997391276	1.28856250579316	1	0.1	0.036	0.064
Epb41l2	0.707376591182939	0.323954044255466	1	0.615	0.542	0.073
Appl1	0.708244326083992	-0.841923921128416	1	0.085	0.145	0.06
Ecpas	0.709227697469522	-0.388274811849717	1	0.108	0.157	0.049
Cgnl1	0.711220257354237	0.619670406271474	1	0.362	0.277	0.085
Pnisr	0.711577807526551	0.762668687989488	1	0.269	0.217	0.052
Add3	0.711850374833696	0.444211720967868	1	0.269	0.193	0.076
Tab2	0.711994716184584	-0.127919780441004	1	0.115	0.133	0.018
Cstf3	0.712117100627278	-0.351955554665833	1	0.1	0.145	0.045
Ptpn9	0.713016118060087	-0.268862666594563	1	0.215	0.217	0.002
Ctdspl2	0.713182113602963	0.492196597445927	1	0.177	0.145	0.032
Stard8	0.71360237324606	0.373388267238187	1	0.392	0.337	0.055
Trim12a	0.71529779568849	0.884838823828277	1	0.108	0.084	0.024
Csnk1g1	0.715667877799793	-0.718917816194914	1	0.108	0.169	0.061
Dek	0.716042100952329	-0.242388017036423	1	0.077	0.108	0.031
Pelo	0.71716806911674	-0.796907799468864	1	0.069	0.12	0.051
Abi1	0.719778231197812	0.13426323198416	1	0.2	0.169	0.031
Acin1	0.72001369130524	-1.64923848698686	1	0.069	0.169	0.1
Zfp346	0.721785148562835	-0.123356263942242	1	0.1	0.133	0.033
Syncrip	0.722643572779902	-0.318921777381276	1	0.077	0.108	0.031
Lama4	0.722791026372317	0.147843990265302	1	0.438	0.422	0.016
Mndal	0.725628329437057	0.567143821400504	1	0.215	0.145	0.07
Srsf5	0.727571449266036	-0.30847951920342	1	0.338	0.41	0.072
Tnfaip8	0.727794718079451	0.624739399607118	1	0.223	0.169	0.054
Hspg2	0.729295125046169	0.186236566250032	1	0.1	0.108	0.00799999999999999
Ebf1	0.729583752092273	0.125560095467908	1	0.992	0.988	0.004
Crtc3	0.729926539190584	-0.714673141421941	1	0.2	0.289	0.089
Mtss1	0.731783776930938	0.543455587634747	1	0.1	0.096	0.004
Fstl1	0.732123008172268	0.451359402605635	1	0.115	0.12	0.00499999999999999
Eif4h	0.73222942462875	-0.43995824615332	1	0.077	0.108	0.031
Nbea	0.73463793828306	0.290570604876631	1	0.123	0.084	0.039
Prkdc	0.735898412541132	0.527799827382103	1	0.1	0.084	0.016
Pld1	0.73807584049805	-0.220743739778008	1	0.538	0.542	0.004
Pou2f1	0.740302901783217	0.761547473494348	1	0.169	0.12	0.049
Axl	0.742839116971288	0.532426166012867	1	0.192	0.181	0.011
Lsm14a	0.742953448777802	-0.601686063032511	1	0.123	0.157	0.034
Abcd3	0.743799637827198	0.665791896602721	1	0.115	0.06	0.055
Ptar1	0.744375030317224	0.301007344725198	1	0.215	0.169	0.046
Ddx42	0.744644880093179	-0.534916335274675	1	0.092	0.133	0.041
Ldlr	0.745298851080985	0.612890862362799	1	0.131	0.084	0.047
Syne1	0.746299538816568	0.611570042688592	1	0.538	0.434	0.104
Sfpq	0.74755052685966	-0.153391625799655	1	0.223	0.277	0.054
Kirrel	0.749119532507532	-0.196492726096583	1	0.2	0.253	0.053
Gnb1	0.750131482518761	0.221987261963112	1	0.162	0.145	0.017
Rngtt	0.751382686796269	-0.344728607784816	1	0.085	0.108	0.023
Rhbdf1	0.753260341677061	-0.592047427129245	1	0.069	0.108	0.039
Fchsd2	0.754106770770167	-0.178962139556729	1	0.392	0.398	0.00600000000000001
Cyp4f13	0.754565580416628	-0.180708296559723	1	0.108	0.096	0.012
Zfp609	0.754779096318368	-0.279735135881183	1	0.146	0.157	0.011
Tec	0.754910284352984	-0.264782533717093	1	0.2	0.217	0.017
Tnxb	0.754965100332388	0.553462609426573	1	0.231	0.205	0.026
L3mbtl3	0.754975913116976	0.433361225386314	1	0.131	0.096	0.035
Eif4g2	0.756312403937053	-0.956815523219819	1	0.062	0.133	0.071
Gbe1	0.756506657060646	0.102598677538892	1	0.123	0.096	0.027
Dnajc1	0.756897379437348	-0.3864086630997	1	0.3	0.361	0.061
Smurf1	0.757171040042691	0.371371297921616	1	0.123	0.12	0.003
Supt16	0.757628946441879	-0.900445578787373	1	0.054	0.12	0.066
Mylip	0.758762289072962	-0.161152821237441	1	0.115	0.108	0.00700000000000001
Hnrnpm	0.7590265516453	-0.360521767309681	1	0.138	0.181	0.043
Cpsf6	0.759042442103569	0.593922039109617	1	0.123	0.12	0.003
Ndufa4l2	0.762761003118545	1.31711902050672	1	0.115	0.06	0.055
Chst11	0.76320707171865	1.3311106976494	1	0.1	0.036	0.064
Ccser2	0.763360453057808	-0.743464346226216	1	0.115	0.193	0.078
Usp24	0.764060345513452	0.362062721879076	1	0.138	0.133	0.005
H3f3b	0.764576787842073	-0.374936962263862	1	0.123	0.133	0.01
Hnrnpdl	0.76594672808452	-0.439060600885566	1	0.1	0.157	0.057
Matr3	0.767497947676563	-0.234155358495082	1	0.162	0.217	0.055
Sh3d21	0.76802919108252	0.79458876267325	1	0.115	0.072	0.043
Akap8	0.769753482043124	0.371855163234941	1	0.115	0.084	0.031
Lamc1	0.771565652096113	0.279231678031355	1	0.562	0.554	0.00800000000000001
Traf5	0.773820632032121	0.297383689936817	1	0.1	0.072	0.028
Prdm2	0.775756225319656	-0.763016738088607	1	0.077	0.108	0.031
Atp7a	0.776300105909246	-0.361524700686451	1	0.162	0.193	0.031
Klhl24	0.777692004579747	-0.952096660809482	1	0.054	0.12	0.066
Stx16	0.778341681470064	-0.169538144142651	1	0.138	0.145	0.00699999999999998
Vcl	0.779657694896877	0.300558938050841	1	0.538	0.506	0.032
Kalrn	0.78032175751453	1.02900959807045	1	0.1	0.048	0.052
Rad21	0.78143652341871	-1.03502598845366	1	0.069	0.133	0.064
Resf1	0.781875977197926	0.199250973380545	1	0.146	0.133	0.013
Lrba	0.781984454370837	-0.296020312402694	1	0.192	0.193	0.001
Sec63	0.783613726343152	-0.229656795282189	1	0.146	0.157	0.011
Arhgap42	0.78387070201547	0.100005840052042	1	0.746	0.663	0.083
Arhgap10	0.785075678153608	-0.133592261829115	1	0.362	0.41	0.048
Swt1	0.786178743299605	0.346397256939333	1	0.154	0.145	0.00900000000000001
Wapl	0.786436656051273	-0.702038818951004	1	0.208	0.313	0.105
Clybl	0.786500220217344	-0.276778733963335	1	0.123	0.181	0.058
Ptpn13	0.78929245887519	0.316459220182411	1	0.2	0.169	0.031
Nbeal1	0.790300152557011	0.321642630975102	1	0.623	0.53	0.093
Nhsl1	0.792387446249474	0.460318524449544	1	0.154	0.108	0.046
Luzp1	0.793689688808318	-0.126299385861957	1	0.254	0.253	0.001
Arid4b	0.795577101991678	-0.45629359234508	1	0.077	0.12	0.043
Mrc2	0.7971366791262	-0.125697683130459	1	0.208	0.241	0.033
Unk	0.797804482778133	0.643647910298497	1	0.1	0.084	0.016
Lrrk1	0.79878640484696	0.147698971705726	1	0.162	0.133	0.029
Dzip1l	0.800065313229824	0.805761634291761	1	0.115	0.072	0.043
Hltf	0.802246882527718	-1.25107721680734	1	0.046	0.108	0.062
Srgap2	0.803208462962089	-0.569978626652746	1	0.146	0.193	0.047
Scarf1	0.803543382041871	0.419364748281137	1	0.138	0.108	0.03
Cbfb	0.803719333937152	-0.324691824124729	1	0.123	0.145	0.022
Tmem164	0.808420662655431	0.154050521283015	1	0.208	0.241	0.033
Ambra1	0.80965507223685	0.292341413010339	1	0.331	0.289	0.042
Tln1	0.811065276615051	-0.648750275179729	1	0.092	0.12	0.028
Ppp2r3a	0.811909400321764	0.2024787735656	1	0.269	0.253	0.016
Abcg2	0.814103904179406	0.396206533180821	1	0.1	0.072	0.028
Reep3	0.817260835664326	0.404510630917361	1	0.269	0.217	0.052
Ano6	0.817555157875154	0.330972411478749	1	0.331	0.277	0.054
Birc6	0.818988861337765	-0.344810028913217	1	0.231	0.289	0.058
Pdlim1	0.819103620011979	-0.361608633599884	1	0.123	0.145	0.022
Ankrd50	0.821237778473065	0.931057885734307	1	0.208	0.12	0.088
Jarid2	0.821817189837148	-0.727300901682256	1	0.138	0.181	0.043
Tmem87b	0.822531334699149	0.15061654041648	1	0.123	0.096	0.027
Rbm26	0.822954145248564	-0.176067671825887	1	0.069	0.108	0.039
Tmem245	0.823547025182233	-0.844489209235285	1	0.077	0.133	0.056
Csnk1a1	0.824473383170865	-0.156795082164398	1	0.385	0.41	0.025
Rftn1	0.824937674478514	0.314556319766282	1	0.1	0.084	0.016
Gnb4	0.825208673867433	0.427811870123229	1	0.269	0.205	0.064
Ptprd	0.825906965811074	-0.3116716836734	1	0.162	0.181	0.019
Nrip1	0.826532138204974	-0.519681642069755	1	0.108	0.145	0.037
Platr25	0.826571772072484	-0.810530644833754	1	0.1	0.145	0.045
Kdm5a	0.828498623956795	-0.241056619229802	1	0.115	0.145	0.03
Slc22a8	0.828771803399753	0.141769419170517	1	0.215	0.241	0.026
Marcks	0.828855218164216	0.398435282889576	1	0.169	0.12	0.049
Ggnbp2	0.829928449698364	0.764510768202748	1	0.138	0.096	0.042
Zswim6	0.830069881994579	-0.2272638314997	1	0.1	0.133	0.033
Nktr	0.830189242569131	-0.418710869035198	1	0.138	0.193	0.055
Stx18	0.830676742526919	0.599400989683077	1	0.1	0.06	0.04
Igfbp7	0.832891538853186	0.202197601548785	1	0.646	0.614	0.032
Bmp2k	0.833101651834353	0.218266267451927	1	0.123	0.084	0.039
Cdk12	0.833516721394334	-0.1188930741941	1	0.262	0.265	0.003
Ankrd44	0.833897217516329	0.477595116475231	1	0.308	0.265	0.043
Mbd5	0.8394083090058	0.175767365055624	1	0.269	0.301	0.032
Marchf7	0.841164381948336	-0.529410062976212	1	0.177	0.229	0.052
Med13	0.84219402705872	0.124722284642593	1	0.285	0.253	0.032
Cep112	0.842556810010399	0.223872457919204	1	0.315	0.277	0.038
Lats2	0.843365983719739	0.527631564018588	1	0.123	0.108	0.015
Arhgap12	0.843989553512747	-0.157165525058561	1	0.192	0.217	0.025
Cobll1	0.844328221798923	0.165803324055363	1	0.746	0.723	0.023
Apoe	0.845071887596338	0.376101102690981	1	0.215	0.193	0.022
Zfp950	0.845671073070921	-0.27389405864084	1	0.2	0.241	0.041
Pals1	0.846278347170682	-0.886743985436445	1	0.1	0.169	0.069
Ccnyl1	0.846674596517291	0.186008762505837	1	0.123	0.108	0.015
Lrrfip2	0.846783801178001	-0.830782046649636	1	0.115	0.169	0.054
Specc1l	0.84708955721364	-0.225142218532546	1	0.177	0.181	0.004
Nfia	0.848330882397571	0.119604232065743	1	0.785	0.771	0.014
Rgma	0.848795285689876	0.404792298707741	1	0.215	0.181	0.034
Wipf1	0.849279895651908	0.231188187883849	1	0.338	0.301	0.037
Atxn7	0.849289895096728	0.265169301340807	1	0.192	0.169	0.023
Fam13c	0.850256877656532	-0.652288814650505	1	0.077	0.133	0.056
Glg1	0.850407299292469	-0.760873177035733	1	0.069	0.12	0.051
Cbfa2t2	0.851613324610507	-0.688372609288022	1	0.092	0.108	0.016
Eps15	0.852997735190586	0.261494694761144	1	0.169	0.157	0.012
Tra2a	0.854125193540932	0.424905948699891	1	0.231	0.205	0.026
Baz2a	0.854199275505405	-0.123737433030262	1	0.138	0.157	0.019
Ddi2	0.854491987979063	0.879802081623002	1	0.131	0.072	0.059
U2surp	0.854930202014675	-0.585196376033396	1	0.062	0.108	0.046
Cwf19l2	0.855474560850122	0.194158936517522	1	0.192	0.145	0.047
Rdx	0.856734389532315	0.34518802544715	1	0.108	0.084	0.024
Kcnip4	0.858748962869645	-0.624788798983745	1	0.1	0.12	0.02
Cfh	0.859691593440543	-0.291661174304183	1	0.092	0.12	0.028
Cd63	0.860211252550727	-0.290270387016943	1	0.1	0.12	0.02
Zc3h12b	0.860562175909625	1.60765961468141	1	0.108	0.072	0.036
Lrrc8c	0.861110435356423	-0.244906062679763	1	0.131	0.133	0.002
Eif4g1	0.862241107127851	0.315678164862053	1	0.1	0.072	0.028
Phip	0.8626771869189	0.324982194147788	1	0.262	0.217	0.045
2210408I21Rik	0.866210417612195	0.848477184133706	1	0.123	0.12	0.003
Zeb2	0.8667493477303	0.135693843037496	1	0.562	0.53	0.032
Itgb1	0.866839959629194	-0.243529005933217	1	0.308	0.349	0.041
Dcbld1	0.867516586317527	0.530549682098338	1	0.2	0.181	0.019
Znrf3	0.868549201990735	-0.353851922489165	1	0.208	0.265	0.057
Uri1	0.870251615835987	-0.468984815200181	1	0.085	0.133	0.048
Zmym4	0.870613221648487	0.534958117310568	1	0.115	0.096	0.019
Arih1	0.873697479571857	0.151406591290882	1	0.4	0.373	0.027
Tmem243	0.877809620563756	-0.131306730296429	1	0.1	0.108	0.00799999999999999
Bicc1	0.878539218140843	0.176970865313722	1	0.285	0.277	0.00799999999999995
Brd8	0.879088358333222	-0.319013231134818	1	0.108	0.108	0
Itga7	0.880787480242956	0.681340110244625	1	0.115	0.084	0.031
Lrig1	0.881911114475215	0.492399362546322	1	0.177	0.133	0.044
Ube2d3	0.8821249270485	0.356618494840995	1	0.169	0.145	0.024
Rbbp6	0.88229089129154	-0.388203826882936	1	0.154	0.157	0.003
Ghr	0.882486948740362	-0.147379014934598	1	0.285	0.337	0.052
Btbd7	0.883595350350077	-0.2832199646826	1	0.154	0.169	0.015
Cnn3	0.884353136402962	-0.137902210603036	1	0.115	0.12	0.00499999999999999
Drg1	0.884888377589327	-0.242280012362447	1	0.069	0.108	0.039
Trappc8	0.885534211413099	-0.357933542928297	1	0.069	0.108	0.039
Tut4	0.885848660399924	-0.260642507662038	1	0.131	0.181	0.05
Kat2b	0.887561125883496	-0.131428543974854	1	0.169	0.181	0.012
Kat6a	0.888624227623057	-0.571903661693082	1	0.162	0.217	0.055
Notch1	0.890847200333476	0.708641272080015	1	0.223	0.193	0.03
Celf1	0.892716851623101	-0.673104975326955	1	0.115	0.157	0.042
Pak2	0.892722787423045	-0.107516226425991	1	0.177	0.205	0.028
Tra2b	0.895386793780965	-0.602953691092436	1	0.162	0.241	0.079
Xiap	0.896346910364801	0.122503091079862	1	0.192	0.193	0.001
Ttc14	0.899369777588327	0.427922791054308	1	0.208	0.193	0.015
H2az2	0.899427269898134	0.134206451879348	1	0.108	0.108	0
Stat5b	0.899727824063707	0.810994183887254	1	0.131	0.084	0.047
Ppfibp1	0.900653014116502	0.553243952838417	1	0.108	0.072	0.036
Bcl2	0.90250005653052	0.228379395656048	1	0.254	0.229	0.025
Rprd2	0.904493619416789	-0.511919858406812	1	0.1	0.133	0.033
Scaf11	0.904873058507873	-0.368591333804767	1	0.115	0.145	0.03
Lonp2	0.906437432240434	-0.361592388333098	1	0.169	0.181	0.012
Oga	0.906698193609825	0.277168954428858	1	0.115	0.12	0.00499999999999999
Cab39l	0.909623477572173	0.372227009333523	1	0.123	0.108	0.015
Tmem87a	0.910813805835164	-0.434476645974181	1	0.115	0.169	0.054
Plxna2	0.911493557420879	-0.532412996962566	1	0.069	0.108	0.039
Zbtb20	0.911637546852239	0.208645182504255	1	0.992	0.988	0.004
Usp47	0.911744452076129	-0.10630675863774	1	0.169	0.193	0.024
Sec24b	0.912097833346125	0.186340140087692	1	0.1	0.096	0.004
Fmnl2	0.912741829622079	-0.128494069307109	1	0.146	0.133	0.013
Man2a1	0.912851319350559	0.215729907050703	1	0.162	0.12	0.042
E130308A19Rik	0.913753769456497	0.469103677319593	1	0.446	0.386	0.06
Dlg2	0.914060426678694	-0.409939707702786	1	0.154	0.193	0.039
Ep300	0.914070717905095	0.196561542449294	1	0.138	0.145	0.00699999999999998
Trps1	0.914162680790478	0.383668135119247	1	0.538	0.458	0.08
Tnks2	0.914409971239229	-0.180501386573977	1	0.138	0.157	0.019
Ntn4	0.914655368594098	-0.434238051651822	1	0.185	0.217	0.032
Dock11	0.915731740029792	0.559970937584908	1	0.185	0.145	0.04
Ace2	0.916671314173284	0.105630710439342	1	0.108	0.108	0
Nab1	0.91780093378511	0.505625283583628	1	0.108	0.096	0.012
Slc19a1	0.919061532999597	0.702929876028545	1	0.169	0.12	0.049
Pkn2	0.919331889720916	-0.414654305565536	1	0.115	0.157	0.042
Atrx	0.919624926741354	-0.118986450094159	1	0.354	0.398	0.044
Dlg1	0.920668585571035	0.203203002016022	1	0.123	0.096	0.027
Smad4	0.921254284868688	-0.12819221751433	1	0.131	0.157	0.026
Mpdz	0.921337392523818	-0.236661518733286	1	0.146	0.169	0.023
Tmem131	0.922070251681085	-0.58142921124417	1	0.115	0.157	0.042
Zc2hc1a	0.922352823495333	-0.195981537915163	1	0.138	0.133	0.005
Elavl1	0.922963684796567	-0.266245982388576	1	0.092	0.12	0.028
Taok1	0.924534804941235	-0.508411808808002	1	0.169	0.217	0.048
Tead1	0.924777845202966	-0.131206836322122	1	0.192	0.229	0.037
Agap1	0.925501314650083	-0.532922645353021	1	0.146	0.217	0.071
Prkd3	0.926019793887522	-0.172028760313608	1	0.131	0.12	0.011
Myh9	0.926069423582908	0.492711550993768	1	0.538	0.422	0.116
Hdac9	0.926338926075655	0.377358515306582	1	0.115	0.096	0.019
Ino80d	0.928754782105456	0.303921435786957	1	0.115	0.108	0.00700000000000001
Sgms1	0.929923255383942	0.151007635198155	1	0.192	0.169	0.023
Garre1	0.930015395618827	-0.189496373317498	1	0.262	0.289	0.027
Tbc1d4	0.930675605010887	0.382578204480967	1	0.185	0.157	0.028
Cped1	0.932168637737441	0.115013374726759	1	0.615	0.578	0.037
Slc1a5	0.932910730749158	0.288832244146199	1	0.154	0.145	0.00900000000000001
Marchf6	0.934098618366437	-0.123311672376493	1	0.238	0.265	0.027
Agmo	0.934238559806373	0.404849421019563	1	0.169	0.169	0
Mtmr3	0.934284398808837	-0.174678358624092	1	0.2	0.229	0.029
Coro2b	0.934942027700985	-0.461373452867213	1	0.115	0.169	0.054
Agfg1	0.935477625871165	-0.879194585474176	1	0.077	0.133	0.056
Rnf38	0.940226265115269	0.179154448276341	1	0.215	0.205	0.01
Ttc7b	0.942272423603014	0.443459707300315	1	0.115	0.096	0.019
Fbxl3	0.94261488655016	0.365375295941088	1	0.115	0.108	0.00700000000000001
Lamb2	0.942763750410288	0.498367786251212	1	0.108	0.096	0.012
Myo1b	0.942870808154325	0.157274596920582	1	0.8	0.747	0.053
Cpq	0.945395121639853	-0.122210720919865	1	0.331	0.325	0.00600000000000001
P2ry14	0.945853885629256	-0.515072615239647	1	0.146	0.181	0.035
Tnrc6c	0.94686407894146	0.153577024905249	1	0.277	0.301	0.024
Kcmf1	0.947037574389342	-0.148531607241622	1	0.154	0.169	0.015
Insr	0.950275154585982	0.127810468419615	1	0.2	0.205	0.00499999999999998
Wdr26	0.95262607040623	0.103692364553003	1	0.1	0.096	0.004
Ipo8	0.953948979051215	-0.837505855263041	1	0.069	0.12	0.051
Lrp5	0.95501351080315	0.835269879883121	1	0.169	0.108	0.061
Rock2	0.955648527096421	-0.631640137414706	1	0.3	0.398	0.098
Pcdh19	0.956129355541428	-0.859021119995702	1	0.115	0.229	0.114
Thrap3	0.956858316388967	0.243903319620821	1	0.162	0.133	0.029
Phactr4	0.95783269564647	-0.178386340841732	1	0.123	0.145	0.022
Dyrk1a	0.958109996414524	-0.628667039855531	1	0.146	0.217	0.071
Nfyc	0.960398338695532	-0.580927786122154	1	0.085	0.12	0.035
Gcc2	0.961001013791356	0.27271471412785	1	0.092	0.12	0.028
Eva1b	0.961507813714193	-0.455915613100619	1	0.108	0.133	0.025
Ttc28	0.961535083743255	0.387589087879324	1	0.485	0.446	0.039
Amotl1	0.9639723888737	0.493873407697159	1	0.192	0.145	0.047
Ccnt1	0.964298597299296	0.47641939204307	1	0.108	0.084	0.024
Sarnp	0.965379927015864	-0.22130167078687	1	0.077	0.108	0.031
Ppp2r5a	0.965500277099914	0.132875837714497	1	0.131	0.108	0.023
Col4a4	0.965701442653803	-0.233433256762973	1	0.162	0.169	0.00700000000000001
Tpm2	0.966380765016857	-0.49769539469014	1	0.077	0.108	0.031
Bmp5	0.966507796116074	0.500181711865033	1	0.254	0.205	0.049
Rere	0.967994914518518	0.330901004679019	1	0.485	0.458	0.027
Adk	0.968049876657677	0.193625767022026	1	0.485	0.458	0.027
Zfp438	0.968054993642229	0.357987019178299	1	0.1	0.096	0.004
Eva1c	0.969386301246057	0.73983741377866	1	0.1	0.072	0.028
Cop1	0.970465055551877	-0.4257391420185	1	0.138	0.169	0.031
Pspc1	0.971753477493881	0.694475528488956	1	0.115	0.096	0.019
Lhfp	0.973233040484737	0.134673863685939	1	0.685	0.723	0.0379999999999999
Peli1	0.975304221302949	-0.69919405142103	1	0.1	0.12	0.02
Creb5	0.976413855219431	-0.390097384669151	1	0.085	0.108	0.023
Septin8	0.97658235126535	-1.62404906805806	1	0.069	0.181	0.112
Rc3h1	0.977337697092992	-0.976559436247985	1	0.1	0.181	0.081
Ubr1	0.979070983149415	0.296052426129177	1	0.415	0.361	0.054
Fer	0.979781336069529	0.484990269718515	1	0.177	0.133	0.044
Tor1aip1	0.981283992225803	0.536415611141342	1	0.192	0.133	0.059
Rasa1	0.984014461176101	-0.193456485916062	1	0.123	0.157	0.034
Ddr2	0.984911383912126	0.390649136952376	1	0.146	0.133	0.013
Dennd5b	0.986005199116652	-0.23407077318366	1	0.131	0.157	0.026
Ptpra	0.989657925441783	-0.482817347712648	1	0.092	0.12	0.028
Egfr	0.992512021325854	0.377064416222444	1	0.131	0.108	0.023
Stim1	0.993459147712928	0.216975613491137	1	0.223	0.193	0.03
Rmdn1	0.994531326417542	-0.710860152866461	1	0.1	0.133	0.033
Nck2	0.994947458031064	0.302604800944657	1	0.292	0.253	0.039
Lyn	0.994962335264532	-0.125520669934538	1	0.177	0.181	0.004
Ccnl2	0.996318809825319	0.424516501451466	1	0.246	0.205	0.041
Ncoa3	0.997406266787363	0.344524174072936	1	0.185	0.157	0.028
Phactr2	0.99925761212523	0.150039939224071	1	0.269	0.229	0.04
Map3k3	0.999291899993861	0.383311085203141	1	0.215	0.193	0.022
Tm4sf1	0.999755046161093	0.465369538352827	1	0.154	0.133	0.021
Axin2	1	-0.346485977293057	1	0.085	0.12	0.035
