gene	p_val	avg_log2FC	p_val_adj	percent_3	percent_0	percent_difference
Mast4	1.06285016119591e-13	0.856284459312664	1.90441491883083e-09	0.935	0.876	0.0590000000000001
Galnt17	1.27084636535974e-13	3.07067353681845	2.27710251745158e-09	0.352	0.052	0.3
Serpini1	6.13685754499284e-11	-2.66676697139445	1.09960213491182e-06	0.068	0.324	0.256
Per2	1.42953753130608e-09	-3.32466401566123	2.56144534859423e-05	0.02	0.167	0.147
Psd3	5.15011435110688e-08	0.766359654990802	0.00092279748943133	0.754	0.562	0.192
Dlc1	1.3965544342289e-06	0.460072585265443	0.0250234623525134	0.997	0.995	0.002
Fnbp1	2.17461552248707e-06	-1.5096550099039	0.0389647609319234	0.096	0.29	0.194
Plxdc1	2.66999255247834e-06	1.20631335052534	0.047840926555307	0.375	0.257	0.118
D5Ertd579e	2.69785367830833e-06	-1.87642680020897	0.0483401422079287	0.078	0.19	0.112
Pwwp2a	1.1320519036533e-05	-1.20853567721016	0.202841060096599	0.13	0.229	0.099
Mef2c	1.1998252445547e-05	-1.28377535764539	0.214984687319311	0.222	0.429	0.207
Setd5	4.75683096616519e-05	0.741806134108275	0.85232897251748	0.427	0.29	0.137
Kctd1	5.53745769921732e-05	-1.56770576269128	0.992201670545759	0.116	0.224	0.108
Trpc3	6.38694003266569e-05	0.509043725849355	1	0.727	0.61	0.117
Tnrc6a	7.05080048110202e-05	-0.86579984342416	1	0.253	0.371	0.118
Prickle2	8.86472147320369e-05	-2.02767135210491	1	0.038	0.124	0.086
Fam133b	0.00010673391597801	-1.76765689924554	1	0.041	0.114	0.073
Dbp	0.000109950646464337	-1.39969610831288	1	0.065	0.181	0.116
Ahnak	0.000126150874428919	-0.884472962766593	1	0.126	0.233	0.107
Rem1	0.000129242247032771	1.13817764861184	1	0.174	0.062	0.112
Ano4	0.000153714334117905	-0.906687101144367	1	0.372	0.5	0.128
Pde8b	0.000189900327290768	0.436135360681201	1	0.809	0.767	0.042
Tef	0.000219368267098989	-1.13168074238749	1	0.164	0.281	0.117
Ankrd12	0.00023247583857483	-1.17122340734291	1	0.222	0.419	0.197
Numa1	0.000254712067317603	1.46473734153508	1	0.15	0.057	0.093
Cask	0.000272662886094393	1.0871585779753	1	0.235	0.152	0.083
Slc12a2	0.000326285730554049	-0.616341394062436	1	0.461	0.462	0.001
Asap2	0.000379896835841711	1.05398970682594	1	0.386	0.21	0.176
Hlf	0.000481114702961422	-0.853606012433524	1	0.222	0.39	0.168
Sbf2	0.000489040477402769	0.441513625279257	1	0.584	0.39	0.194
Phf12	0.000492612250222427	-1.29108266974752	1	0.051	0.133	0.082
Ugp2	0.000533194173393502	-1.16985042304394	1	0.102	0.167	0.065
Auts2	0.00058068359331369	1.45551750376324	1	0.28	0.138	0.142
Stag1	0.000606773790650958	0.887152677210099	1	0.478	0.314	0.164
Rbfox2	0.000691194892443092	0.499481857168277	1	0.457	0.367	0.09
Daam1	0.000731925053672583	0.667954256839456	1	0.498	0.333	0.165
Pde4d	0.00106855165678351	0.666864272929959	1	0.816	0.676	0.14
Upf3b	0.00117578030441185	1.75341367947924	1	0.123	0.043	0.08
Slco3a1	0.00124490000902701	-0.250489869447661	1	0.645	0.638	0.00700000000000001
Dock10	0.00134494712229924	-0.785816407837309	1	0.3	0.443	0.143
Crebbp	0.0014021738383685	0.58471695326881	1	0.471	0.324	0.147
Dock9	0.00151317445041572	0.811197686182017	1	0.218	0.157	0.061
Septin4	0.00163292164655917	0.538282525588903	1	0.464	0.329	0.135
Trpc1	0.00166129705955094	-2.33811378402828	1	0.024	0.11	0.086
Pkp4	0.0016664795217812	-1.53301240765368	1	0.041	0.114	0.073
Ggta1	0.00170903133329078	0.947395614811843	1	0.249	0.148	0.101
Snapc3	0.00186150907999887	-0.943978815705058	1	0.109	0.176	0.067
Etv1	0.0018870116975469	-1.36724145985622	1	0.082	0.171	0.089
Cysltr2	0.00192025566697255	1.213111806598	1	0.249	0.11	0.139
Ryk	0.00193950249401658	-1.34306967259004	1	0.119	0.19	0.071
Tbl1x	0.00210263053179981	0.715502521885706	1	0.403	0.243	0.16
Pla1a	0.00232913587942985	-0.863218481476922	1	0.188	0.295	0.107
Akap7	0.00258381486041435	0.535023310447831	1	0.331	0.257	0.074
Mgp	0.00266052533119959	-1.02649471828893	1	0.072	0.1	0.028
Gpc6	0.00297541202952598	0.481111665796245	1	0.778	0.733	0.045
Cap2	0.00303562667536451	-0.843356224764843	1	0.113	0.205	0.092
Rsrp1	0.00320456520173235	-1.43996941925176	1	0.058	0.152	0.094
Nostrin	0.00337692147638819	-1.12612690780251	1	0.102	0.148	0.046
Asap1	0.00345707406519509	-0.637425061073289	1	0.215	0.319	0.104
Lin7a	0.00356267328811392	-0.874018071265112	1	0.358	0.519	0.161
P4ha1	0.00360446494415212	-1.03433807635386	1	0.078	0.1	0.022
Mprip	0.00363909111686867	0.434242634782781	1	0.58	0.486	0.094
Tnpo1	0.00372054382256753	0.584667146993193	1	0.229	0.176	0.053
Serinc3	0.00372595805316472	-1.10359043118117	1	0.137	0.262	0.125
Abi2	0.00387509128362687	1.87155997182949	1	0.102	0.038	0.064
Vps13a	0.00396018894677043	-1.1703585613962	1	0.075	0.171	0.096
Cst3	0.00396392226278093	-0.77061859959935	1	0.143	0.205	0.062
Nf2	0.00411367679810732	-1.62090721058823	1	0.055	0.105	0.05
Spag9	0.0041214570925909	-0.704881622299029	1	0.137	0.2	0.063
Fam13c	0.0041254139350354	-1.56056879224055	1	0.075	0.157	0.082
Plcb4	0.00420112547491793	-0.699942349197308	1	0.3	0.376	0.076
Nr1d2	0.00444294618462747	-0.582766125376413	1	0.3	0.371	0.071
Gpcpd1	0.00450026333503188	0.511412608150346	1	0.536	0.443	0.093
Khdrbs1	0.0047787001061521	-1.45444427842205	1	0.082	0.167	0.085
Mkln1	0.00486530340318021	0.750199796540353	1	0.372	0.252	0.12
Camk1d	0.00499064838182885	-2.07533999271693	1	0.027	0.119	0.092
Atosa	0.00525947810153298	-0.61652621665757	1	0.225	0.319	0.094
Eif4g3	0.005270691783383	1.00260813831022	1	0.15	0.11	0.04
Sema5a	0.00536507196499677	0.699231598757596	1	0.406	0.295	0.111
Fermt2	0.00553330054670888	0.497684258419781	1	0.502	0.371	0.131
Itch	0.00585207378851311	-0.844536892667656	1	0.195	0.29	0.095
Sox5	0.0061579285380251	0.367272871418437	1	0.918	0.867	0.051
Ppp2r2a	0.00681446150285741	0.644204880705138	1	0.174	0.081	0.093
Per3	0.00701121979971028	-1.40931742752005	1	0.082	0.176	0.094
Rptor	0.00723851783165813	-1.23111477141594	1	0.051	0.129	0.078
Arhgap24	0.00745849525335181	-0.864539458208503	1	0.13	0.19	0.06
Mark1	0.00756409270989061	0.434503720980461	1	0.328	0.271	0.057
Tmem45a	0.00777077530475074	0.829385932166707	1	0.184	0.1	0.084
Ddx6	0.00822399661017256	0.422694303603408	1	0.225	0.133	0.092
2900026A02Rik	0.00829593901285056	1.24870275923459	1	0.109	0.062	0.047
Spata6	0.00844565711511462	0.883188957405659	1	0.15	0.105	0.045
Pag1	0.00881022099666521	-2.4270444938567	1	0.031	0.143	0.112
Foxp2	0.00903312803445445	1.49176117250748	1	0.119	0.057	0.062
Jmjd1c	0.00905564595955202	0.251651826081357	1	0.539	0.452	0.087
Rassf3	0.00922689386479118	1.13628979606346	1	0.157	0.081	0.076
Ophn1	0.00958570954448802	-1.79638522631496	1	0.034	0.105	0.071
Grk5	0.00978804434072325	0.660960354238631	1	0.464	0.319	0.145
Klhl13	0.00984128459240057	1.60622642104837	1	0.14	0.057	0.083
Huwe1	0.00998516771001882	0.649486611850819	1	0.338	0.243	0.095
Nup153	0.010568078497565	-1.46725332879032	1	0.041	0.1	0.059
Acadsb	0.0107864660581228	1.47039761014092	1	0.123	0.052	0.071
Sgip1	0.0111191155169761	-0.479035708946996	1	0.471	0.538	0.0670000000000001
Atp8b1	0.0111391118488252	-0.791844850233538	1	0.109	0.171	0.062
Qser1	0.011276168244461	1.7473762908331	1	0.133	0.038	0.095
Asph	0.0112848653232172	-1.20410226609757	1	0.068	0.143	0.075
Stk38	0.0112961278879359	-1.44915187786176	1	0.044	0.105	0.061
Hnrnpdl	0.0113655170144275	-0.535155428533766	1	0.082	0.133	0.051
Sh3pxd2a	0.0120187333850452	1.61668120745243	1	0.116	0.048	0.068
Slk	0.0120508026215864	1.10373789670771	1	0.123	0.067	0.056
Zfp280d	0.0121984170914654	0.521501233816004	1	0.297	0.219	0.078
Dpp8	0.0122854236835557	-1.73107498534933	1	0.061	0.157	0.096
Hmbox1	0.0123085770598043	-0.656227270586724	1	0.177	0.257	0.08
Eif4a2	0.0132170123847734	0.563543366949123	1	0.16	0.114	0.046
Rab31	0.0137667614551311	-1.30344975419028	1	0.065	0.133	0.068
Itga8	0.0138200882896195	-1.12315877857773	1	0.055	0.129	0.074
Brd1	0.0138805253245382	-1.08056964521321	1	0.065	0.133	0.068
Snrk	0.0139974961077418	0.481743141593787	1	0.413	0.343	0.07
Fnip2	0.0140387872741799	-0.974937131158741	1	0.065	0.138	0.073
Git2	0.014214295300248	-1.53222179855263	1	0.034	0.11	0.076
Pspc1	0.0142335979579229	1.07730649428906	1	0.167	0.09	0.077
Lrig1	0.0142574890320331	0.659921259582591	1	0.225	0.138	0.087
Galnt1	0.0144117637156945	-0.883683360856295	1	0.102	0.148	0.046
Cblb	0.0158456520645401	-0.607500806852749	1	0.198	0.262	0.064
Armc8	0.0161043161797423	-1.34136912049068	1	0.051	0.11	0.059
Unc13c	0.016151283241824	0.16766372936771	1	0.348	0.252	0.096
Prex2	0.016966576430486	-0.401906947507514	1	0.464	0.529	0.065
Cbl	0.0170877765547456	-1.99363515479092	1	0.027	0.124	0.097
Lcor	0.0175221673065419	-0.527920658884976	1	0.109	0.152	0.043
Lama2	0.0175841456239609	0.46924952170431	1	0.754	0.7	0.054
Rhoj	0.0180443761080319	0.8816579486506	1	0.338	0.2	0.138
Col4a2	0.0182278470569756	0.824869804759906	1	0.229	0.167	0.062
Map4	0.0183279555635167	-0.423446357579575	1	0.403	0.452	0.049
Itpr1	0.0185017729500121	0.284496088841029	1	0.744	0.633	0.111
Aebp2	0.018917939517041	1.18240830269187	1	0.102	0.052	0.05
Fndc3a	0.0190639838785925	0.639985126558702	1	0.229	0.148	0.081
Cert1	0.0193441825800902	-0.658104554664373	1	0.137	0.143	0.00599999999999998
Tmem65	0.0194498083392664	-1.31092681187112	1	0.082	0.143	0.061
Hipk3	0.0194646429387094	0.7211641590089	1	0.143	0.105	0.038
Cuedc1	0.0198467886817812	0.476799937458389	1	0.253	0.162	0.091
Top1	0.0198890128231863	0.395240046777262	1	0.154	0.157	0.003
Soga1	0.0203031413340352	-0.497482031722963	1	0.116	0.133	0.017
Arhgap17	0.0205696401987498	-1.22227603675938	1	0.092	0.152	0.06
Cltc	0.0207482376864557	-1.83936928677465	1	0.034	0.119	0.085
9930021J03Rik	0.0208340497180951	1.04646286310301	1	0.171	0.076	0.095
Pacs1	0.0209241809875066	1.19304847907321	1	0.157	0.081	0.076
Ttc7b	0.0222438473562306	1.53379154937639	1	0.119	0.043	0.076
Ddit4l	0.0226195904604629	1.42850204145756	1	0.13	0.048	0.082
Eps15	0.0237650908474937	-0.727192469630698	1	0.133	0.19	0.057
Glud1	0.0241700904154521	-0.512233131689567	1	0.143	0.21	0.067
Sec24b	0.0250663915708798	1.67937927373974	1	0.147	0.048	0.099
Gstt2	0.0252185333893507	-1.01179642659768	1	0.078	0.167	0.089
Fry	0.025759989274728	0.275630300018473	1	0.962	0.924	0.0379999999999999
Tnks2	0.0258540781635872	-0.888989880037277	1	0.133	0.195	0.062
Plcb1	0.0260573321983164	-1.14681599493453	1	0.068	0.114	0.046
Aldh2	0.0261633424032054	-1.35378853174598	1	0.044	0.114	0.07
Slc22a8	0.0262132561616662	-0.591133361038189	1	0.188	0.276	0.088
Trpc4	0.0269408075270787	-0.745737725652597	1	0.345	0.462	0.117
Ccnd3	0.0273996228440775	-0.710935206650396	1	0.123	0.171	0.048
P2ry14	0.0275491133612492	0.887207573535064	1	0.218	0.133	0.085
Zzef1	0.0277191758883338	0.87876818491927	1	0.113	0.081	0.032
Ncor2	0.0289026077775972	-0.621561678107592	1	0.113	0.138	0.025
Mboat2	0.0295128290993121	-0.249735344848454	1	0.321	0.357	0.036
Rock2	0.0300731244902113	-0.889120592148713	1	0.311	0.471	0.16
Itgb5	0.0302421445440607	0.634394326928883	1	0.304	0.2	0.104
Ecm2	0.0305012551427225	0.263792486133025	1	0.386	0.276	0.11
Snrnp70	0.0306696222402196	-0.910258680138989	1	0.068	0.133	0.065
Supt20	0.0307443373447266	-0.690130748396148	1	0.078	0.138	0.06
Hnrnph1	0.0312050862127699	-0.833074570990213	1	0.154	0.21	0.056
Kank2	0.0313323988027309	0.705322175785581	1	0.328	0.257	0.071
Inpp5f	0.0325353504663225	-1.59188032374133	1	0.041	0.11	0.069
Actn4	0.0326268537158295	-0.572195019660982	1	0.253	0.348	0.095
Col5a2	0.0334062634702156	-0.469340033105932	1	0.096	0.148	0.052
Plekhg2	0.0338216616360391	-0.449252221927548	1	0.208	0.233	0.025
Col4a1	0.034477412290721	0.728911233681277	1	0.3	0.224	0.076
Csnk1g1	0.0348194377966646	-1.03023502412465	1	0.167	0.243	0.076
Epc1	0.0356841286015986	-1.06871164584315	1	0.089	0.171	0.082
Mtdh	0.0357659976936417	-0.743217169079327	1	0.191	0.286	0.095
Map4k3	0.0364796806709251	0.367054550638425	1	0.188	0.171	0.017
Srgap2	0.0368476825890828	-0.793703071067008	1	0.119	0.186	0.067
Actn1	0.0369462277890804	-0.369103672242894	1	0.078	0.138	0.06
Ints9	0.037520800426822	-0.692907078892947	1	0.075	0.119	0.044
Rap1a	0.0384821320108016	0.41547197715074	1	0.495	0.362	0.133
Fzd6	0.03855408489416	-0.117880443234708	1	0.311	0.362	0.051
Septin11	0.0386791498945894	0.425179796931144	1	0.642	0.548	0.094
Pald1	0.0387724688012363	0.433004325382066	1	0.382	0.338	0.044
Ppfibp1	0.0388170329820174	0.891336205075446	1	0.137	0.086	0.051
Tgfbrap1	0.0388471147744946	-1.42568811265485	1	0.051	0.114	0.063
Sf1	0.0393036274546624	-1.05670744375565	1	0.065	0.119	0.054
Immp2l	0.0394018308727292	0.494105378897084	1	0.232	0.2	0.032
Mospd1	0.0394509092532043	1.049000018683	1	0.109	0.071	0.038
Chd9	0.0395322968260928	-0.78002271100038	1	0.242	0.329	0.087
Tnrc18	0.0403694413239603	1.70459830977965	1	0.15	0.062	0.088
Chn1	0.0404005258331566	-1.12714682522721	1	0.116	0.167	0.051
Ptprk	0.0409655763345304	0.285903863135131	1	0.85	0.81	0.0399999999999999
Ythdf3	0.041825044192693	0.662383312030498	1	0.191	0.143	0.048
Asxl1	0.0419107753132764	-0.278834304896293	1	0.133	0.171	0.038
Ercc6l2	0.0422361299736437	2.02665244458497	1	0.102	0.033	0.069
Specc1	0.0424471522965049	-0.593608936641477	1	0.399	0.433	0.034
Tnxb	0.0425902385041474	-0.11629853150029	1	0.208	0.271	0.063
Plekhg3	0.0427341949723475	0.35319264965728	1	0.529	0.481	0.048
Tbck	0.0437233070829425	0.997163749099355	1	0.113	0.071	0.042
Dnmt3a	0.0448069244066395	-1.19566487597627	1	0.078	0.148	0.07
Rapgef2	0.0455197004183326	-0.501898659042344	1	0.457	0.543	0.086
Mapkap1	0.0456901431973308	-0.728894434992958	1	0.126	0.214	0.088
Ubr2	0.0458480172970151	-0.893138166637006	1	0.116	0.2	0.084
Epas1	0.0461157988947811	0.875101332255261	1	0.413	0.252	0.161
Exoc6b	0.0462660247815763	0.652823206743864	1	0.375	0.276	0.099
Ccnl1	0.0468448642943116	0.540692182984079	1	0.174	0.138	0.036
Kmt5b	0.0469765591527358	0.614255893744224	1	0.232	0.167	0.065
Ppp6r3	0.0472180091221007	0.641446359821955	1	0.218	0.157	0.061
Phkb	0.0487632612654563	0.598971305009292	1	0.229	0.157	0.072
Dctn4	0.048947687740666	-1.10098190541682	1	0.051	0.11	0.059
Il13ra1	0.0494029320654961	0.788535892445557	1	0.119	0.062	0.057
Mib1	0.0507790894997848	-1.06184195179969	1	0.092	0.148	0.056
Cdyl	0.0514270175907911	-1.29969248036094	1	0.051	0.1	0.049
Nr3c2	0.0514783397844853	-0.35926359279827	1	0.392	0.486	0.094
Mga	0.0519699340071723	1.19756585396383	1	0.177	0.095	0.082
Igf1r	0.0522084635226992	0.375142255054193	1	0.522	0.4	0.122
Afap1	0.0522831101349846	0.587946624811165	1	0.184	0.138	0.046
Slc24a3	0.0526251051939343	1.17901358637671	1	0.235	0.133	0.102
Dse	0.0529490750769402	0.288908277950601	1	0.191	0.124	0.067
Tanc1	0.0530780590021519	1.63963879103591	1	0.106	0.052	0.054
Wdr33	0.0532010969598367	-0.345704102914147	1	0.137	0.2	0.063
Rcan2	0.0541206734504343	0.960444136579377	1	0.222	0.2	0.022
Slc16a12	0.0555442702878491	-0.722740617550941	1	0.345	0.429	0.084
Tnfrsf21	0.0558885878661178	0.337237504850442	1	0.181	0.143	0.038
Kansl1	0.0559224536271832	-0.380076851262128	1	0.41	0.471	0.061
Zfp407	0.0562075522795047	-0.864844968179598	1	0.133	0.21	0.077
Mllt3	0.0569284734635349	0.173243002083309	1	0.532	0.548	0.016
Fmnl2	0.0579683190737512	-0.770103192697367	1	0.15	0.21	0.06
Ano1	0.0584421115433105	0.456085747629679	1	0.594	0.519	0.075
Ccny	0.0596524224955673	0.249170422801386	1	0.198	0.176	0.022
Trpv2	0.0603089545375986	0.763183499838102	1	0.113	0.076	0.037
Ablim1	0.0606118490044898	-0.2958633627488	1	0.119	0.114	0.00499999999999999
Atf7ip	0.0609787708837655	-0.513177288298117	1	0.195	0.238	0.043
Itm2b	0.0612139256201766	-0.412519126512324	1	0.225	0.248	0.023
Kdm1a	0.061737110870885	-0.726372475618572	1	0.055	0.114	0.059
Rasl12	0.0618160863366589	-0.259217776125882	1	0.287	0.286	0.001
Gprc5c	0.061974573848406	0.625836862355795	1	0.232	0.152	0.08
Nedd4l	0.0620413186113094	-0.316870739436945	1	0.372	0.438	0.066
Cdc42	0.0624727631691379	0.237384345276898	1	0.246	0.219	0.027
Nup98	0.062524607509444	0.199337990949565	1	0.119	0.119	0
Anpep	0.0626268993835236	1.12736068430941	1	0.109	0.057	0.052
Comt	0.0626667129746076	-1.74187306401257	1	0.044	0.119	0.075
Vamp4	0.0629333278763536	-1.41120462653209	1	0.041	0.105	0.064
Tax1bp1	0.0629432724322208	0.965267834316154	1	0.167	0.09	0.077
Runx1t1	0.0629521689040517	0.475212121683271	1	0.177	0.138	0.039
Pced1b	0.063650410001822	-0.647607937464643	1	0.208	0.21	0.002
Klf13	0.0636749433667308	-1.27867875306655	1	0.075	0.133	0.058
Large1	0.0636856811652605	0.963448938538567	1	0.276	0.19	0.086
Sos2	0.0639831971144353	-0.328713822917073	1	0.297	0.324	0.027
Cdc40	0.0644937316020952	-1.45531629211506	1	0.048	0.11	0.062
Marchf6	0.0645870037192994	0.104731473527841	1	0.232	0.238	0.00599999999999998
Fxr1	0.064769626614298	1.01869846223265	1	0.126	0.067	0.059
Cobll1	0.0660733019610046	0.163163712583973	1	0.71	0.752	0.042
Pou2f1	0.0663509237273161	1.52029734301452	1	0.143	0.062	0.081
Zfp346	0.0670977571267737	-0.755592068555026	1	0.123	0.181	0.058
Inf2	0.067098292205323	-1.13872435821552	1	0.048	0.11	0.062
Grm7	0.0672078312377567	-0.253412033336878	1	0.819	0.8	0.0189999999999999
Ston1	0.0673128698596053	-0.422963951618337	1	0.109	0.171	0.062
Atp2c1	0.0676705603813844	-0.888698401569061	1	0.075	0.167	0.092
Fam241a	0.0678851426359951	-0.706293012837307	1	0.051	0.105	0.054
Pip4k2a	0.0683902030988015	-0.258657659040831	1	0.075	0.119	0.044
Fut8	0.0685085100039649	0.674920661882042	1	0.191	0.138	0.053
Wwtr1	0.0687259460113666	0.611607845554944	1	0.321	0.243	0.078
Rab14	0.0687635576091534	-1.69154630000384	1	0.041	0.1	0.059
Ldlrad4	0.068896130401708	-0.366196454998153	1	0.235	0.3	0.065
Sulf1	0.069482387815825	-0.718397989807601	1	0.044	0.1	0.056
Fubp1	0.0699062293988049	-0.871021927389817	1	0.126	0.219	0.093
Mtmr3	0.0705125703972365	-0.644925937681601	1	0.198	0.286	0.088
Rapgef6	0.0714491895393046	-0.140413450563183	1	0.14	0.171	0.031
Eng	0.0716347977215044	0.71112375534739	1	0.198	0.129	0.069
Dym	0.072175177327023	-1.40797966409443	1	0.041	0.105	0.064
Cdc27	0.0721760996856178	-0.934810806507242	1	0.065	0.129	0.064
Eif4ebp2	0.0724126766692983	0.997747039583261	1	0.171	0.105	0.066
Timp3	0.0731249534807725	-0.72472339236096	1	0.089	0.143	0.054
Nckap5	0.073314290416507	0.850054902069783	1	0.109	0.048	0.061
Prr14	0.073479519803862	-1.0082908163335	1	0.068	0.119	0.051
Phf2	0.0739632394332063	-1.15321842800986	1	0.075	0.124	0.049
Ghr	0.0742097635582137	-0.67324372631429	1	0.235	0.3	0.065
Mob2	0.0745395721077589	0.617447789716289	1	0.195	0.152	0.043
Plat	0.0747040725842288	1.19532992952562	1	0.106	0.067	0.039
Zcchc7	0.0754412695489769	0.40775252980524	1	0.457	0.324	0.133
Epn2	0.0754567403042224	0.535614358627695	1	0.229	0.195	0.034
Acsl1	0.0761558300901487	0.428962791464755	1	0.229	0.181	0.048
Cast	0.0764287417107209	0.751518457673568	1	0.201	0.11	0.091
Cdk8	0.0765029447225512	-0.827377641586533	1	0.106	0.176	0.07
Pdgfrb	0.0770174699411465	0.164397904228603	1	0.758	0.662	0.096
Fbxo11	0.0772750449452399	0.806012776141777	1	0.246	0.171	0.075
Frmd6	0.0773815424555153	0.495690864814377	1	0.232	0.186	0.046
Mef2a	0.0781710270757221	-0.48215812967943	1	0.352	0.443	0.091
Tet3	0.0782471285408518	-1.0864471763454	1	0.051	0.1	0.049
Dennd5a	0.0786364408918754	0.61016784563299	1	0.171	0.114	0.057
Itpk1	0.0800044464569853	-0.818776739397809	1	0.051	0.1	0.049
Arhgap5	0.0807135971874828	-0.242335056073903	1	0.096	0.138	0.042
Macf1	0.0807650519367321	0.636766823182583	1	0.539	0.4	0.139
Rbfox1	0.0812426610307849	0.284553501811464	1	0.137	0.152	0.015
Ptpn9	0.0817547908098998	-0.231338614601274	1	0.355	0.31	0.045
Baz2b	0.081798486505308	-0.510259938548227	1	0.317	0.357	0.04
Fnbp4	0.0818231843084223	0.639845440402638	1	0.116	0.1	0.016
Wars2	0.0818472773972606	-0.478698166694078	1	0.116	0.157	0.041
Srsf10	0.0839341640537562	0.720893261994091	1	0.109	0.076	0.033
Polr2a	0.0848532962318527	-0.76375785479379	1	0.109	0.133	0.024
Mill2	0.0850671985298995	0.467176807928702	1	0.355	0.305	0.05
Mfhas1	0.086043378135268	-0.587694232835331	1	0.072	0.119	0.047
Tbx2	0.0862716293615093	-0.364149991863455	1	0.235	0.271	0.036
Urgcp	0.0863447030485806	1.04196892253249	1	0.123	0.067	0.056
Ankhd1	0.0865535199990778	0.550133137511646	1	0.416	0.281	0.135
Zmym5	0.087184836262819	0.401214781778821	1	0.174	0.152	0.022
Gulp1	0.087768784389165	0.420356413716437	1	0.225	0.2	0.025
Scaper	0.0877722049004792	1.0076696700809	1	0.137	0.086	0.051
Fam107b	0.0904808272219459	0.371303933351539	1	0.184	0.119	0.065
Clip1	0.0912921961064817	-0.802409474949416	1	0.075	0.157	0.082
Ints6l	0.0916155397867072	-0.726010602744902	1	0.13	0.205	0.075
Arhgef12	0.0934463037614539	0.372695594007143	1	0.577	0.481	0.096
Rnf152	0.0943792636053136	-0.152672066171484	1	0.191	0.257	0.066
Ecpas	0.0944753827767734	0.758298264644695	1	0.14	0.076	0.064
Rbms1	0.0966374124102332	0.25438375388153	1	0.717	0.657	0.0599999999999999
Susd6	0.0975337061909463	0.333725067725771	1	0.396	0.324	0.072
Nfkb1	0.0980829729180329	-0.192290500500619	1	0.171	0.143	0.028
Fars2	0.0981818602955848	-0.190497995696814	1	0.113	0.148	0.035
Il34	0.0981986223640962	-0.374806125404424	1	0.471	0.438	0.033
Col4a6	0.0997997260046043	0.618995220845912	1	0.16	0.157	0.003
Pik3ca	0.100055918129084	-0.307603903997365	1	0.256	0.257	0.001
Esam	0.10022133070169	-0.669044893972505	1	0.116	0.171	0.055
Csde1	0.100383465763571	-0.690944080193557	1	0.113	0.143	0.03
Csk	0.100636164225542	-0.905570261764653	1	0.065	0.124	0.059
Rgl1	0.100659941076088	-1.00942089209475	1	0.075	0.157	0.082
Babam2	0.100934760393192	0.977123965702677	1	0.218	0.129	0.089
Rapgef4	0.101329192048158	-0.468629010820484	1	0.218	0.276	0.058
Egflam	0.102659414076109	0.171954986883029	1	0.601	0.524	0.077
Tnrc6c	0.104482451062514	0.316713480263669	1	0.362	0.324	0.038
Ywhaq	0.105301162327959	0.957371529518563	1	0.15	0.081	0.069
Morf4l1	0.105484829839249	0.37794842413265	1	0.113	0.09	0.023
Nrf1	0.105793888581071	0.419323080466059	1	0.232	0.152	0.08
Igsf8	0.107320790094733	-0.263632189391833	1	0.246	0.248	0.002
Atxn1	0.107496702488224	-0.462526660414717	1	0.222	0.267	0.045
Atxn2	0.107884531582475	-0.434934182464535	1	0.061	0.11	0.049
Lims2	0.108661797796477	-0.648422910498469	1	0.051	0.1	0.049
Zeb2	0.109141274374044	-0.42461825845077	1	0.416	0.533	0.117
Insr	0.109211003168645	0.176827386000386	1	0.321	0.257	0.064
Slc6a20a	0.109433109989677	0.354623843071911	1	0.689	0.581	0.108
Mipol1	0.109821082891655	0.775319101133473	1	0.109	0.067	0.042
Nr1d1	0.110142651694952	-0.578951851483726	1	0.075	0.138	0.063
Srcap	0.110584446466092	1.03719931422982	1	0.147	0.067	0.08
Cald1	0.112058004683254	0.152267596075135	1	0.962	0.943	0.019
Phka1	0.112817507337815	0.279346780093619	1	0.14	0.095	0.045
Wnt5b	0.113435920145073	0.788838778008779	1	0.147	0.105	0.042
Cep350	0.114414021446101	-0.804295590493578	1	0.119	0.195	0.076
Pth1r	0.114809709508159	0.643390030119441	1	0.242	0.143	0.099
Prrc2c	0.115127945105798	0.359058612179672	1	0.263	0.243	0.02
Trio	0.115374455077214	-1.02461387024012	1	0.058	0.105	0.047
Etv6	0.116060396053263	0.233356164772861	1	0.372	0.31	0.062
Phldb1	0.116433987373983	-1.20240608403028	1	0.072	0.143	0.071
Lyst	0.116571560770061	-1.08712411973521	1	0.065	0.114	0.049
Wasl	0.117456786492119	-1.35950784653389	1	0.041	0.1	0.059
Cmss1	0.118013135127959	-0.543673817063862	1	0.171	0.224	0.053
Spred2	0.11975772328929	-1.57434544760166	1	0.038	0.124	0.086
Tgfb2	0.120157958255219	-0.511003019145257	1	0.099	0.143	0.044
Klhl5	0.120412096840407	0.830645533572936	1	0.109	0.071	0.038
Luc7l3	0.120675347478391	-1.11132729626658	1	0.072	0.133	0.061
Casq2	0.12184420452427	0.879854956960521	1	0.13	0.081	0.049
Ntn1	0.123128098268338	0.629323113352982	1	0.379	0.29	0.089
Kdm2a	0.12462256632244	0.357542025671133	1	0.283	0.195	0.088
Mnat1	0.124738069220114	-0.39200562969571	1	0.123	0.148	0.025
Actb	0.125727972221784	0.274625875811843	1	0.229	0.186	0.043
Bcar1	0.125881490981816	-0.576721256875018	1	0.082	0.119	0.037
Herc4	0.126741460757995	-0.843778925816032	1	0.119	0.162	0.043
Ncor1	0.126938028023487	-0.411367871375675	1	0.307	0.343	0.036
Rab8b	0.126953284400192	0.85121148924259	1	0.147	0.09	0.057
Thsd4	0.12739006919805	-0.168084104514969	1	0.113	0.152	0.039
R3hcc1l	0.1275867709374	0.410061886714875	1	0.119	0.076	0.043
Rapgef3	0.127822076646612	-0.304350632545841	1	0.085	0.1	0.015
Tmcc1	0.127901869577996	-0.606878671732985	1	0.253	0.376	0.123
Abcb7	0.128122054114407	-1.06260333134499	1	0.072	0.148	0.076
Capn2	0.128393118481562	-0.515723403512238	1	0.089	0.105	0.016
Ggnbp2	0.12846625145192	0.386692231265541	1	0.154	0.09	0.064
Mia2	0.128614558785653	-0.576885880906529	1	0.113	0.167	0.054
Invs	0.128734109355719	-0.265101546141123	1	0.14	0.181	0.041
Ppp3cc	0.129398053783812	-0.919256621924256	1	0.092	0.143	0.051
Ss18	0.129714906329533	-0.65377129157888	1	0.099	0.133	0.034
Zfp207	0.129746621999723	-0.203504534966708	1	0.089	0.1	0.011
Atp13a5	0.130689303187996	0.186823853613537	1	0.802	0.771	0.031
Smad2	0.130846796974115	-1.22075058344623	1	0.051	0.114	0.063
Ambra1	0.130895116318566	0.229277868744052	1	0.294	0.271	0.023
Col8a1	0.132726078458277	-0.442482878505881	1	0.174	0.257	0.083
Elf1	0.133200021837343	0.686124981369329	1	0.13	0.105	0.025
S1pr3	0.133729167675317	0.355287753468601	1	0.222	0.167	0.055
Pear1	0.133740135851788	0.800626827292144	1	0.177	0.11	0.067
Vti1a	0.13377023232127	0.122943187707916	1	0.235	0.233	0.00199999999999997
Capzb	0.134494918873425	0.703206503715067	1	0.143	0.086	0.057
Gapvd1	0.136845053484698	-0.428091856162724	1	0.082	0.133	0.051
Klhl23	0.140722122330686	0.220115120520437	1	0.328	0.257	0.071
Chd6	0.140925710352224	0.276669719576504	1	0.276	0.21	0.066
Abtb2	0.141896484364281	0.546301741137325	1	0.133	0.119	0.014
Clic4	0.142501574432563	-0.32885836700149	1	0.116	0.148	0.032
Sp3	0.142887593342546	0.521159827397659	1	0.266	0.205	0.061
Col4a4	0.142984264444216	-0.634336225002508	1	0.137	0.186	0.049
Zcchc14	0.14352813804528	-0.481731063897619	1	0.113	0.133	0.02
Nrxn1	0.143753636858064	-0.5114390756436	1	0.181	0.276	0.095
Pkd2	0.14390076955091	-0.163253377470945	1	0.242	0.248	0.00600000000000001
Rprd2	0.144200763741376	-0.293148383762074	1	0.113	0.138	0.025
Maml3	0.144275380837744	-0.82152320774241	1	0.273	0.4	0.127
Dennd2b	0.144299500071417	-0.127401874990059	1	0.573	0.633	0.0600000000000001
Cdc42bpb	0.145040418917499	-0.539899391858005	1	0.065	0.119	0.054
Kmt2a	0.146710405866752	-0.398827262496442	1	0.085	0.129	0.044
B230219D22Rik	0.14693272608533	-1.15679441918727	1	0.061	0.133	0.072
Ggt1	0.147555323596943	-0.126331214257234	1	0.123	0.086	0.037
Nsd1	0.148163573188573	-0.46713932946165	1	0.42	0.448	0.028
Smc6	0.148622558185882	-0.465681029201671	1	0.147	0.176	0.029
Elk3	0.149169112868331	0.948189035348809	1	0.109	0.052	0.057
Wwc2	0.149642842128635	-0.688425489492881	1	0.15	0.181	0.031
Btaf1	0.149685542174469	0.193571800543155	1	0.085	0.105	0.02
Ikbkb	0.150993996935676	-0.935152544801055	1	0.068	0.11	0.042
Heyl	0.151942970385136	0.568537323384225	1	0.198	0.133	0.065
Pakap	0.152148988255877	-0.529661514677475	1	0.068	0.105	0.037
Ppp1r12c	0.152264945957692	0.583431546894565	1	0.229	0.143	0.086
Chd1	0.152280469376816	-0.218439410405994	1	0.089	0.105	0.016
Sparcl1	0.152337543488705	-0.326463428272113	1	0.41	0.486	0.076
Exoc4	0.153848403622486	0.447373845252412	1	0.372	0.281	0.091
Map3k5	0.15396787662774	-0.293568078500864	1	0.198	0.224	0.026
Fam117b	0.154448335085119	-0.915986197210005	1	0.14	0.176	0.036
Zfyve9	0.155193128253098	0.229252161454985	1	0.096	0.105	0.00899999999999999
Rbpj	0.155299166703464	-0.770437216009389	1	0.113	0.171	0.058
Pbrm1	0.155350759957631	-0.581614148194668	1	0.164	0.21	0.046
Dpysl3	0.156020043804018	-0.475930393162617	1	0.072	0.119	0.047
Tmpo	0.156062749994303	0.259562140711106	1	0.113	0.11	0.003
Wapl	0.157895825105161	-0.672273728926789	1	0.177	0.271	0.094
Arfgef1	0.158236134882726	-0.697302840487393	1	0.092	0.138	0.046
Grk3	0.158350815381261	-0.724935122813856	1	0.096	0.167	0.071
Ppp1r2	0.158810345033768	1.23832090532086	1	0.191	0.09	0.101
Naa16	0.159479900380761	-0.488408086400198	1	0.082	0.119	0.037
Arhgap29	0.162401045396855	0.192577171831371	1	0.645	0.595	0.05
Fkbp15	0.163521474184695	-1.07373724500231	1	0.061	0.124	0.063
App	0.163551388532982	-0.175581289240441	1	0.205	0.243	0.038
Luc7l2	0.163576410943332	0.22105341002375	1	0.734	0.667	0.0669999999999999
Oaz2	0.163789343231962	0.344212939940075	1	0.246	0.21	0.036
Trpm7	0.16419743576733	-0.56542189085528	1	0.195	0.257	0.062
Pawr	0.164296692100572	1.07240708546267	1	0.102	0.076	0.026
Setbp1	0.164422159260566	0.379403952950025	1	0.242	0.214	0.028
Gpbp1l1	0.164792169488994	0.4856158148687	1	0.113	0.086	0.027
Fam20a	0.165217160245057	0.399991030647526	1	0.256	0.205	0.051
Srsf4	0.167132416069829	-1.03208337739043	1	0.113	0.195	0.082
Atg4a	0.167242043168147	-0.742857041297229	1	0.119	0.152	0.033
Etfa	0.167635383359451	-0.450900772254796	1	0.092	0.105	0.013
Kmt2e	0.167982498500262	0.353454220920476	1	0.314	0.262	0.052
C1qtnf7	0.168758405045543	0.447273306678586	1	0.276	0.257	0.019
Jag1	0.169015634573888	0.492751854598665	1	0.205	0.143	0.062
Hipk1	0.170130772261425	-0.360329766584432	1	0.143	0.157	0.014
Frs2	0.170160029694592	0.523627085188188	1	0.177	0.114	0.063
Itga7	0.170499498179101	0.191269977535555	1	0.14	0.138	0.002
Agmo	0.170505641265956	-0.689216568217047	1	0.123	0.171	0.048
Phf3	0.171114521060554	-0.682463396686805	1	0.092	0.176	0.084
Rnf216	0.173168002675267	-0.404860015673743	1	0.164	0.224	0.06
Wtip	0.173609256711159	-0.259750115514884	1	0.157	0.21	0.053
Sumo1	0.173709736342413	-1.0694126637934	1	0.065	0.114	0.049
B3galt1	0.174497798952943	0.722196599369843	1	0.195	0.1	0.095
Cyp20a1	0.176291299904204	0.651284727481042	1	0.106	0.086	0.02
Pik3r1	0.178854642416298	-0.139737250584913	1	0.382	0.329	0.053
Uba2	0.179882677948155	-0.95771715181412	1	0.092	0.143	0.051
Kank1	0.18149442708199	0.673139534232626	1	0.106	0.076	0.03
Asb3	0.18150510455138	0.598099720638109	1	0.157	0.119	0.038
Gucy1b1	0.181884023048919	0.312520293483295	1	0.529	0.443	0.086
Zmiz1	0.185208804201002	-0.875072001861468	1	0.065	0.11	0.045
Nexn	0.185390178163158	0.761764890835069	1	0.143	0.1	0.043
Plcl1	0.185468486967764	0.218391592982813	1	0.959	0.957	0.002
Tra2a	0.185488414853945	0.72044637676992	1	0.283	0.176	0.107
Itga4	0.186006479424051	0.432399021216389	1	0.304	0.219	0.085
Palld	0.186276823058443	-0.323503763913114	1	0.109	0.152	0.043
Zfp467	0.186309469102324	-0.377779710874018	1	0.075	0.1	0.025
Wls	0.18686311760532	-0.278298349651826	1	0.427	0.448	0.021
Ankrd11	0.186863197401057	0.234340037514539	1	0.341	0.243	0.098
Frk	0.187908187529042	-0.163233099915151	1	0.239	0.21	0.029
Kat2b	0.188305984927383	0.43700963499178	1	0.184	0.157	0.027
Pbx1	0.188795861262261	0.355062664077924	1	0.577	0.419	0.158
Baz1b	0.188943436644206	-0.664120367134905	1	0.123	0.195	0.072
Klf12	0.189449173932194	-0.277119690534283	1	0.563	0.595	0.032
Cul3	0.189497614915679	0.479431964184629	1	0.154	0.114	0.04
Pcdh18	0.190259612636009	0.439267956449823	1	0.13	0.081	0.049
Eps8	0.1903545392196	0.201105123736733	1	0.451	0.338	0.113
Pcm1	0.190975228045673	-0.517865847324071	1	0.15	0.19	0.04
Gtf3c2	0.191018508366266	0.952522493164194	1	0.133	0.071	0.062
Bcam	0.191791067010124	0.197376080793523	1	0.113	0.129	0.016
Rerg	0.194310172457631	-0.14680427874149	1	0.096	0.119	0.023
Kat6b	0.194469125686197	-0.756393526493798	1	0.075	0.114	0.039
Nck2	0.196303849027645	0.588562994038305	1	0.273	0.2	0.073
Fgf14	0.196891228085455	0.638032548172943	1	0.137	0.162	0.025
Bcas3	0.197630804088776	-0.413646421433039	1	0.389	0.429	0.04
Ptgis	0.197987947426116	-0.932124962154703	1	0.085	0.114	0.029
Stk38l	0.198898682545598	-0.607449060302721	1	0.078	0.124	0.046
Fgf13	0.200105838008419	0.58332523018258	1	0.099	0.1	0.001
Usp24	0.200651674159654	0.105135825161062	1	0.157	0.171	0.014
Camk2d	0.200829663682328	-0.462237269210469	1	0.437	0.514	0.077
Rock1	0.201080784297166	0.377217826633192	1	0.539	0.476	0.0630000000000001
Ncoa3	0.201963180251391	0.361245581285605	1	0.218	0.181	0.037
Rspry1	0.202452653906949	0.674016716411224	1	0.123	0.071	0.052
Mndal	0.202485075073694	0.702715576755706	1	0.225	0.138	0.087
Fgfr1	0.206258188895474	-0.276507744560259	1	0.099	0.143	0.044
Ndst3	0.206856713351036	-0.652301324212774	1	0.218	0.324	0.106
Erbin	0.208069985524573	0.571949719955624	1	0.239	0.157	0.082
Raph1	0.208321386467926	0.388905643395792	1	0.437	0.338	0.099
Ctnna3	0.209114086162298	0.652286079865735	1	0.256	0.233	0.023
Stag2	0.209941725768891	-0.308968073392668	1	0.304	0.329	0.025
Pde7b	0.21047240110153	0.40107183935448	1	0.464	0.348	0.116
Wnk1	0.210829891786654	0.10874532572186	1	0.28	0.267	0.013
2210408I21Rik	0.211160059056108	0.805000680357131	1	0.13	0.076	0.054
Calcrl	0.211852054456207	-0.628440784700101	1	0.089	0.129	0.04
Ndufa4l2	0.212471963629081	1.02018098517356	1	0.113	0.067	0.046
Tln2	0.212573576533168	0.456226821609808	1	0.109	0.062	0.047
Prkg1	0.212815444677524	0.16066077069868	1	0.993	0.986	0.00700000000000001
Jak2	0.214082376106872	-0.913576279847992	1	0.119	0.171	0.052
Cemip2	0.214552139866599	-0.259194173986883	1	0.246	0.252	0.00600000000000001
Myh9	0.216049782039849	0.418264199214347	1	0.529	0.386	0.143
Axin2	0.216445133592586	-0.842290064281505	1	0.061	0.105	0.044
Fgf1	0.217249076309366	-0.10080479463685	1	0.137	0.124	0.013
Tmem87a	0.217859102056821	0.357245447709066	1	0.147	0.129	0.018
Septin8	0.218058148604079	-1.4022566626136	1	0.068	0.167	0.099
Supt3	0.218177464915433	-0.653627142353303	1	0.072	0.105	0.033
Ctcf	0.218328016181452	0.41664094048076	1	0.143	0.1	0.043
Rb1	0.21846192944516	-0.268083998295234	1	0.147	0.19	0.043
Nt5c2	0.218870688089103	-0.667888872416655	1	0.13	0.171	0.041
Stard8	0.219068070943708	0.39506266214249	1	0.399	0.329	0.07
Erc1	0.219904137516514	-0.837122078837897	1	0.061	0.1	0.039
Celf2	0.219920867985827	0.420748024892296	1	0.205	0.176	0.029
Abca8a	0.220724034930943	-0.502578771718596	1	0.123	0.162	0.039
Atp2a3	0.220995047507873	0.697408693412558	1	0.205	0.133	0.072
Arhgef25	0.221007354144181	-0.63551777565049	1	0.099	0.143	0.044
Dmxl1	0.221185483865527	0.391995664618197	1	0.13	0.119	0.011
Tut4	0.221958231545112	0.500503908902938	1	0.201	0.148	0.053
Sf3b3	0.222252089069043	-0.90786204331901	1	0.061	0.105	0.044
Lef1	0.222340578629562	-0.910307185177662	1	0.109	0.167	0.058
Kalrn	0.222787862644324	0.595967663684792	1	0.147	0.095	0.052
Mcam	0.223071517830629	0.245050093416945	1	0.222	0.176	0.046
Dag1	0.223621952935807	0.493497813631239	1	0.225	0.162	0.063
Ncoa2	0.224166356128644	-0.168372128128858	1	0.14	0.157	0.017
Mical3	0.22468448586959	0.227873265451308	1	0.109	0.129	0.02
Pitpnc1	0.225240219566655	0.162435013789496	1	0.836	0.805	0.0309999999999999
Kif5b	0.225327053883856	0.699694476248298	1	0.154	0.1	0.054
Ptbp2	0.226906049304848	-0.615724366183621	1	0.078	0.105	0.027
Klf7	0.228120461335734	-0.396990816679225	1	0.215	0.243	0.028
Cr1l	0.229577469279246	-0.28199047442761	1	0.174	0.181	0.00700000000000001
Ankrd17	0.229623030883263	-0.385114189859121	1	0.283	0.319	0.036
Stard13	0.231003562546518	0.203043529305035	1	0.502	0.438	0.064
Ints8	0.231038387651867	0.295126393730061	1	0.123	0.086	0.037
Fhit	0.231038499445752	0.431595337443123	1	0.126	0.095	0.031
Arid1b	0.231362851589878	0.34367684766801	1	0.317	0.271	0.046
Cnot6l	0.231770079704037	0.245319393512121	1	0.119	0.086	0.033
Jak1	0.231774217974198	-0.336208247774457	1	0.205	0.219	0.014
Peli2	0.232537338863087	0.641424472409652	1	0.362	0.271	0.091
Tmx3	0.233798228433523	-0.995716182663857	1	0.061	0.11	0.049
Cog5	0.233817568581815	0.400832776560357	1	0.154	0.129	0.025
Nfatc3	0.236690736730444	0.105083393112838	1	0.119	0.124	0.005
Nsmce2	0.238200699661468	0.218700442420849	1	0.232	0.171	0.061
Parp3	0.23893542572663	0.695135765640903	1	0.109	0.071	0.038
Rap1b	0.24143253161113	0.35170100871501	1	0.123	0.11	0.013
Zic4	0.241531373019404	-0.45691764077993	1	0.239	0.281	0.042
Strn3	0.242693337698449	0.193931738521443	1	0.539	0.505	0.034
Ccnt2	0.242701367150361	-0.620967503948813	1	0.102	0.171	0.069
Zbtb34	0.24283108236568	0.194551600616648	1	0.126	0.095	0.031
Tle1	0.243251097866539	0.356533136092834	1	0.201	0.133	0.068
Egfr	0.243337285995588	0.649970378604813	1	0.154	0.081	0.073
Dysf	0.244150822198566	0.589173743728219	1	0.205	0.148	0.057
Ednra	0.244927454476179	0.269115364916933	1	0.447	0.424	0.023
Plac9	0.245094342747116	-0.307719034937894	1	0.3	0.338	0.038
Ube2h	0.245099128940933	-0.505545142769702	1	0.15	0.195	0.045
Hdac9	0.24662559146368	0.692324113447943	1	0.14	0.11	0.03
H3f3b	0.246890811352676	-0.117801799523146	1	0.143	0.138	0.00499999999999998
Gnb1	0.2470636042779	0.68803075564048	1	0.171	0.138	0.033
Fam118b	0.24749831596436	0.367081275526732	1	0.328	0.262	0.066
Hdac8	0.247572058029447	0.827196723452412	1	0.106	0.062	0.044
Tnfrsf19	0.247639767249077	-0.442307713998663	1	0.099	0.129	0.03
Ccdc82	0.24820995529111	-0.848848121207433	1	0.137	0.21	0.073
Mdm4	0.248241288347896	0.158632129549564	1	0.181	0.171	0.00999999999999998
Cyp7b1	0.248801466905223	-0.189326253171028	1	0.294	0.329	0.035
Akt3	0.249347016296844	-0.282380968310573	1	0.317	0.376	0.059
Snx6	0.250378681799552	0.862142534194214	1	0.201	0.124	0.077
Atp9b	0.250721283800203	-0.646754548669402	1	0.085	0.133	0.048
Focad	0.251737383598969	-0.353796967012549	1	0.096	0.124	0.028
N4bp2l2	0.25228800015153	-0.418015426152676	1	0.068	0.11	0.042
Map3k1	0.254187540526832	0.136210311764804	1	0.106	0.1	0.00599999999999999
Pds5b	0.255705610866286	0.463968551290448	1	0.27	0.21	0.06
Rbms3	0.255766677460415	0.135261779784357	1	0.795	0.776	0.019
Pnisr	0.256062748422563	0.767437916955285	1	0.263	0.19	0.073
Nbea	0.256635139742948	1.07344389012952	1	0.126	0.062	0.064
Ppp1r12b	0.260636556092419	0.290345728693272	1	0.304	0.243	0.061
Cers5	0.261337463096703	0.399166751968145	1	0.133	0.11	0.023
Cnot10	0.262749425677466	1.11540136294126	1	0.106	0.052	0.054
Bicra	0.263614587491487	0.424209254640421	1	0.15	0.114	0.036
Zfp362	0.26470550284948	-0.141451597530766	1	0.102	0.114	0.012
Filip1l	0.264944977534948	-0.118035470873533	1	0.389	0.443	0.054
Usp47	0.265760732900156	-0.483845745723551	1	0.195	0.243	0.048
Sec63	0.265861823060695	0.533264720739391	1	0.133	0.086	0.047
Rlf	0.267300801973507	-0.596362784333231	1	0.089	0.143	0.054
Kdm5a	0.267742006522768	-0.43957335680659	1	0.113	0.152	0.039
Arhgef11	0.267783396174855	-0.56256344895487	1	0.143	0.205	0.062
Rora	0.268024730215048	-0.264400643378105	1	0.887	0.91	0.023
Larp4b	0.268146529561727	-0.232315080032734	1	0.102	0.105	0.003
Epc2	0.268613856677902	-0.237918191500749	1	0.191	0.19	0.001
Sh2b3	0.268695385913437	0.644450183646242	1	0.106	0.071	0.035
Mrtfb	0.268746536299142	-1.04520864315356	1	0.072	0.138	0.066
Umad1	0.268811440740389	0.712792940965901	1	0.109	0.086	0.023
Enpep	0.2691821439418	0.48469682875074	1	0.246	0.19	0.056
Atf2	0.269294737110226	-1.18783858822982	1	0.051	0.105	0.054
Ppara	0.270302599530441	-0.51382464590865	1	0.061	0.1	0.039
Ap2b1	0.272164018511063	-0.783467164576436	1	0.075	0.11	0.035
Col27a1	0.272452509177162	-0.259643433345938	1	0.16	0.176	0.016
Cbx5	0.273255548880845	-0.286806214270713	1	0.222	0.248	0.026
H2az2	0.27327853486557	-0.414168788782717	1	0.065	0.1	0.035
Ldlrad3	0.274975329740825	0.532643092527157	1	0.215	0.162	0.053
Csnk2a1	0.276427782666439	-0.799594420806352	1	0.085	0.129	0.044
Pdss2	0.276514925069826	-0.328535480652698	1	0.089	0.129	0.04
Abcc9	0.276579169619781	0.115530794410247	1	0.611	0.576	0.035
Ccdc3	0.276871513710946	-0.550181693782064	1	0.109	0.129	0.02
Zfp638	0.277428032796169	-0.568826380711035	1	0.181	0.238	0.057
Zfp532	0.277519270769197	-0.18683782870285	1	0.092	0.119	0.027
Yap1	0.278038935822303	0.268856847503695	1	0.184	0.186	0.002
Mbd2	0.280192912504756	0.29266516248108	1	0.167	0.129	0.038
Zbtb4	0.285909180279716	-0.807668030637489	1	0.102	0.143	0.041
Parp12	0.28635728593548	-0.219957896769244	1	0.072	0.1	0.028
Crtc3	0.286736843542986	-0.525530784756039	1	0.249	0.281	0.032
Arhgef6	0.287068593853046	-0.132802662984503	1	0.253	0.205	0.048
Cacnb2	0.287388068999013	0.232787272085318	1	0.416	0.41	0.00600000000000001
Birc6	0.287640046384671	-0.306440106552399	1	0.249	0.31	0.061
Ubap2l	0.2889376752938	0.273343391003187	1	0.181	0.157	0.024
Itga1	0.290826028114442	0.274729801136447	1	0.816	0.767	0.0489999999999999
Nipbl	0.290988012406812	-0.129414742028352	1	0.515	0.462	0.053
Appl1	0.292473247213913	-0.386699695174288	1	0.099	0.1	0.001
Lzts2	0.29258902805166	0.214300499237145	1	0.119	0.11	0.00899999999999999
Map4k4	0.292773908011804	0.332512449572581	1	0.273	0.248	0.025
Kirrel	0.292844669529858	-0.492532757229414	1	0.195	0.248	0.053
Ldlr	0.294676941782397	-0.471628467689733	1	0.109	0.138	0.029
Mpp7	0.295243074315365	-0.297021903034939	1	0.208	0.262	0.054
Pld1	0.295685498772529	-0.26426160277665	1	0.512	0.5	0.012
Ctnnb1	0.29647502548105	-0.341062227251974	1	0.082	0.1	0.018
Apcdd1	0.296996700367183	-0.4338201445308	1	0.164	0.214	0.05
Entpd1	0.297459628209277	0.655671743498616	1	0.147	0.11	0.037
Crk	0.299249815878213	0.198166967186117	1	0.116	0.105	0.011
Ece1	0.299451514792708	0.546131502828013	1	0.27	0.181	0.089
Slc7a2	0.299721410347256	-0.260028290476559	1	0.177	0.2	0.023
Afap1l2	0.300229434874699	0.152604335036056	1	0.338	0.252	0.086
Gnas	0.302838030737481	-0.497073928025972	1	0.212	0.314	0.102
Rnf38	0.303464533826315	-0.142380264537291	1	0.184	0.176	0.00800000000000001
Fmnl3	0.30434457451617	0.869153402790496	1	0.13	0.09	0.04
Kif13a	0.304650393951989	-0.528394792994539	1	0.137	0.205	0.068
Dennd5b	0.304820766684502	0.359763533744421	1	0.157	0.119	0.038
Marcks	0.305034999795088	0.372698307062286	1	0.123	0.081	0.042
Ppp4r3b	0.305147119945981	-0.910342212885643	1	0.068	0.1	0.032
Kdm4c	0.305689621097759	0.504780312365207	1	0.116	0.081	0.035
Wrn	0.306140735493733	0.773640189617029	1	0.119	0.076	0.043
Ackr3	0.307249212984001	0.383673867554537	1	0.154	0.114	0.04
Psme4	0.307309083508948	0.166885932316957	1	0.177	0.181	0.004
Rictor	0.308540013169489	0.617882132105131	1	0.184	0.11	0.074
Arid4b	0.308566716332805	-0.408065391395569	1	0.082	0.11	0.028
Dpf3	0.310336820976363	-0.173277524471056	1	0.143	0.119	0.024
Creb3l2	0.310416345747494	0.226947134825815	1	0.154	0.143	0.011
Zc3h7a	0.310935047827752	-0.639503913730513	1	0.116	0.157	0.041
Mllt10	0.311233901531924	-0.45745895035761	1	0.379	0.429	0.05
Yes1	0.311723821159092	-0.616660177508386	1	0.075	0.124	0.049
Lrmda	0.312040208314145	0.227024577884303	1	0.195	0.214	0.019
Snx24	0.312150357578477	-0.608628135897722	1	0.102	0.133	0.031
Ash1l	0.312387216071026	-0.118217284517299	1	0.334	0.362	0.028
Errfi1	0.312606632284979	0.79508827945688	1	0.102	0.081	0.021
Pum1	0.312806830454906	0.30665075428737	1	0.205	0.138	0.067
Btbd3	0.312942082867562	-0.328705047208468	1	0.181	0.195	0.014
Irs1	0.313845219268033	1.12081063823356	1	0.123	0.062	0.061
Sh3d21	0.314496591943338	0.268864139232953	1	0.102	0.081	0.021
Smurf1	0.315755436872051	0.34063763830273	1	0.102	0.095	0.00699999999999999
Prdm16	0.318379675074315	0.457989841801682	1	0.119	0.1	0.019
Aplp2	0.318824157330536	-0.275262614940091	1	0.075	0.105	0.03
Lactb2	0.319143098959069	-0.77087991186696	1	0.061	0.1	0.039
Lifr	0.321266679052912	-0.32568462372968	1	0.119	0.162	0.043
Rgs6	0.321365347111665	0.170730319485606	1	0.447	0.443	0.004
Dcbld1	0.323379641258739	0.517187825435705	1	0.167	0.11	0.057
Wwox	0.324035593533834	0.184909044754626	1	0.375	0.31	0.065
Cab39l	0.325734590768241	0.247412217090806	1	0.096	0.105	0.00899999999999999
Adcy5	0.32675325470463	1.03382364343799	1	0.116	0.076	0.04
Rhot1	0.327205295783165	-0.583419209869692	1	0.068	0.1	0.032
Btbd7	0.327397803313103	0.329271059187639	1	0.195	0.143	0.052
Gli3	0.328468294180313	-0.445949068152432	1	0.126	0.133	0.00700000000000001
Pkig	0.328884490936486	-1.10373592979699	1	0.078	0.143	0.065
Bcor	0.329264433566018	-0.283371952130638	1	0.116	0.105	0.011
Rcsd1	0.329344516996419	0.159914110402505	1	0.355	0.276	0.079
Matr3	0.329906339526489	0.250624679200691	1	0.177	0.157	0.02
Nufip2	0.33111126022529	-0.496007155156254	1	0.13	0.176	0.046
Fbxo42	0.33498466471283	-0.772908254608299	1	0.075	0.11	0.035
Eln	0.335236044536602	0.415026645976392	1	0.137	0.124	0.013
Ric1	0.33585370154319	-1.16924606404879	1	0.075	0.133	0.058
Gatad2b	0.336737336638604	0.585130368269784	1	0.116	0.076	0.04
Adgra2	0.337489633196903	-0.601355548709122	1	0.089	0.129	0.04
Wasf2	0.337865480609496	-0.453505543788423	1	0.259	0.271	0.012
Gmds	0.338213921799685	0.120192503631789	1	0.594	0.586	0.00800000000000001
Lhfp	0.340366473427366	0.283930348260717	1	0.72	0.657	0.0629999999999999
Unk	0.340769870157373	-0.628206155372099	1	0.065	0.114	0.049
Tec	0.34218903678618	-0.38812554921527	1	0.164	0.2	0.036
Cnn3	0.343488718704424	-0.405260598044419	1	0.082	0.105	0.023
Tagln	0.343866868559749	-0.258801706546127	1	0.113	0.138	0.025
Ino80d	0.343999752204189	0.374361520990705	1	0.126	0.11	0.016
Tns3	0.34506734242058	-0.751532403456334	1	0.089	0.119	0.03
Cd200	0.345703243659461	-0.414710924924824	1	0.082	0.105	0.023
Cradd	0.346208859406507	-0.601806813859745	1	0.102	0.124	0.022
Cyth3	0.346699994975377	0.236880890016097	1	0.41	0.333	0.077
Ggact	0.347231235791792	-0.86389568870103	1	0.078	0.129	0.051
Rere	0.349264640322765	-0.192409157506371	1	0.539	0.571	0.0319999999999999
Stat5b	0.352580367596712	0.576495052778322	1	0.106	0.086	0.02
Car4	0.354070950669274	0.566903278447754	1	0.147	0.105	0.042
Plekhh2	0.35581484583617	0.410692792811146	1	0.212	0.176	0.036
Ntn4	0.355911485796124	0.520947090390532	1	0.27	0.21	0.06
Iqgap1	0.356433375469524	-0.409716992309425	1	0.167	0.214	0.047
Nrg3	0.357007123571157	-0.361901854856239	1	0.096	0.133	0.037
Akap12	0.357918266730844	0.486924539766392	1	0.273	0.195	0.078
Ddx3y	0.35802504045674	-1.47941685626069	1	0.055	0.162	0.107
Dock11	0.359610085639924	0.12069927760382	1	0.205	0.152	0.053
Slc38a6	0.359665455281491	-0.429605142075831	1	0.102	0.11	0.00800000000000001
Cachd1	0.359669855250924	-0.131794904847559	1	0.085	0.11	0.025
Rbpms2	0.361807701786741	-0.343411604506276	1	0.16	0.19	0.03
Cd63	0.36419906717314	-0.446990556667087	1	0.075	0.105	0.03
Ptar1	0.364417517826316	0.300158021569777	1	0.212	0.167	0.045
Sesn1	0.364532736644577	0.600684523816413	1	0.201	0.133	0.068
Rb1cc1	0.364910557851891	0.614705722587197	1	0.147	0.11	0.037
Stk39	0.366355373708423	0.277193650252976	1	0.502	0.457	0.045
Rreb1	0.367266858294818	0.295651477563089	1	0.235	0.195	0.04
Eea1	0.367928278137862	0.47279912990976	1	0.13	0.086	0.044
Ank2	0.36969682530203	-0.462452172100362	1	0.372	0.443	0.071
Hnrnpu	0.370194470913878	-0.133007070115911	1	0.113	0.138	0.025
Uhrf2	0.372527840399344	0.275114381441659	1	0.198	0.162	0.036
Hif1a	0.37256693278524	-0.437349396436629	1	0.099	0.114	0.015
4930523C07Rik	0.372581719476186	0.464286601159937	1	0.177	0.129	0.048
Atxn7l1	0.373140936780852	-1.13109719904868	1	0.048	0.1	0.052
Vstm4	0.373453997983861	0.640915273863336	1	0.225	0.148	0.077
Coro2b	0.374456150272563	-0.750200059840145	1	0.072	0.114	0.042
Srsf5	0.37546305206272	-0.559620658818945	1	0.3	0.362	0.062
Prpf39	0.378172657163749	-0.252526324234615	1	0.143	0.148	0.005
Tpk1	0.37817497148789	-0.14480518998927	1	0.113	0.105	0.00800000000000001
Ttyh2	0.378833833273204	-0.496503799462446	1	0.078	0.105	0.027
Ranbp9	0.378845205307995	0.434914651649534	1	0.123	0.09	0.033
Igf2r	0.379224147309763	0.390442544708208	1	0.208	0.186	0.022
Arglu1	0.37980437625746	0.266250039393844	1	0.229	0.224	0.005
Maml2	0.38127885812176	0.189774513207942	1	0.819	0.743	0.076
Rbpms	0.381734850843302	-0.171424176212077	1	0.72	0.795	0.0750000000000001
Stim1	0.383426509180132	-0.252133527457229	1	0.208	0.233	0.025
Nrxn3	0.387550888335481	-0.512305916447402	1	0.109	0.162	0.053
Son	0.391378594055986	0.10099655057977	1	0.713	0.714	0.001
Sox6	0.391514761163729	0.183717973233413	1	0.297	0.286	0.011
Pkn1	0.392724869481557	-0.220330075598262	1	0.102	0.124	0.022
Gpatch8	0.393423597211434	-0.411289933557836	1	0.154	0.176	0.022
Med13	0.393724355881452	0.228433648472531	1	0.205	0.181	0.024
Myo1e	0.39398380729928	-0.128797045105065	1	0.191	0.19	0.001
Cbfa2t3	0.394060260023168	0.499547991098287	1	0.106	0.1	0.00599999999999999
Zmym2	0.39456002015493	-0.689922686796548	1	0.078	0.124	0.046
Phactr2	0.39602287790482	-0.273413920071852	1	0.239	0.276	0.037
Arap2	0.396344813742703	0.469559401600414	1	0.276	0.195	0.081
Usp9x	0.396348053351643	-0.211764242051423	1	0.191	0.21	0.019
Atp2a2	0.397132998964535	0.29093994614061	1	0.13	0.119	0.011
Zeb1	0.397496211605009	0.251047765519021	1	0.785	0.748	0.037
Daam2	0.397620018203658	0.467436420705079	1	0.362	0.324	0.038
Rbm33	0.398696141814773	-0.482849246070383	1	0.099	0.143	0.044
Bicc1	0.398921120365278	-0.24187541480106	1	0.29	0.319	0.029
Dennd6a	0.399145952195637	-0.445499810392299	1	0.123	0.167	0.044
Tcf25	0.401411397544601	-0.15518336839198	1	0.106	0.129	0.023
Spop	0.402469994791956	-0.134121477005578	1	0.205	0.186	0.019
Lrp6	0.404311502446835	0.169116111028247	1	0.16	0.129	0.031
Snx13	0.405128488834202	-0.850860032024683	1	0.061	0.1	0.039
Plce1	0.406001280979931	0.281308549856268	1	0.823	0.748	0.075
Gnb4	0.40641167572304	0.282886265652992	1	0.294	0.214	0.08
Pde5a	0.40738617763876	0.160480773624184	1	0.451	0.419	0.032
Sike1	0.40759525697126	-0.697388534076936	1	0.075	0.105	0.03
Cyp4f13	0.408560852267433	0.395047565202254	1	0.116	0.076	0.04
Tacc1	0.40889027424637	-0.275601110432186	1	0.355	0.376	0.021
Acap2	0.409345845176059	-0.740589902488543	1	0.109	0.195	0.086
Frmd4b	0.409442437745292	-0.476936047590091	1	0.14	0.167	0.027
Ube2e3	0.410456112672219	-1.09261522485801	1	0.058	0.11	0.052
Desi2	0.41103577273491	0.506952231949499	1	0.147	0.114	0.033
Vgll4	0.413113374423438	0.825754629608908	1	0.14	0.076	0.064
Ino80	0.413867645388638	0.63724393011901	1	0.164	0.105	0.059
Tra2b	0.414676094100713	-0.634805320520351	1	0.157	0.219	0.062
Foxo1	0.414942184080653	-0.119466409822236	1	0.102	0.09	0.012
Pum2	0.414985051757868	0.156263111812957	1	0.198	0.181	0.017
Zfp608	0.415012978373913	0.531113423395652	1	0.113	0.09	0.023
Dst	0.415409292495317	-0.130190333651819	1	0.324	0.329	0.005
Cfh	0.416452515653418	-0.69597485624604	1	0.116	0.162	0.046
Rbm27	0.416896648532061	0.326610719267699	1	0.106	0.071	0.035
Slc12a6	0.417616979201999	-0.269253662312829	1	0.191	0.229	0.038
Atrx	0.420708133496553	0.239947771423883	1	0.375	0.352	0.023
Picalm	0.421674891337589	0.269667569430397	1	0.423	0.362	0.061
Stat3	0.4218985160079	0.105515192405998	1	0.201	0.176	0.025
Adgrl3	0.42219718480191	0.367546186717341	1	0.294	0.262	0.032
Smyd3	0.422744255953193	0.192444898625387	1	0.212	0.195	0.017
Fer	0.42391609942422	0.48701611095199	1	0.208	0.143	0.065
Ascc3	0.426639139000163	0.193980016923165	1	0.106	0.105	0.001
Zfp950	0.42731636639651	-0.522525202736934	1	0.195	0.252	0.057
Rgs3	0.428534787851073	1.08847233176764	1	0.154	0.076	0.078
Ppfibp2	0.429169858821324	0.379930531058589	1	0.29	0.233	0.057
Ptpn13	0.429583678326968	-0.421363693235984	1	0.133	0.167	0.034
Tmem243	0.429890448520263	0.125462366298218	1	0.13	0.11	0.02
Garre1	0.430683653109236	-0.259697322375277	1	0.263	0.305	0.042
Ndufs4	0.431992409320369	0.339678312178147	1	0.102	0.081	0.021
Mbd5	0.436868296448993	0.24495054222738	1	0.253	0.243	0.01
Ak3	0.437856924520605	0.608744200053468	1	0.13	0.086	0.044
Hectd1	0.438592377435344	-0.346841608674203	1	0.164	0.186	0.022
Myl6	0.438802846945423	-0.27831533196982	1	0.188	0.224	0.036
Ccnt1	0.438855568632778	0.141936507194864	1	0.102	0.1	0.00199999999999999
Clasp2	0.440989687486951	-0.105191534961734	1	0.137	0.152	0.015
Pdpk1	0.442026877975563	-0.432384061622487	1	0.072	0.1	0.028
Gpbp1	0.442062417161796	-0.791293496972616	1	0.106	0.157	0.051
Anapc5	0.442488447651672	-0.625953134912636	1	0.096	0.11	0.014
Sppl3	0.442583005801086	-0.627784746664611	1	0.096	0.133	0.037
Gkap1	0.443044754674596	0.183340876817926	1	0.123	0.095	0.028
Kat6a	0.444322673026487	-0.45485466544753	1	0.191	0.214	0.023
Synpo2	0.44770138352479	0.335897207841002	1	0.164	0.167	0.003
Gjc1	0.449133600791301	0.381615224262652	1	0.464	0.4	0.064
Itga9	0.450637674949905	0.872502885779405	1	0.116	0.086	0.03
Tgfb1i1	0.451510579269797	-0.264867305636148	1	0.092	0.119	0.027
Ywhae	0.452443976711271	0.487798398309243	1	0.188	0.152	0.036
Thada	0.454476617228836	-0.307150859256788	1	0.164	0.181	0.017
Fam222b	0.454875849650846	0.108461283140672	1	0.147	0.124	0.023
Fchsd2	0.456315748496062	0.127434522693933	1	0.43	0.39	0.04
Tead1	0.457025361639599	0.10948870002086	1	0.208	0.229	0.021
Taf3	0.457111824268227	-0.192654878089301	1	0.14	0.167	0.027
Msn	0.457813687764943	-0.118224161834969	1	0.16	0.152	0.00800000000000001
Tet2	0.458476162931811	-0.5885277725171	1	0.075	0.1	0.025
Arhgef40	0.458765059672609	-0.462337582130306	1	0.099	0.124	0.025
Pcmtd1	0.459417665004021	-0.368375921332479	1	0.119	0.152	0.033
Zfand6	0.459436208693823	0.364188061417922	1	0.249	0.19	0.059
Ube2e2	0.459945985225196	0.32933153570998	1	0.167	0.171	0.004
Tlk1	0.460064077995781	0.811454973229901	1	0.106	0.057	0.049
Ntrk3	0.462516534901591	0.246717568916938	1	0.106	0.105	0.001
Sptbn1	0.465306843686543	-0.212468397419357	1	0.768	0.786	0.018
Stk24	0.466157727546767	0.326469718457278	1	0.242	0.214	0.028
Adcy6	0.467154619834056	0.352621073616072	1	0.14	0.114	0.026
Syncrip	0.467231651939821	-0.296996073720063	1	0.106	0.11	0.004
Xiap	0.467591683531145	-0.211049138506261	1	0.198	0.21	0.012
Pam	0.468587703083217	0.13632068669408	1	0.096	0.11	0.014
Bclaf1	0.468620590897815	-0.317527797174258	1	0.184	0.224	0.04
Rc3h1	0.469727474154358	-0.622152357099335	1	0.137	0.171	0.034
Golim4	0.469770568821813	-0.157134326286188	1	0.154	0.143	0.011
Ube3a	0.474001783667735	-0.535628818084957	1	0.075	0.11	0.035
Krit1	0.474494705989218	-0.415746532263843	1	0.065	0.105	0.04
Cpsf6	0.474567890795152	0.136924906188339	1	0.092	0.105	0.013
Nhsl2	0.474937201173914	0.434679413538982	1	0.126	0.09	0.036
Tmem164	0.47615856890538	0.316265645646475	1	0.184	0.19	0.00600000000000001
Pafah1b1	0.476163026853007	-0.101579404499072	1	0.188	0.21	0.022
Lrba	0.476374754708844	0.17426215850366	1	0.242	0.171	0.071
Papola	0.477247187862626	0.459308375277604	1	0.119	0.086	0.033
Fbxl7	0.477495633110044	-0.405294611308141	1	0.14	0.148	0.00799999999999998
Lonp2	0.477542552108254	-0.168487360528539	1	0.157	0.133	0.024
Sntb1	0.477583014465792	-0.209711868744817	1	0.628	0.671	0.043
Zc2hc1a	0.478499792993585	0.26482927285429	1	0.171	0.167	0.004
Nbl1	0.478934874547039	-0.12368748629803	1	0.113	0.105	0.00800000000000001
Mark3	0.479901092803896	0.320133351996993	1	0.123	0.105	0.018
Ppp3cb	0.480989412984261	0.384198924789928	1	0.164	0.133	0.031
Fcho2	0.483015984127785	0.343871620665023	1	0.358	0.276	0.082
Akap9	0.483609442735274	0.518130050127646	1	0.116	0.086	0.03
Osmr	0.483669109829321	0.492541402741403	1	0.239	0.214	0.025
Pds5a	0.486916326462411	-0.622545107001095	1	0.116	0.171	0.055
Rif1	0.487998445609853	-0.675947562068575	1	0.078	0.129	0.051
Asxl2	0.488656406337626	-0.456569736208684	1	0.123	0.152	0.029
Ppp2r5e	0.488860506445449	0.68349280545396	1	0.137	0.086	0.051
Brd4	0.489150179567332	0.250649860520202	1	0.225	0.171	0.054
Man2a1	0.493442014236106	-0.404544350403528	1	0.15	0.176	0.026
Wsb1	0.493590711386903	-0.426958168854465	1	0.099	0.119	0.02
Pdlim5	0.494634514126251	-0.206958147868799	1	0.259	0.295	0.036
Higd1b	0.495347871400063	0.191763548203874	1	0.102	0.11	0.00800000000000001
Znrf3	0.49667873083607	-0.393336921244387	1	0.246	0.267	0.021
Mob3b	0.496774265908483	-0.645611575760358	1	0.116	0.162	0.046
Shld2	0.498860585661467	0.263546908326666	1	0.113	0.09	0.023
Smim14	0.499199402057387	-0.190188320622691	1	0.109	0.119	0.01
Zic1	0.502048907910503	-0.290056404465296	1	0.314	0.333	0.019
Tasor	0.502437629845245	0.101298131785796	1	0.307	0.281	0.026
Nfia	0.502749829352421	0.147392194968098	1	0.771	0.748	0.023
Nr2c2	0.503401940623901	-0.275130257422205	1	0.116	0.138	0.022
Mitf	0.504220740508268	-0.642723180731986	1	0.109	0.148	0.039
Xpo1	0.504355218455435	-0.215385937805113	1	0.096	0.114	0.018
Fap	0.505131868376409	0.280288050240838	1	0.3	0.243	0.057
Rbm25	0.505300289200226	-0.164588290791393	1	0.283	0.319	0.036
Lsm14a	0.505771322075053	-0.406053054514024	1	0.113	0.138	0.025
Tpm2	0.506017318795604	-0.192265812448771	1	0.082	0.105	0.023
Arid5b	0.506060491600535	-0.177915132866588	1	0.399	0.371	0.028
Rgs5	0.506449270319068	0.124911322617491	1	0.563	0.5	0.0629999999999999
Bicral	0.507092051714174	-0.611773300046929	1	0.065	0.1	0.035
Chchd3	0.509304123347679	-0.244973821767632	1	0.116	0.138	0.022
Il1r1	0.509505884104046	0.475790003170577	1	0.109	0.071	0.038
Gbf1	0.509541661845505	0.397824393151947	1	0.184	0.148	0.036
Uvssa	0.512256204381821	0.589912751223239	1	0.116	0.071	0.045
Trak1	0.512815401107353	-0.413451448811362	1	0.235	0.262	0.027
Il6st	0.513376872611902	-0.229395042063286	1	0.082	0.1	0.018
Dmtf1	0.513450562365137	-0.639712574054248	1	0.082	0.119	0.037
Pip4p2	0.513516424136647	1.01682295500936	1	0.102	0.052	0.05
Arih2	0.514021008870897	-0.329994545570539	1	0.126	0.148	0.022
Phlpp1	0.514099399237763	0.238771026205553	1	0.451	0.386	0.065
Aopep	0.514832714683805	0.333145748527015	1	0.427	0.381	0.046
Fam193a	0.514995225668277	-0.117734433596869	1	0.324	0.286	0.038
Bltp1	0.516221319978984	0.347149353634923	1	0.13	0.11	0.02
Cped1	0.516603829422683	-0.153769279487228	1	0.614	0.648	0.034
Tmem51	0.51684865040915	-0.124054470201506	1	0.15	0.167	0.017
Rgs4	0.517058483758256	-0.374796948606937	1	0.259	0.314	0.055
Csmd1	0.51789671569781	-0.601043565227004	1	0.092	0.129	0.037
Rabgap1l	0.51803433502222	-0.284429412850561	1	0.14	0.143	0.00299999999999997
Arhgef1	0.518230723981595	-0.399656676539518	1	0.092	0.105	0.013
Eml4	0.518779836243778	0.207632571398828	1	0.273	0.243	0.03
Zfr	0.519536235880602	0.476850980611008	1	0.218	0.167	0.051
Arid2	0.519642483637137	-0.448173940527083	1	0.171	0.205	0.034
Akap13	0.519659512948196	0.170746938869598	1	0.416	0.357	0.059
Adgrf5	0.520443732524577	0.754227056602653	1	0.109	0.086	0.023
Zc3h6	0.520852952668138	-0.917713440182883	1	0.058	0.105	0.047
Gng2	0.521328568473095	-1.17472061018638	1	0.072	0.133	0.061
Trps1	0.521590264359152	0.162226372887394	1	0.423	0.4	0.023
Tns2	0.522894343839216	-0.127794340395508	1	0.181	0.167	0.014
Rasa1	0.522941498122627	0.337834401734647	1	0.109	0.081	0.028
Fbxl17	0.52316733235907	0.134894507095453	1	0.628	0.59	0.038
Dnajc3	0.523632220576434	0.233692529307996	1	0.164	0.138	0.026
Fam110b	0.52502334072266	0.409911928194714	1	0.133	0.09	0.043
Rhbdf1	0.525076727908963	-0.659076951078529	1	0.078	0.11	0.032
Ap1g1	0.526685821235643	-0.65477642788965	1	0.075	0.105	0.03
Prkn	0.527395423087777	0.470295811866704	1	0.102	0.076	0.026
Zc3hav1	0.527913993476137	-0.570142049474066	1	0.078	0.11	0.032
Lrp5	0.528305500665733	0.780563065194933	1	0.133	0.095	0.038
Mertk	0.528706371792532	0.235608728190516	1	0.328	0.31	0.018
Fgfr2	0.528741023169003	-0.219869006442669	1	0.109	0.138	0.029
Gpatch2	0.529132051880348	-0.220766488766405	1	0.137	0.129	0.00800000000000001
Nudt4	0.529578956690159	-0.310722718177378	1	0.089	0.1	0.011
Ctnnd1	0.53089207078293	0.337912361437514	1	0.331	0.262	0.069
Grb10	0.531753277269839	0.164492103292553	1	0.259	0.229	0.03
Bmpr1a	0.53191117739722	0.222660795948762	1	0.311	0.276	0.035
Lmna	0.534710564385571	-0.357279977769835	1	0.072	0.105	0.033
Stt3b	0.534871457356222	-0.391591978860665	1	0.089	0.1	0.011
Top2b	0.537685684172313	-0.515640000282734	1	0.137	0.176	0.039
Jarid2	0.538236102025816	-0.771965788435402	1	0.13	0.167	0.037
Axl	0.539544778368008	-0.231712405843892	1	0.174	0.205	0.031
Fat1	0.539990429594841	0.462274062849234	1	0.102	0.086	0.016
Vps13b	0.540896955749055	0.339201997069765	1	0.167	0.119	0.048
Ythdc1	0.54181531647957	0.11691846937665	1	0.191	0.162	0.029
Terf1	0.541967994527227	0.685128100649727	1	0.133	0.081	0.052
Pcf11	0.54205869497393	-0.271878819319178	1	0.116	0.114	0.002
Ankrd50	0.542404417069833	-0.115034462714531	1	0.16	0.176	0.016
Nr3c1	0.545124295896389	-0.354994304384328	1	0.164	0.181	0.017
Acta2	0.547497450788619	0.298818070906178	1	0.184	0.186	0.002
Senp6	0.547729650279274	-0.479129274483576	1	0.13	0.186	0.056
Adamts10	0.548563339727718	0.322024652240624	1	0.109	0.09	0.019
Tmem131	0.548779762463729	0.214072542164774	1	0.147	0.129	0.018
Arhgap12	0.549301930271468	-0.379103637102471	1	0.191	0.219	0.028
Slc19a1	0.55036169362385	0.142040378245114	1	0.157	0.129	0.028
Myl9	0.550473920238671	-0.437342056806414	1	0.167	0.214	0.047
Ate1	0.551525896893634	-0.357495606853073	1	0.075	0.105	0.03
Relch	0.552507426247089	-0.601239442841772	1	0.068	0.105	0.037
Rbm39	0.554992004450221	-0.148726117619212	1	0.597	0.629	0.032
Plekha2	0.555057014902667	0.309871693971224	1	0.13	0.105	0.025
Myo9a	0.555073098711883	0.320949961631712	1	0.13	0.081	0.049
Sdc2	0.55530022097507	0.201360636314263	1	0.522	0.448	0.074
Rsrc1	0.555966211753033	-0.276625076848395	1	0.225	0.252	0.027
Rab2a	0.556474072795426	0.155148493030306	1	0.174	0.152	0.022
Lrp1	0.558375466799465	-0.65907185514547	1	0.119	0.171	0.052
Lrrk1	0.558505970699431	-0.177824802865311	1	0.13	0.133	0.003
Tnfaip1	0.55923370422677	0.375232739218087	1	0.263	0.205	0.058
Rasgrp3	0.559236182397224	0.356476281542205	1	0.232	0.205	0.027
Dusp16	0.562001849099666	0.124895500983185	1	0.16	0.129	0.031
Pitpnm2	0.562755434444368	0.145738054699418	1	0.167	0.138	0.029
Eif4h	0.562855592068071	-0.692544126630751	1	0.078	0.1	0.022
Hook3	0.564104764071012	-0.61051695714554	1	0.065	0.105	0.04
Dab2ip	0.564690790682074	-0.299855897854238	1	0.116	0.157	0.041
Abcg2	0.565383483525038	-0.287857341043902	1	0.102	0.124	0.022
Nt5dc1	0.567267729621404	0.241139578996555	1	0.154	0.143	0.011
Rrbp1	0.568384976877246	-0.137322778942252	1	0.201	0.233	0.032
Ssbp2	0.570964419846613	0.545794453444485	1	0.16	0.143	0.017
Amn1	0.571325742408482	-0.41086980885475	1	0.116	0.143	0.027
Pde1a	0.572219280948191	0.108366900098094	1	0.259	0.229	0.03
Ppp2r3a	0.573980406960123	0.130203179295385	1	0.229	0.205	0.024
Cstf3	0.575594770974652	-0.349196308154993	1	0.092	0.114	0.022
Cgnl1	0.579003639506601	0.431220702507771	1	0.358	0.29	0.068
Klf9	0.5801819643003	0.437806309309198	1	0.143	0.1	0.043
Prdm5	0.580603066836007	0.423601470895947	1	0.177	0.157	0.02
Tlk2	0.581845937009812	0.291796521647863	1	0.181	0.133	0.048
Stam2	0.581931914453437	-0.413376917072971	1	0.096	0.119	0.023
Atp7a	0.585933925898431	-0.342697968640154	1	0.188	0.2	0.012
Uimc1	0.585961513583316	-0.537916739324328	1	0.082	0.119	0.037
Adam10	0.586244269967822	-0.57798456737106	1	0.075	0.11	0.035
Magi1	0.587128230684494	-0.297571638081156	1	0.171	0.19	0.019
Tspan5	0.587895255934061	-0.422269949788938	1	0.082	0.114	0.032
Kcnip4	0.589002161758178	-0.636767066032383	1	0.092	0.138	0.046
Pde3a	0.589460789324952	0.194437008392361	1	0.485	0.481	0.004
Lima1	0.589645133239656	0.284099507133524	1	0.143	0.119	0.024
Chic2	0.589941550160404	0.187856838837887	1	0.102	0.09	0.012
Ubxn4	0.590751297610075	-0.543356595633958	1	0.078	0.1	0.022
R3hdm2	0.591547877920097	0.162362703023477	1	0.113	0.105	0.00800000000000001
Dcbld2	0.59176886214797	0.405321896444004	1	0.14	0.105	0.035
Arhgap10	0.591886644473096	-0.105556694179868	1	0.396	0.39	0.00600000000000001
Mtss1	0.593883202790531	0.284805369472304	1	0.119	0.1	0.019
Rsrc2	0.593927611169449	-0.311435774551132	1	0.096	0.124	0.028
Usp3	0.594500280639404	0.39837793089903	1	0.246	0.186	0.06
Map2k5	0.595378496486288	0.164877533070238	1	0.113	0.1	0.013
Lsamp	0.59628860152909	-0.213709445726045	1	0.734	0.71	0.024
Tpr	0.59665827590718	-0.105331218204789	1	0.116	0.1	0.016
Zup1	0.598217398256427	-0.124796187054831	1	0.154	0.133	0.021
Trim12a	0.599855448954015	0.265177617972788	1	0.106	0.076	0.03
Lrch3	0.600030889524508	0.393556004015472	1	0.249	0.181	0.068
Zswim6	0.600256407327779	-0.259615930636675	1	0.113	0.133	0.02
Ano6	0.600308537459227	0.203275853107339	1	0.334	0.305	0.029
Dis3l2	0.600629296073416	-0.128727452828063	1	0.123	0.143	0.02
Dlg1	0.601228001325967	-0.110951338783679	1	0.119	0.143	0.024
Syne1	0.60139904886829	0.228830000246547	1	0.556	0.51	0.046
Srek1	0.601922355787704	0.535870887094835	1	0.171	0.119	0.052
Arhgap31	0.603564382446615	-0.371856141962893	1	0.259	0.262	0.003
Vcl	0.604692121186665	0.181965405202122	1	0.532	0.486	0.046
Phip	0.605003630840555	-0.419011331914525	1	0.249	0.276	0.027
Eml1	0.605346437466331	-0.220415067314798	1	0.072	0.1	0.028
Sltm	0.60535119931919	-0.229067008580444	1	0.109	0.143	0.034
Cnnm2	0.605660342819979	0.595091071333244	1	0.171	0.1	0.071
Camk2g	0.605812705146832	-0.175253802754048	1	0.14	0.167	0.027
Nrd1	0.606767524818342	-0.435339616342986	1	0.113	0.143	0.03
Exoc2	0.606802738130426	-0.706143016991959	1	0.072	0.124	0.052
Psma3	0.608521037422557	-1.12773766339752	1	0.051	0.11	0.059
Pik3r3	0.609997566600797	-0.334979441116843	1	0.089	0.11	0.021
Sparc	0.611330716779714	0.375131988536179	1	0.201	0.162	0.039
Stx16	0.612179782384084	0.303024356497367	1	0.147	0.124	0.023
Laptm4a	0.61625925281849	0.117103429224447	1	0.205	0.171	0.034
Smchd1	0.616990987243987	-0.331661416870639	1	0.14	0.176	0.036
Ppp1cb	0.617925639732182	-0.14946954958959	1	0.195	0.195	0
Enox2	0.618021264426903	-0.184220419359857	1	0.191	0.205	0.014
Ephx1	0.618087687668597	-0.174317631874953	1	0.13	0.143	0.013
Pdcd10	0.618353531441312	-0.103995148451352	1	0.164	0.171	0.00700000000000001
Chd4	0.619724205641077	-0.302123055716873	1	0.174	0.224	0.05
Atp11c	0.619736450251166	0.267845770381288	1	0.225	0.171	0.054
Rsbn1	0.619823325456372	-0.564128814809502	1	0.075	0.11	0.035
B3gnt2	0.620361414667054	-0.400818330584266	1	0.195	0.224	0.029
Ctnna1	0.620452973483357	-0.132904742169659	1	0.229	0.257	0.028
Slc1a5	0.620575627931376	-0.262531796754111	1	0.143	0.171	0.028
Samd4	0.622290468678663	0.44157090556551	1	0.304	0.243	0.061
Reep3	0.622922999015075	0.293959753743732	1	0.249	0.205	0.044
Zfc3h1	0.623786012000588	-0.176360906290658	1	0.099	0.105	0.00599999999999999
AW554918	0.624256866841507	0.227816908146497	1	0.413	0.352	0.061
Atp10d	0.624695871134587	-0.174181032534441	1	0.379	0.357	0.022
Rbm26	0.625409362003948	-0.130188835030038	1	0.113	0.114	0.001
Cbfb	0.625462824645544	-0.306776402234455	1	0.106	0.119	0.013
Cul1	0.629164385139197	-0.180451064819646	1	0.13	0.148	0.018
Smg6	0.629506266661263	-0.180129731084044	1	0.451	0.443	0.00800000000000001
Ngly1	0.629835224742868	0.490022746013624	1	0.126	0.086	0.04
Bgn	0.630961658901713	-0.239423016603249	1	0.096	0.114	0.018
Ssh2	0.631551118903743	-0.238997795342013	1	0.369	0.405	0.036
Fam172a	0.632360228753181	-0.167072066887727	1	0.389	0.433	0.044
Kcnj8	0.633003726600316	0.377501549336486	1	0.184	0.148	0.036
Nrip1	0.635718822303381	-0.314227528379778	1	0.14	0.143	0.00299999999999997
Eva1c	0.636137711070762	0.570900104207893	1	0.109	0.067	0.042
Zzz3	0.636538605577583	0.145705464927483	1	0.106	0.1	0.00599999999999999
Gatm	0.636888946166325	0.16290620817701	1	0.195	0.167	0.028
Mrc2	0.638614690588441	-0.275270533347443	1	0.235	0.233	0.00199999999999997
Numb	0.639943432705187	0.178826438439458	1	0.164	0.152	0.012
Msantd2	0.641218856320348	-0.317388141780876	1	0.126	0.171	0.045
Cpne1	0.642024899577785	-0.860553246671584	1	0.092	0.138	0.046
Kcmf1	0.642390645711577	-0.123324444003116	1	0.167	0.181	0.014
Adcy9	0.643154738440306	0.134311478324542	1	0.413	0.348	0.065
Zkscan3	0.645969419829571	0.380196798016928	1	0.113	0.081	0.032
Ppp3ca	0.653129022703859	-0.186783458668879	1	0.253	0.257	0.004
Pik3c2a	0.654831867754869	0.295944102868061	1	0.201	0.157	0.044
Zfp609	0.65560909194925	0.374020554706366	1	0.16	0.133	0.027
Hip1	0.656041912384577	-0.139192127103826	1	0.358	0.371	0.013
Tln1	0.656059483385155	-0.180852434299979	1	0.137	0.148	0.011
Hey2	0.656856725598132	0.364884692322831	1	0.143	0.11	0.033
Wdfy3	0.657146404951182	-0.222471325347206	1	0.239	0.262	0.023
Chd2	0.657254198279167	-0.175273778997272	1	0.27	0.29	0.02
Amotl1	0.658209377175292	0.41809463506569	1	0.181	0.143	0.038
Supt16	0.659070558474419	-0.471020398716574	1	0.072	0.1	0.028
Zfx	0.660265279904007	-0.50082831276658	1	0.13	0.157	0.027
Otud7b	0.662837271340845	-0.572169909678641	1	0.078	0.114	0.036
Specc1l	0.664397371399357	-0.503717516572291	1	0.15	0.162	0.012
Tdrd3	0.664834730499542	0.450958794185253	1	0.13	0.095	0.035
Rbm5	0.666376161787853	-0.638235938849911	1	0.171	0.224	0.053
Scaf8	0.668740423332497	0.453621974740077	1	0.184	0.148	0.036
Bod1l	0.668925720025686	-0.117140127321234	1	0.133	0.124	0.00900000000000001
Snx18	0.672296216984226	0.157902792761656	1	0.102	0.1	0.00199999999999999
Pid1	0.673317165889198	-0.136550221373149	1	0.659	0.657	0.002
Pdlim3	0.674924266054042	-0.132403398090377	1	0.113	0.105	0.00800000000000001
Slc38a9	0.676566708087892	-0.569947605911169	1	0.072	0.1	0.028
Anapc1	0.676819446506233	-0.292302791807545	1	0.106	0.114	0.00800000000000001
Dmd	0.678038620995314	0.113767105403087	1	0.799	0.748	0.051
Sesn3	0.678158222087444	-0.638220214043777	1	0.078	0.1	0.022
Rbbp6	0.68149442124484	-0.130146341784034	1	0.15	0.143	0.00700000000000001
Tnrc6b	0.682138382201961	0.166787181555982	1	0.427	0.381	0.046
Rftn2	0.684600655260012	-0.448527722635638	1	0.116	0.138	0.022
Hnrnpr	0.68562216150891	0.192789210571815	1	0.352	0.314	0.038
Sik1	0.686859050220634	0.494579451364686	1	0.116	0.076	0.04
Gucy1a1	0.688091592890582	-0.12492103857939	1	0.392	0.371	0.021
Map3k20	0.689407291403871	0.253306684185114	1	0.573	0.524	0.0489999999999999
Dock1	0.690220395395686	-0.115034997947167	1	0.416	0.381	0.035
Cbfa2t2	0.691195956787159	-0.636796193521509	1	0.089	0.11	0.021
Rsu1	0.692801998212999	-0.211329942801076	1	0.27	0.29	0.02
Sgms1	0.692957242706741	0.299020594867492	1	0.205	0.171	0.034
Arfip1	0.693548341741156	0.128621279022966	1	0.174	0.148	0.026
Lbh	0.695175418841439	-0.111437488248469	1	0.191	0.176	0.015
Tmtc1	0.69547031090746	-0.320211963032058	1	0.126	0.148	0.022
Glg1	0.696051795149365	-0.183689939123797	1	0.102	0.133	0.031
Ncoa1	0.696736691675646	0.236762947184153	1	0.164	0.133	0.031
Stk3	0.702610987111381	-0.126301814194616	1	0.362	0.381	0.019
Pias1	0.705724209149717	-0.458014434746009	1	0.229	0.295	0.066
Hmg20a	0.7091943130976	0.262599430800514	1	0.205	0.176	0.029
Naalad2	0.709308769447906	0.225699695129122	1	0.229	0.181	0.048
Samhd1	0.7109848912929	0.588076099146263	1	0.123	0.076	0.047
Grm3	0.711966079757454	0.201734947384546	1	0.727	0.69	0.037
Sf3b1	0.712191078434051	-0.440879086883827	1	0.15	0.186	0.036
Parm1	0.715517695056126	-0.689952031253635	1	0.072	0.114	0.042
Ptbp3	0.71649395477506	-0.147741375670442	1	0.16	0.162	0.002
Fryl	0.717616762410226	0.223533538048861	1	0.16	0.148	0.012
Pcbp2	0.718149608673893	0.293833670282405	1	0.13	0.119	0.011
Cdh2	0.718538629374369	-0.12328859326498	1	0.201	0.224	0.023
Srsf11	0.72038142960265	0.406911732044939	1	0.14	0.095	0.045
Pdlim1	0.721707143496202	-0.262389762511374	1	0.133	0.133	0
Rnf169	0.725066456862052	-0.285912834791028	1	0.137	0.167	0.03
Uaca	0.725638859371683	0.456151172658235	1	0.276	0.195	0.081
Akap8l	0.725799242562735	-0.302876288170837	1	0.092	0.114	0.022
Abl1	0.727138943331212	-0.241258922260236	1	0.14	0.152	0.012
Shoc2	0.727953998761325	-0.262101932113452	1	0.14	0.157	0.017
Foxn3	0.728327432248929	0.18043905158669	1	0.249	0.205	0.044
Trip11	0.7291945819067	-0.444327223602191	1	0.109	0.124	0.015
Akap10	0.730217119199663	0.308130996093394	1	0.181	0.138	0.043
Phf20l1	0.730681145317873	-0.161291134301845	1	0.137	0.157	0.02
Prrx1	0.732840883236854	-0.258515619669388	1	0.123	0.143	0.02
Nhsl1	0.733079764731041	0.124780677474608	1	0.106	0.105	0.001
Mxd4	0.7338877917134	0.252216382685956	1	0.109	0.086	0.023
Arhgef17	0.733941738407545	0.102563716385677	1	0.304	0.267	0.037
Cop1	0.735299064388042	-0.323458202038582	1	0.123	0.143	0.02
Nisch	0.735982707669716	0.166868980344813	1	0.137	0.114	0.023
Hnrnpm	0.736962693106804	-0.299679875364895	1	0.154	0.167	0.013
Ttc23	0.739830250728256	0.475681772288764	1	0.15	0.119	0.031
Ptma	0.74387994699355	-0.453836472409952	1	0.078	0.1	0.022
Ptgds	0.744435448461729	-0.135258248289366	1	0.096	0.114	0.018
Adk	0.744853404126966	0.120166761790681	1	0.451	0.414	0.037
Tcf7l2	0.744858120201725	-0.133106720222936	1	0.191	0.195	0.004
Vwa8	0.748605874205135	0.478477576747014	1	0.123	0.095	0.028
Gigyf2	0.748728993350841	0.393374846307961	1	0.126	0.086	0.04
Rtn3	0.749582583763598	0.410497688268462	1	0.119	0.081	0.038
Syne2	0.749606636117494	0.137636998673559	1	0.392	0.357	0.035
Arih1	0.75037487105285	0.23763962278915	1	0.375	0.314	0.061
Smg1	0.751102310497097	0.19951366137303	1	0.167	0.157	0.01
Bbx	0.751104785551771	-0.229836410628572	1	0.191	0.2	0.00900000000000001
Akap8	0.751343289762144	-0.604130266323944	1	0.096	0.119	0.023
Srsf3	0.751462791742862	-0.86958015240254	1	0.078	0.124	0.046
Slc30a10	0.75356489237583	-0.113289823392972	1	0.338	0.343	0.005
Tnks	0.753621311947624	-0.299695855784728	1	0.089	0.11	0.021
Hnrnpa3	0.753855094418099	-0.404592119507658	1	0.253	0.314	0.061
Emcn	0.754041483159975	0.209952780631752	1	0.222	0.181	0.041
Pdxdc1	0.756266174961673	-0.540668031791284	1	0.137	0.162	0.025
Cpm	0.759052027279516	0.63475667389399	1	0.133	0.086	0.047
Rdx	0.759316598496003	0.510185716584759	1	0.126	0.09	0.036
Dip2c	0.76024584424898	0.301088502452341	1	0.338	0.271	0.067
Rapgef5	0.760258036923187	-0.141561370080993	1	0.672	0.681	0.00900000000000001
Uvrag	0.760726715242884	0.184002472563713	1	0.184	0.162	0.022
Ubn2	0.761153190195262	0.233242415138385	1	0.232	0.224	0.00800000000000001
Foxo3	0.761397199383921	0.509665522746041	1	0.102	0.076	0.026
Pde8a	0.761891414357347	0.350670442347843	1	0.16	0.143	0.017
Ttc14	0.761991746118076	0.353095325338692	1	0.212	0.162	0.05
Arid1a	0.762375400532615	-0.144638560459269	1	0.229	0.214	0.015
Atp10a	0.763778425950172	-0.308810915576182	1	0.092	0.105	0.013
Tbx18	0.765870469180831	0.146182912508252	1	0.225	0.195	0.03
Srpr	0.766621461333316	-0.352971974134147	1	0.096	0.105	0.00899999999999999
Btbd9	0.766687697395607	-0.434894849986082	1	0.109	0.119	0.01
Wipf1	0.767833196570479	0.21671425975258	1	0.304	0.29	0.014
Cd2ap	0.768541202346497	0.238392625448609	1	0.198	0.162	0.036
Atf7	0.768652444585854	0.115611040110235	1	0.28	0.243	0.037
Zfp644	0.768735827970132	0.500109303687833	1	0.167	0.124	0.043
Irf2	0.771491635315719	0.173832343076867	1	0.177	0.162	0.015
Apoe	0.772202393489908	0.17964015550853	1	0.208	0.2	0.00799999999999998
Cwf19l2	0.77262831907684	0.204822648011015	1	0.181	0.152	0.029
Ube2d3	0.773411136969852	0.100392028515775	1	0.177	0.152	0.025
Crlf3	0.773821181790844	-0.547761647352679	1	0.188	0.233	0.045
Apba1	0.775739367612114	-0.323545432607396	1	0.106	0.124	0.018
Dock6	0.777522872459597	0.215406092400635	1	0.635	0.571	0.0640000000000001
Acin1	0.777878098401112	-0.486777222450803	1	0.113	0.138	0.025
Ip6k1	0.778825604034603	-0.214851733703392	1	0.14	0.148	0.00799999999999998
Csrp1	0.780187202382128	0.368655082860934	1	0.133	0.114	0.019
Adgre5	0.780561100617986	-0.553979476084671	1	0.126	0.152	0.026
Eda	0.78118480540863	0.3245572784821	1	0.133	0.11	0.023
Snd1	0.782112528268762	-0.214076834402769	1	0.201	0.19	0.011
Arcn1	0.783857756350901	0.37776350037022	1	0.126	0.095	0.031
Dhx15	0.784871684223885	0.120529801256456	1	0.106	0.1	0.00599999999999999
Epb41l2	0.784997172633593	0.103812373652242	1	0.577	0.552	0.0249999999999999
Prpf6	0.785317956052072	0.215495091666457	1	0.113	0.081	0.032
Thsd7a	0.787282187533469	0.884939806305395	1	0.164	0.133	0.031
Arhgap6	0.78761646275286	-0.107547610943996	1	0.805	0.81	0.005
Zmym4	0.788480832692783	-0.200920161301687	1	0.119	0.119	0
Itpkb	0.789125567183265	-0.297503306599453	1	0.177	0.21	0.033
Gng12	0.792006803657754	-0.503012639469814	1	0.157	0.195	0.038
Zc3h12b	0.793401093997955	0.580319457993218	1	0.102	0.071	0.031
Arnt	0.79526454902353	0.129360083975965	1	0.137	0.119	0.018
Ptpn22	0.797280177558693	-0.203942070134099	1	0.089	0.11	0.021
Dstn	0.797864007086834	0.158625122730152	1	0.143	0.124	0.019
Serbp1	0.798678987026861	0.319764177265658	1	0.113	0.081	0.032
Kdm6a	0.800092005315201	0.230386666462808	1	0.171	0.138	0.033
Bmp5	0.800122837060901	-0.159281080731027	1	0.218	0.224	0.00600000000000001
Thrap3	0.800441385012208	0.530064125535984	1	0.184	0.133	0.051
Pot1b	0.801614685069781	0.113550261632353	1	0.123	0.11	0.013
Katnbl1	0.802173606837493	-0.316770044849704	1	0.096	0.1	0.004
Ehbp1	0.805012611036719	-0.271985723881695	1	0.177	0.167	0.00999999999999998
Med13l	0.806789055703763	0.338089389521081	1	0.102	0.076	0.026
Fbxl3	0.808173743403047	0.555050401675917	1	0.102	0.076	0.026
Rnf111	0.810544702249552	-0.435838509837982	1	0.089	0.105	0.016
Dnajc1	0.811038627637221	-0.198880381016313	1	0.345	0.324	0.021
Thoc2	0.811082543365434	-0.499667025493295	1	0.147	0.19	0.043
Epb41	0.813887064174766	0.139464525055683	1	0.106	0.095	0.011
Inpp5a	0.81438564179128	0.229003339021412	1	0.253	0.229	0.024
Baz2a	0.816817545648464	-0.478574132507559	1	0.13	0.176	0.046
Add3	0.816882342666002	-0.161178845712451	1	0.218	0.219	0.001
Dlg2	0.819112175126863	-0.373139282317419	1	0.15	0.195	0.045
Pcdh19	0.820922767960364	-0.694916538614446	1	0.164	0.233	0.069
Btrc	0.82115873073951	-0.406916636131516	1	0.188	0.229	0.041
Swt1	0.82330963790438	0.393151917718553	1	0.14	0.114	0.026
Sik3	0.824266310332941	0.246637062167583	1	0.321	0.295	0.026
Rabgap1	0.8267370473088	0.197891017940641	1	0.167	0.148	0.019
Osbpl8	0.829243770505616	0.128449806145694	1	0.109	0.11	0.001
Adnp	0.830968187081486	-0.412081369740874	1	0.078	0.114	0.036
Sfmbt1	0.83382667579822	-0.203328270207754	1	0.116	0.119	0.00299999999999999
Sh3d19	0.835929201700482	-0.328890357708382	1	0.201	0.219	0.018
Zbtb38	0.838154454698752	0.138657248234458	1	0.157	0.129	0.028
Nek7	0.839020049056904	-0.174941171137269	1	0.201	0.21	0.00899999999999998
Nbeal1	0.839175530616728	-0.146264042263278	1	0.611	0.624	0.013
C2cd2	0.839548341338462	0.3572381298895	1	0.174	0.143	0.031
Ubxn7	0.839593131525636	-0.286571801292511	1	0.137	0.148	0.011
Dennd4c	0.839743591917741	0.273191179586613	1	0.208	0.167	0.041
Celf1	0.843664444765077	0.141247203486173	1	0.154	0.138	0.016
Enah	0.846604057642299	0.208944094911176	1	0.143	0.148	0.005
Rgma	0.848741242288691	-0.148341800264023	1	0.177	0.195	0.018
Agfg1	0.848754589374778	-0.123288969030676	1	0.137	0.138	0.001
Ralgapa2	0.851289514374798	0.324446925388538	1	0.14	0.124	0.016
Tgfbr2	0.853227217340258	0.176155648528291	1	0.133	0.124	0.00900000000000001
Clint1	0.855891645595645	0.234135412332272	1	0.14	0.11	0.03
Kmt2c	0.857690217302749	-0.113890967032377	1	0.386	0.39	0.004
Rsbn1l	0.858639955211197	-0.250985681485435	1	0.177	0.181	0.004
Kpna4	0.861136967802344	0.337420957631618	1	0.164	0.133	0.031
Trip12	0.861178891677128	-0.186704292032117	1	0.184	0.186	0.002
Lrrc58	0.86271881168992	0.128619909902341	1	0.133	0.119	0.014
Ptpn14	0.865854976180908	-0.533757072219642	1	0.133	0.157	0.024
Hnrnph3	0.86768634479893	-0.271581321210931	1	0.123	0.138	0.015
Dicer1	0.869178963970533	-0.265113533701254	1	0.102	0.114	0.012
Tm4sf1	0.871326328995245	0.481682341156548	1	0.109	0.081	0.028
Lmod1	0.872039757352189	-0.180907078630723	1	0.15	0.157	0.00700000000000001
Scaf11	0.872905149316382	-0.336194099785204	1	0.113	0.129	0.016
Taf15	0.875091311909923	-0.296404668206285	1	0.099	0.11	0.011
Nfib	0.875142703199705	-0.189698014287776	1	0.184	0.2	0.016
Dnm2	0.875392559529279	-0.502040467849483	1	0.085	0.105	0.02
Fam118a	0.877962053984798	-0.189034757923725	1	0.133	0.152	0.019
Tab2	0.878042542299425	-0.316527531522112	1	0.085	0.1	0.015
Tom1l2	0.880523853562503	-0.225046893606254	1	0.113	0.114	0.001
Rasal2	0.881321720738616	-0.168658119182982	1	0.427	0.419	0.00800000000000001
Zbtb7c	0.88518110471997	0.272978321264475	1	0.218	0.2	0.018
Ktn1	0.885232848356226	-0.112216215108033	1	0.16	0.181	0.021
Apobec1	0.88615981711277	0.111923689660704	1	0.13	0.119	0.011
Raf1	0.886233778685458	-0.191446017527871	1	0.096	0.11	0.014
Ulk2	0.886571381359526	-0.485530826975915	1	0.106	0.11	0.004
Setd2	0.887206428114212	0.189231234767786	1	0.119	0.114	0.00499999999999999
Lrrfip2	0.887677853687713	-0.365660283410679	1	0.106	0.114	0.00800000000000001
Eva1b	0.889790763276495	-0.191649340312823	1	0.096	0.114	0.018
Fto	0.891645001566495	0.195607915541898	1	0.27	0.233	0.037
Nemf	0.89501314765678	-0.170787619768382	1	0.106	0.114	0.00800000000000001
Herc1	0.895211112075716	-0.114411378482793	1	0.181	0.176	0.005
Col4a3	0.89620397192147	-0.108148227323411	1	0.256	0.271	0.015
Mbtd1	0.896582845315952	-0.115605526064667	1	0.096	0.1	0.004
Ptprd	0.896922797383089	-0.177449064425374	1	0.167	0.19	0.023
Trappc9	0.897095732355227	0.135154894075954	1	0.116	0.11	0.00600000000000001
Brwd1	0.900078590628464	-0.89667423202011	1	0.089	0.143	0.054
Pkd1	0.903142573894964	-0.300202201028226	1	0.14	0.162	0.022
Filip1	0.903543087688807	0.201983060451261	1	0.235	0.233	0.00199999999999997
Abcd3	0.905056027775357	0.441923317570796	1	0.119	0.081	0.038
Foxd1	0.907293403030758	0.148995912748462	1	0.113	0.1	0.013
Sp1	0.908307631098449	0.206029305863403	1	0.15	0.133	0.017
Tpm4	0.90919522884573	0.316320018777499	1	0.123	0.105	0.018
Ube2d2a	0.909355875690632	0.198328187313048	1	0.113	0.086	0.027
Bptf	0.911681097277524	0.264080708761101	1	0.14	0.114	0.026
Pals1	0.911817627783992	-0.210437153845613	1	0.123	0.133	0.01
Ccar1	0.912631629264511	-0.124806760442048	1	0.106	0.124	0.018
Agap1	0.913469205894368	-0.195293668487211	1	0.191	0.181	0.01
Cd81	0.914738726149972	0.242070846201126	1	0.137	0.119	0.018
Arl15	0.914879921624975	0.197128404168924	1	0.167	0.148	0.019
Sipa1	0.91745020774947	0.224818460798367	1	0.123	0.119	0.004
Atg10	0.917488214373601	0.16827578044438	1	0.137	0.133	0.004
Ppp2r5a	0.918314028938543	0.235250094868376	1	0.143	0.114	0.029
Map3k3	0.9186847104995	0.164142083388909	1	0.201	0.176	0.025
Clybl	0.920059774419902	-0.208547416249033	1	0.133	0.152	0.019
Stx8	0.921847759600154	-0.393005578497054	1	0.113	0.143	0.03
Bmpr2	0.922579067560916	-0.481409150470589	1	0.164	0.21	0.046
Pcnx	0.925372813209438	0.221317323970344	1	0.102	0.1	0.00199999999999999
Aspn	0.926994578287	0.222522080687294	1	0.249	0.214	0.035
Igfbp7	0.929841230432887	0.154872189126536	1	0.652	0.614	0.038
Pip5k1b	0.930571561536614	-0.125238585187011	1	0.532	0.548	0.016
Cfdp1	0.933922225881308	0.130262502853098	1	0.143	0.11	0.033
Ifnar2	0.9340531639106	0.284401380414084	1	0.119	0.09	0.029
Ptpn4	0.936752230992548	-0.17463760764037	1	0.119	0.105	0.014
Cnot2	0.937530387110595	0.404297452067073	1	0.13	0.105	0.025
Ccnl2	0.937671173115404	0.327890394090324	1	0.246	0.181	0.065
Cecr2	0.940069594599436	0.532226310858827	1	0.147	0.1	0.047
Ep300	0.943319424339451	0.424230290780021	1	0.133	0.1	0.033
Peli1	0.943588669225379	-0.154310672375944	1	0.116	0.119	0.00299999999999999
Scmh1	0.945342072369727	0.302907095551288	1	0.249	0.2	0.049
Rhoa	0.945941975948328	0.23997329002713	1	0.133	0.114	0.019
Gtf2i	0.948126117803717	0.222017395362381	1	0.109	0.086	0.023
Pcp4l1	0.951897705682941	-0.117376311583216	1	0.15	0.148	0.002
Spaca6	0.955456785657703	-0.102066273985475	1	0.123	0.119	0.004
L3mbtl3	0.956903980679856	0.411585491270053	1	0.109	0.086	0.023
Ttc28	0.95903497080579	0.121979116396361	1	0.481	0.452	0.029
Cpq	0.959542128780956	0.108862962735411	1	0.331	0.31	0.021
Ptk2	0.961524042347712	-0.203806352777662	1	0.433	0.462	0.029
Lnpep	0.967559686628555	0.147295080773065	1	0.126	0.119	0.00700000000000001
A4galt	0.968138188763741	0.236394732242361	1	0.273	0.224	0.049
Npepl1	0.969090052511635	0.171012287179664	1	0.119	0.114	0.00499999999999999
Ttc3	0.969831702987401	0.809447607699463	1	0.137	0.076	0.061
Limd1	0.96998910735723	-0.124001916852666	1	0.433	0.448	0.015
Cdc42bpa	0.970935409358729	0.154201342656138	1	0.259	0.229	0.03
Slc10a7	0.972777705449696	-0.261315518713976	1	0.133	0.133	0
Bbs9	0.976228201374353	-0.186633664614009	1	0.14	0.148	0.00799999999999998
Creb5	0.977172468802818	-0.124502717525209	1	0.106	0.119	0.013
Prdm2	0.978059662480974	-0.209381282688204	1	0.089	0.1	0.011
Inpp4b	0.978226401430806	0.113483978571009	1	0.775	0.743	0.032
Flna	0.983177858229058	0.141376305433135	1	0.29	0.286	0.004
Dennd1b	0.983852635975275	0.301245136620725	1	0.157	0.138	0.019
Phf20	0.984106043651909	-0.182398310961019	1	0.16	0.162	0.002
Pcdh9	0.985942927578243	-0.30241832976999	1	0.222	0.262	0.04
Rbm6	0.991751603368363	-0.123493195947048	1	0.256	0.252	0.004
Msrb3	0.992287060524218	0.239712603027523	1	0.3	0.267	0.033
Rps6kb1	0.993442386129046	0.10647818447087	1	0.119	0.11	0.00899999999999999
Gcc2	0.993827717414315	0.255068446781338	1	0.126	0.124	0.002
Nsd3	0.99582765564435	-0.164742727590001	1	0.225	0.238	0.013
Ncl	0.998243135407057	-0.161920260636961	1	0.113	0.119	0.00599999999999999
Pank2	0.998318565186928	-0.252865072902733	1	0.109	0.124	0.015
