gene	p_val	avg_log2FC	p_val_adj	percent_PS19	percent_WT	percent_difference
Ptpn9	1.43973733303216e-06	1.41533104666278	0.0257972135332702	0.424	0.216	0.208
Tbl1x	3.64307336488878e-05	-0.914804471399634	0.652765885520771	0.286	0.404	0.118
Nup153	4.17150899328695e-05	-2.67637846379512	0.747450981417155	0.031	0.113	0.082
Ubr5	6.26124002788258e-05	1.60035572562568	1	0.269	0.113	0.156
Med13	7.57897049244541e-05	-1.2652934243652	1	0.138	0.272	0.134
Fbxl20	8.19886275150499e-05	1.31301834241978	1	0.114	0.038	0.076
Abl1	0.000232538378074283	0.557482752787609	1	0.186	0.089	0.097
Zbtb38	0.000431680552158571	0.791484192588695	1	0.183	0.094	0.089
Prr5l	0.000454076577537087	2.00901097023913	1	0.121	0.033	0.088
Rc3h2	0.000474023875065398	-2.15178379161823	1	0.041	0.122	0.081
Akap10	0.000705017134208749	0.795801999709013	1	0.207	0.103	0.104
Zfp638	0.000774473282043721	1.23980678386087	1	0.266	0.122	0.144
Col18a1	0.000864851257279127	1.93637747093256	1	0.117	0.033	0.084
Btbd3	0.000893812687345004	1.15401795619346	1	0.245	0.108	0.137
Aff4	0.000934080181847625	-0.776842951304939	1	0.179	0.254	0.075
Septin7	0.000990774671326037	-0.446689682755129	1	0.548	0.634	0.086
Epb41	0.00111747396706852	0.809819510134745	1	0.134	0.056	0.078
Ccdc191	0.00123365614293663	-2.43314121561335	1	0.034	0.122	0.088
Pag1	0.00125053844255577	-1.11017861916177	1	0.055	0.108	0.053
Fxr1	0.00134379487806421	1.49774788632678	1	0.138	0.052	0.086
Dock9	0.00139326912682418	0.181306493584052	1	0.231	0.141	0.09
Fbxw11	0.00150457784816708	1.06931634149702	1	0.2	0.108	0.092
Ldlrad4	0.00153345461557442	0.549063859630369	1	0.31	0.197	0.113
Zfp207	0.00156058099257009	-0.704066907490714	1	0.086	0.103	0.017
Bclaf1	0.00159246095161446	-0.988058244773567	1	0.162	0.254	0.092
Taok1	0.00160519191878161	-1.04685609443407	1	0.11	0.188	0.078
Trpc3	0.0017038763949784	-0.258988230110073	1	0.638	0.732	0.094
Fam117b	0.00172631721469928	-0.501785562933992	1	0.155	0.155	0
Atp2c1	0.00202771680819853	-0.860451116940917	1	0.086	0.15	0.064
Zeb2	0.0020946632475018	-0.440698465945883	1	0.403	0.549	0.146
Eif4a2	0.00248662946392946	-0.234634788332195	1	0.148	0.131	0.017
Tmcc1	0.00251688864879336	-0.503067169746527	1	0.276	0.343	0.067
Anapc1	0.00254109919991133	1.65412158309468	1	0.145	0.061	0.084
Rere	0.00255296664179747	0.487887935285833	1	0.61	0.474	0.136
Sema6d	0.00270257216544148	-1.99706686621651	1	0.045	0.127	0.082
Plcb4	0.00270840621608882	0.222488933772139	1	0.379	0.268	0.111
Chd1	0.00271593566894987	0.347114686001648	1	0.114	0.07	0.044
Srek1	0.00284683452539964	1.00745778105767	1	0.19	0.094	0.096
Atosa	0.00288493948983393	0.693204856896639	1	0.314	0.197	0.117
Insr	0.00298484309146413	1.02680353069415	1	0.362	0.202	0.16
Inpp5a	0.00322836106944486	0.795587115604932	1	0.279	0.192	0.087
Trps1	0.00344945327172352	-0.780867633868509	1	0.345	0.507	0.162
Map3k20	0.00366261647648782	0.319407031309098	1	0.593	0.498	0.095
Sesn1	0.00373944952497067	0.897998895331574	1	0.21	0.122	0.088
Ehmt1	0.00384115545602774	-1.01144010430398	1	0.121	0.23	0.109
Aopep	0.00396520774794812	0.661885953817432	1	0.469	0.324	0.145
Ptpra	0.0040022684742772	-1.60286348424278	1	0.045	0.103	0.058
Tmem45a	0.00409515699280351	-0.542853279217753	1	0.11	0.202	0.092
Smarca2	0.0041435307626707	1.22353666204553	1	0.1	0.038	0.062
Srcap	0.00426161361019145	1.16897422166374	1	0.145	0.07	0.075
Cnot10	0.00426319601674022	1.54483550744757	1	0.114	0.042	0.072
Prr14	0.00438143930242764	0.902172047265267	1	0.117	0.052	0.065
Cacna1c	0.00450321988798372	0.268787990442108	1	0.903	0.92	0.017
Cop1	0.00451607261252298	-0.997109507346601	1	0.117	0.15	0.033
Ythdc1	0.00492354222844761	-1.07883521406192	1	0.141	0.23	0.089
Rasa1	0.00497768284159243	-1.51178651173059	1	0.069	0.136	0.067
Coro2b	0.00504007165512729	-1.40482517511126	1	0.055	0.136	0.081
Septin8	0.00506805393629324	-0.499122487216629	1	0.107	0.113	0.00600000000000001
Gucy1b1	0.0056595317157225	-0.506148868811858	1	0.428	0.582	0.154
Zfp407	0.00568010383913733	1.18953012535213	1	0.21	0.103	0.107
Adcy5	0.00606195830157551	1.39482102417796	1	0.131	0.056	0.075
Uqcc1	0.00619530167102856	1.68466783249796	1	0.117	0.033	0.084
Tacc1	0.00622586030086585	-0.268440093427387	1	0.369	0.357	0.012
Mkln1	0.00631213218674962	0.363853932908038	1	0.366	0.263	0.103
Lrp1	0.00643067718889089	-0.824266108529663	1	0.114	0.178	0.064
Phlpp1	0.00654288956099773	0.694007379681364	1	0.469	0.362	0.107
Nt5c2	0.00660156242938625	0.344551621501908	1	0.176	0.108	0.068
Setd2	0.00676090897308583	-0.617599060970869	1	0.117	0.117	0
Phf3	0.00687213242626243	-0.87328925918779	1	0.114	0.146	0.032
Dst	0.00692784019083748	0.436310785665619	1	0.362	0.277	0.085
Slc24a3	0.00697744188112569	-0.989632604698352	1	0.166	0.23	0.064
Ptgis	0.00700487385696777	-0.200224951619099	1	0.117	0.07	0.047
Crebbp	0.00712487090210059	-0.381974440474762	1	0.393	0.432	0.039
Lats2	0.00743332122951307	0.675705480268598	1	0.183	0.117	0.066
Asxl1	0.00744308858217497	0.625630860434928	1	0.176	0.113	0.063
Ppp1r12b	0.00803061800707566	0.401305484151163	1	0.324	0.216	0.108
Tdrd3	0.0081664665701059	0.192717918554265	1	0.131	0.094	0.037
Hdac9	0.00827796218290087	-0.274116352498737	1	0.141	0.108	0.033
Gpc3	0.00839421316056149	-0.568525450677609	1	0.255	0.315	0.06
Csnk1g1	0.0084897817093677	1.06203226993386	1	0.248	0.131	0.117
Map2k5	0.0086597038233218	-0.818960653512327	1	0.097	0.122	0.025
Dock10	0.00877200346933161	0.597065891422844	1	0.41	0.291	0.119
Stxbp3	0.0092822797775433	0.653907278720622	1	0.107	0.056	0.051
Pakap	0.00931304069998646	1.25656410595818	1	0.11	0.047	0.063
Prpf39	0.00951586649504872	0.711509902996065	1	0.179	0.099	0.08
Fam110b	0.00978388206712321	0.925547104505813	1	0.148	0.07	0.078
Actn4	0.0100359029213587	0.646699486720672	1	0.341	0.225	0.116
Lrrc8c	0.0101603549330673	-1.18085445383691	1	0.069	0.131	0.062
Ncoa3	0.0101791002847655	0.184120034083764	1	0.224	0.174	0.05
Bmp2k	0.0103897709767445	-0.961489597093909	1	0.072	0.108	0.036
Mllt3	0.0104696978158755	0.536765700933705	1	0.586	0.474	0.112
Arhgef6	0.0105412610749065	-0.581239197194489	1	0.221	0.249	0.028
Plxdc1	0.0108656110946739	-0.479004259637373	1	0.307	0.352	0.045
Ralgapa2	0.0111730799991197	1.27713011805538	1	0.166	0.089	0.077
Fbxo42	0.0113047522015934	1.34410340280557	1	0.121	0.047	0.074
Tnrc6a	0.0115311496936388	0.595188048744197	1	0.331	0.263	0.068
Erc1	0.011845926271624	1.40014055787548	1	0.107	0.038	0.069
Arhgef7	0.0120508837969458	1.18508721615933	1	0.124	0.052	0.072
Cul1	0.0125613076597801	-1.02538151139051	1	0.11	0.174	0.064
Tmem87b	0.0127077208354603	-1.18117452915681	1	0.062	0.113	0.051
Ppp2r5e	0.0130459349738927	-0.676484495871935	1	0.107	0.127	0.02
Gnaq	0.0131103101593777	-0.835403673453297	1	0.117	0.15	0.033
Ptgds	0.0131961325378291	-1.20975109668027	1	0.066	0.155	0.089
Tbx18	0.0133761873821999	0.195146714713854	1	0.234	0.183	0.051
Enox2	0.0133823523640676	-0.188328300737014	1	0.207	0.183	0.024
Pbx1	0.0140667274855127	-0.25724845885664	1	0.507	0.516	0.00900000000000001
Actn1	0.0143372986820292	1.11932225716747	1	0.134	0.061	0.073
Pkn1	0.0144440023861511	0.374965989137783	1	0.134	0.08	0.054
Lnpep	0.014666866955273	-1.00603757243788	1	0.103	0.15	0.047
Prickle1	0.0147436173557575	-0.877546195837116	1	0.062	0.103	0.041
Rabgap1	0.015067777185615	0.840444355915642	1	0.186	0.122	0.064
Fryl	0.015460905091104	1.14722447993464	1	0.186	0.113	0.073
Lcor	0.0154770816548944	0.744235219776173	1	0.152	0.094	0.058
Brwd1	0.0155112587302586	-0.363273628055069	1	0.093	0.136	0.043
Fars2	0.0155560571896787	0.651820423246206	1	0.152	0.094	0.058
Arap2	0.0157777940209632	-0.699082374569848	1	0.21	0.286	0.076
Ints8	0.0158321905471435	1.47564848507044	1	0.145	0.056	0.089
Amn1	0.0158613452098216	-0.945043821900471	1	0.107	0.155	0.048
Mbd5	0.0160883004958029	-0.68603867441217	1	0.224	0.282	0.058
Syne1	0.01646998743971	0.240496995425386	1	0.566	0.498	0.0679999999999999
Pdcd10	0.0165685623686887	0.679808651316832	1	0.2	0.122	0.078
Spag9	0.017781877416458	0.622755362955147	1	0.186	0.131	0.055
Cnot2	0.0179376867656147	0.282655956742707	1	0.138	0.094	0.044
Rapgef3	0.0179954362990563	0.815361168161087	1	0.107	0.07	0.037
Smg1	0.0181931357459203	-0.263930754636923	1	0.172	0.15	0.022
Jak1	0.0183963313205607	-0.636683941859183	1	0.19	0.239	0.049
Smc6	0.0184233859792936	0.929365065908024	1	0.197	0.108	0.089
Kalrn	0.0184918654103255	1.27735593807136	1	0.159	0.08	0.079
Ralgapa1	0.0189653500227921	0.63945317441922	1	0.441	0.291	0.15
Usp9x	0.0191406535614293	-0.459308989585745	1	0.19	0.211	0.021
Pcmtd1	0.0192753404115465	0.894560587181128	1	0.166	0.089	0.077
Nfkb1	0.0194018551884929	-1.34319352228551	1	0.117	0.216	0.099
Sik1	0.0196393480588933	1.14331031681541	1	0.124	0.066	0.058
Arhgef11	0.0198738913243103	-0.485048669856884	1	0.162	0.178	0.016
Col4a2	0.0201923619072648	0.690071305587091	1	0.248	0.141	0.107
Rapgef6	0.0210237692082563	0.220688875343788	1	0.172	0.127	0.045
C2cd2	0.0210968143614768	0.710611603752856	1	0.197	0.113	0.084
Mylk	0.0212344030165209	0.299973798248632	1	0.486	0.413	0.073
Focad	0.0217657005108263	0.355580968362701	1	0.124	0.085	0.039
Rsrc2	0.0219042092172457	-0.755670792205773	1	0.093	0.127	0.034
Macf1	0.0220599683004259	-0.333157692381894	1	0.472	0.493	0.021
Urgcp	0.0230862686902786	-0.536593280632003	1	0.093	0.108	0.015
Cyp7b1	0.0231072202364691	0.112830371085413	1	0.272	0.357	0.085
Map3k7cl	0.0231652356745041	1.48718507074211	1	0.103	0.042	0.061
Ncl	0.0233399465470304	-0.788204781724455	1	0.083	0.16	0.077
Grk3	0.0241397398953225	1.19298901441378	1	0.162	0.075	0.087
Fmnl2	0.0242955777584766	0.53945416078444	1	0.2	0.141	0.059
Vapa	0.0243056347188162	-1.32898696692435	1	0.052	0.113	0.061
Dlc1	0.0243331953469809	-0.190123676528517	1	0.997	0.995	0.002
Ano4	0.0243741239790652	0.545544094689856	1	0.459	0.38	0.079
Stard13	0.0247275399940311	0.205317355191793	1	0.455	0.502	0.047
Fgf1	0.0252788078614851	0.525648641341917	1	0.162	0.089	0.073
Babam2	0.025797425655476	-1.07845712971638	1	0.145	0.23	0.085
Abcb7	0.0258348539493303	0.245235878297925	1	0.121	0.08	0.041
Myl9	0.026333544724306	0.901295934818548	1	0.231	0.127	0.104
Map4k4	0.0276954421517153	-0.487162215631881	1	0.241	0.291	0.05
Fcho2	0.0280174545664765	-0.725904143980681	1	0.283	0.38	0.097
Mical3	0.0290027967339208	1.48856490978499	1	0.152	0.07	0.082
Dpysl3	0.0295463166934728	0.412741576983027	1	0.114	0.061	0.053
Lin7a	0.0296150394848137	0.774289438452582	1	0.476	0.357	0.119
Fnip2	0.0296705216801313	0.370692403152015	1	0.114	0.07	0.044
Brd8	0.0305286365725126	-1.09563330558366	1	0.055	0.108	0.053
Enpep	0.0306754666651091	-0.811237220843179	1	0.19	0.268	0.078
Itsn2	0.0309728488209757	-1.1214483464382	1	0.069	0.15	0.081
Birc6	0.0312289562484877	-0.145815724056403	1	0.29	0.254	0.036
Pik3r1	0.031472923217031	-0.236335773062117	1	0.362	0.357	0.005
Wnk1	0.0316670339584759	-0.457294982430118	1	0.238	0.324	0.086
Tln1	0.0319181920873064	0.640878459859987	1	0.169	0.103	0.066
Kctd1	0.0328659157592692	0.495187071692374	1	0.186	0.127	0.059
Pan3	0.0330073982718848	0.43977587943017	1	0.431	0.319	0.112
Zzef1	0.0336543090755312	-0.773729033235245	1	0.093	0.108	0.015
Pdzrn3	0.033951433995961	-0.263049260469098	1	0.286	0.286	0
Agl	0.0341035245468067	-1.08479873015279	1	0.062	0.113	0.051
Timp3	0.0342998226739185	0.496545285991031	1	0.134	0.08	0.054
Sh3d19	0.0346620752885633	0.843681040707212	1	0.248	0.155	0.093
Runx1t1	0.0347546554924286	0.219145697451893	1	0.183	0.131	0.052
Wwc2	0.034754677696439	0.794459612531102	1	0.203	0.108	0.095
Nr3c2	0.0348824870791324	0.347035747694875	1	0.472	0.376	0.096
Dhx15	0.0350112975426087	0.706278514749065	1	0.128	0.07	0.058
Ntn4	0.035843085471952	0.191104826868109	1	0.279	0.197	0.082
Hmbox1	0.0360891336907496	0.554211846847149	1	0.238	0.174	0.064
Platr25	0.0361179916012309	-0.731539964397296	1	0.062	0.117	0.055
Fam193a	0.0361767157688815	0.106431571735041	1	0.331	0.277	0.054
Ntrk3	0.0372738043876258	0.83742579617488	1	0.134	0.066	0.068
Lsm14a	0.0373609420189447	-0.765191162871383	1	0.114	0.136	0.022
Ryk	0.0386030122226134	0.859885996780314	1	0.172	0.117	0.055
Ywhaq	0.0387291112341452	-0.795136425877422	1	0.103	0.146	0.043
Spidr	0.0394511156432856	0.760195572374719	1	0.121	0.066	0.055
Eif4g3	0.0397689822493725	-0.773834827760503	1	0.103	0.174	0.071
Eln	0.0397994177381259	1.13346059677875	1	0.162	0.089	0.073
Ttc23	0.039858284832458	0.158009954456944	1	0.159	0.108	0.051
Acsl1	0.0399563241196406	-0.451853365073832	1	0.183	0.244	0.061
Cep112	0.0402687797248744	-0.396899442849059	1	0.221	0.3	0.079
Ss18	0.0410849328505114	0.398103663860515	1	0.131	0.089	0.042
Fip1l1	0.0413042387815099	0.694544377059379	1	0.114	0.061	0.053
Tgfb2	0.0414319487665818	0.368422569621953	1	0.138	0.089	0.049
Hif1a	0.0420865420752172	0.358260918019027	1	0.128	0.075	0.053
Bod1l	0.0426558007039073	-0.602341937269188	1	0.114	0.15	0.036
Khdrbs1	0.0457350550741969	0.426171174245116	1	0.141	0.085	0.056
Ints6l	0.0460675150506149	0.306457527157949	1	0.186	0.127	0.059
Nt5dc1	0.0461889074459536	-0.655386365945167	1	0.134	0.169	0.035
Kdm4c	0.0463929334919717	-0.124665517955139	1	0.107	0.094	0.013
Nbl1	0.0464669430650159	0.696686511839254	1	0.131	0.08	0.051
Btaf1	0.0464761627670972	-0.17154204019351	1	0.103	0.08	0.023
Akap12	0.0465863951991317	0.677202474621008	1	0.272	0.197	0.075
Jarid2	0.0471926283045523	-0.420901229101709	1	0.138	0.155	0.017
Prpf4b	0.0472615538780796	0.619687908214761	1	0.383	0.239	0.144
Ccdc3	0.0473935680662454	0.762845797772158	1	0.138	0.089	0.049
Zfyve9	0.047897927110716	1.40311224986856	1	0.128	0.061	0.067
Fam135a	0.0481524308877141	-0.126130381424809	1	0.138	0.127	0.011
Pde3a	0.0481621974213788	0.378153745026515	1	0.528	0.423	0.105
Wwp2	0.0486539615361195	0.869913161690731	1	0.1	0.052	0.048
Arhgap6	0.0493826063345137	-0.109083398960476	1	0.824	0.784	0.0399999999999999
Rapgef4	0.0496845244510766	0.440457327270288	1	0.272	0.202	0.07
Terf1	0.0498601612429383	0.602747837929296	1	0.131	0.085	0.046
Ddx50	0.0502484886061307	0.472462031799437	1	0.159	0.099	0.06
Zup1	0.0503375356779189	-0.623233943650551	1	0.117	0.183	0.066
Ece1	0.0504994141879402	-0.528053160035905	1	0.221	0.249	0.028
Nr1d2	0.0508572224475746	0.403442346502283	1	0.359	0.291	0.068
Phactr4	0.0512231295705137	-0.74556078592354	1	0.097	0.131	0.034
Luc7l2	0.05129146121223	0.130762152802864	1	0.738	0.662	0.076
Mast4	0.0522222013417054	-0.22017433696637	1	0.89	0.939	0.0489999999999999
Clip1	0.052342374921967	-0.372127001423715	1	0.1	0.122	0.022
Fancc	0.0525241900355914	1.12882929399986	1	0.103	0.042	0.061
Camk2g	0.0529055228067933	-0.103351870875581	1	0.166	0.131	0.035
Ctdsp2	0.0535008444323794	0.942912236764758	1	0.1	0.042	0.058
Fzd6	0.0543278942012782	-0.301512292924461	1	0.324	0.343	0.019
Zfp362	0.0545556325462212	-0.266385643423792	1	0.107	0.108	0.001
Lyn	0.0545917185582238	-0.896432522471746	1	0.093	0.178	0.085
Ptk7	0.0546833992930603	-0.724928545052623	1	0.069	0.113	0.044
Kif13b	0.0549755189672123	-0.774689829475841	1	0.131	0.178	0.047
Itga8	0.0554762050929637	1.34168953279942	1	0.1	0.066	0.034
Uvssa	0.0557212426505397	-0.974838885569681	1	0.072	0.131	0.059
Dnajc7	0.0559006455633854	-0.41129897882694	1	0.103	0.113	0.01
Peak1	0.0566029358518461	0.41005688224196	1	0.393	0.338	0.055
Sf3b1	0.0567246459374113	-0.151512812311731	1	0.172	0.155	0.017
Col27a1	0.056845151219979	0.136607202433598	1	0.186	0.141	0.045
Rhbdd1	0.056913498208983	-1.50966969507441	1	0.052	0.103	0.051
Wac	0.0569511456272439	-0.26133217188155	1	0.259	0.254	0.005
Agfg1	0.0571777325972775	0.662136240721204	1	0.166	0.099	0.067
Bcam	0.0580135721333991	0.684519359389664	1	0.148	0.08	0.068
Scaper	0.0586855685224255	-0.262773056482123	1	0.114	0.117	0.003
Mpped2	0.0594379531872078	1.01808418397585	1	0.179	0.108	0.071
Ino80	0.0598755340513908	-0.477368165178619	1	0.134	0.146	0.012
Irf2	0.0599482210478404	-0.494162531886688	1	0.159	0.188	0.029
Klf9	0.0603156213600105	0.963716770781182	1	0.152	0.089	0.063
Fndc3a	0.0608292076735376	-0.383249585480884	1	0.172	0.225	0.053
Ogt	0.0609956205905226	0.213717763077126	1	0.507	0.469	0.038
Ikbkb	0.0610654952406567	0.957093133774204	1	0.107	0.056	0.051
Eea1	0.0611216951809846	0.319859639076908	1	0.128	0.089	0.039
Klf7	0.0615444853408664	0.497359630613465	1	0.259	0.183	0.076
Erbin	0.0616346475825081	0.373969506419809	1	0.231	0.169	0.062
Plod2	0.0618843216223361	0.590971190274536	1	0.107	0.066	0.041
Pik3ca	0.0623033555736137	-0.529860797019926	1	0.221	0.305	0.084
N4bp2l2	0.063139240751385	-0.811879596519306	1	0.069	0.108	0.039
Limd1	0.0635509069831951	-0.297530788958466	1	0.445	0.432	0.013
Adgrl2	0.0636097821086042	1.84352633533299	1	0.11	0.042	0.068
Ppp3ca	0.0636722182742576	0.557414254163731	1	0.297	0.197	0.1
Il1r1	0.0641998375544299	1.06723466997319	1	0.117	0.061	0.056
Slc38a6	0.0644165342000398	-0.397662426737769	1	0.097	0.117	0.02
Yy1	0.064609485899568	-0.642159718909481	1	0.086	0.108	0.022
Slc1a5	0.064849016988288	-0.216688498293509	1	0.159	0.15	0.00900000000000001
Msrb3	0.0648762260284228	0.483476001461906	1	0.307	0.258	0.049
Marchf6	0.0661167267027287	-0.123055138124572	1	0.224	0.249	0.025
Itga1	0.0664676790195801	-0.251574665934839	1	0.8	0.789	0.011
Etv6	0.0666480751615215	0.326809858796779	1	0.393	0.282	0.111
Uri1	0.0667527200573068	-0.620536542447862	1	0.069	0.103	0.034
Ube2e3	0.0675579241464472	-0.760500087221602	1	0.062	0.103	0.041
Pam	0.0681735334102632	-0.29430357808298	1	0.086	0.122	0.036
Myo1e	0.0682798256983247	0.56635644203535	1	0.193	0.188	0.005
Myom1	0.0684419288216632	0.313542700885518	1	0.241	0.202	0.039
Adcy9	0.0690175274957561	0.261241403796443	1	0.421	0.338	0.083
Zzz3	0.0696251404496532	-0.641750519803865	1	0.093	0.117	0.024
Slain2	0.0699775859916076	0.795725521012715	1	0.117	0.061	0.056
Fat1	0.0702415536925738	0.770102125091451	1	0.114	0.07	0.044
Tnrc6c	0.070379289888055	0.591369079781179	1	0.39	0.286	0.104
Kmt2e	0.070895501373292	-0.474756334750958	1	0.266	0.329	0.063
Pdlim5	0.0710276672563398	0.55870290687785	1	0.29	0.254	0.036
Ttc3	0.0717426552087711	-0.319539603099921	1	0.11	0.113	0.003
Kif5b	0.0726911729909239	-0.142869732312146	1	0.138	0.122	0.016
Cpne1	0.0731585891129295	1.07481887048724	1	0.145	0.066	0.079
Errfi1	0.0731807805011258	-0.225471102039861	1	0.103	0.08	0.023
Rptor	0.0734781013573565	0.986151250177643	1	0.107	0.052	0.055
Chd6	0.0740028165235702	0.375327335196491	1	0.286	0.197	0.089
Gpatch2	0.0751379061238569	0.653186974367884	1	0.162	0.094	0.068
Cilk1	0.0765585103782336	1.67430707143309	1	0.103	0.038	0.065
Atp7a	0.0768429140734396	-0.159245841426816	1	0.207	0.174	0.033
Dcbld1	0.0777013501037526	-0.738560549577282	1	0.107	0.192	0.085
Crk	0.0785751866577847	0.138364879639183	1	0.124	0.094	0.03
Gcnt2	0.0788948448488754	0.353198826567665	1	0.407	0.305	0.102
Plcl1	0.0792304041397863	-0.19641356179217	1	0.948	0.972	0.024
Tm4sf1	0.0798848372200212	-1.4259335890962	1	0.062	0.146	0.084
Prdm5	0.0801545787904621	-0.205556323220907	1	0.179	0.155	0.024
Ubxn4	0.0801963844419512	1.07118807453415	1	0.11	0.056	0.054
Tnks	0.0803644669346033	-0.577691210432067	1	0.09	0.108	0.018
Galnt1	0.0805538713294704	-0.545844627581007	1	0.103	0.146	0.043
Ccnl1	0.0807623969670642	-0.440371347223927	1	0.141	0.183	0.042
Sox6	0.0813946539776621	0.419012191446671	1	0.307	0.272	0.035
Sec63	0.0816493753959011	-0.921009047610805	1	0.086	0.15	0.064
Rbbp6	0.082736184629389	-0.392013602103408	1	0.141	0.155	0.014
Arl15	0.0829444940799379	0.552002499191403	1	0.183	0.127	0.056
Mxd4	0.083455601481916	0.694563117711218	1	0.121	0.07	0.051
Herc4	0.083563329661868	-0.38078292821177	1	0.131	0.146	0.015
Samd4	0.0838703997776919	0.484701814510439	1	0.297	0.254	0.043
Rbm26	0.0843048547538926	0.811266228672168	1	0.134	0.085	0.049
R3hdm2	0.0852394778598532	-0.727311768383147	1	0.1	0.122	0.022
Cwf19l2	0.085920691123902	-0.252064655635664	1	0.166	0.174	0.00799999999999998
Syncrip	0.0859259638786062	0.341886006869061	1	0.121	0.089	0.032
Cdc42	0.0861325348795076	-0.347569036642767	1	0.214	0.263	0.049
Marchf7	0.0872702290877827	0.689678418465679	1	0.279	0.197	0.082
Nbeal1	0.0873937980853017	0.147888389984713	1	0.638	0.587	0.051
Ube2k	0.0874218973743933	-0.546419940013394	1	0.121	0.141	0.02
Nhs	0.087951886744606	0.944655146283063	1	0.214	0.127	0.087
Fli1	0.0882000571957616	-0.470950425491199	1	0.083	0.136	0.053
Desi2	0.0883494149377929	-0.381930525695448	1	0.131	0.136	0.005
Fgf14	0.0886838247955578	-0.223647934465676	1	0.169	0.117	0.052
Phf21a	0.089246245415254	-0.228098125065556	1	0.338	0.385	0.047
Rab2a	0.0892571538712952	0.110836950295246	1	0.179	0.146	0.033
Myo1d	0.0894647889582585	0.275922966667142	1	0.293	0.239	0.054
Rheb	0.0894728838603822	-0.531680440848029	1	0.086	0.108	0.022
Cd200	0.0899314059551609	0.444269395851456	1	0.107	0.07	0.037
Numa1	0.0900027669835857	-0.415076790937496	1	0.103	0.122	0.019
Zfp467	0.0909903983471368	0.626702366384671	1	0.1	0.066	0.034
Gabpb2	0.0917181390648489	-0.633845412249261	1	0.134	0.16	0.026
Spaar	0.0918022540724392	0.640912203897702	1	0.117	0.075	0.042
Ldlrad3	0.0919866397046358	-0.716163794223631	1	0.162	0.235	0.073
Setbp1	0.092409757773436	0.31904040253543	1	0.259	0.192	0.067
Tbck	0.0925781738217456	0.553004261578061	1	0.11	0.075	0.035
Shld2	0.0931415524441442	-0.816968023932853	1	0.083	0.131	0.048
Tnfrsf19	0.0934267540676476	0.613926917381688	1	0.134	0.08	0.054
Ppp1r12a	0.0939264412835586	0.351883041260471	1	0.607	0.568	0.039
Stk38l	0.0941501567378895	0.915214461996367	1	0.121	0.066	0.055
Csrp1	0.0945742796335265	0.682430128669385	1	0.148	0.094	0.054
Septin11	0.0951033361795215	-0.268991918125752	1	0.576	0.638	0.0620000000000001
Smtn	0.0952804036199085	0.461879533181536	1	0.166	0.117	0.049
Trip11	0.0958787056614822	0.105909465000626	1	0.128	0.099	0.029
Arhgef40	0.0981294584536237	-0.869387944614634	1	0.079	0.15	0.071
Hipk3	0.0982760992682628	0.123082121356166	1	0.138	0.113	0.025
Zcchc14	0.0984250693994514	0.487821708497667	1	0.128	0.113	0.015
Rock2	0.0989014515493682	0.129230600362293	1	0.407	0.338	0.069
Osbpl9	0.0997522915441002	0.322537875101234	1	0.331	0.282	0.049
Dmd	0.0999811650871278	0.135107974982323	1	0.807	0.737	0.0700000000000001
Rap1gds1	0.100431441707187	-0.227402730950167	1	0.069	0.103	0.034
Tab2	0.101055867179434	-0.810219585689513	1	0.069	0.122	0.053
Sparcl1	0.101197439994188	-0.286719537943949	1	0.403	0.493	0.09
Nckap1	0.101213960526999	0.557937199804246	1	0.159	0.094	0.065
Scaf11	0.102032755296059	-0.419845293839252	1	0.114	0.127	0.013
Kitl	0.10287651783573	0.849484492175053	1	0.107	0.056	0.051
Ghr	0.104080466034738	-0.634187124832504	1	0.231	0.305	0.074
Pdss2	0.104430087079899	-0.664195094089349	1	0.09	0.127	0.037
Rb1cc1	0.105578602490691	-0.358460084578808	1	0.128	0.136	0.00800000000000001
Plekhg2	0.105587522066564	0.205507966281987	1	0.245	0.183	0.062
Cnn3	0.105890209146511	-1.12232992315062	1	0.072	0.117	0.045
Smurf1	0.106159290376406	-0.737532179384856	1	0.083	0.122	0.039
Ubap2l	0.106386731786033	0.288908063166384	1	0.193	0.141	0.052
Clk1	0.106720168122833	0.271469110532189	1	0.41	0.333	0.077
Zfp346	0.106956482501967	0.66171148873669	1	0.172	0.113	0.059
Itga9	0.108280012084041	0.848986611461959	1	0.124	0.075	0.049
Map4k3	0.109274153476383	-0.218342441843754	1	0.176	0.188	0.012
Spaca6	0.109630633372875	0.807420372798557	1	0.148	0.085	0.063
Atp8b1	0.109967450594757	-0.576362844472529	1	0.131	0.141	0.00999999999999998
Wnt5b	0.110707405753135	0.43317754407531	1	0.145	0.108	0.037
Elf1	0.111082877085003	-0.586365839760897	1	0.1	0.146	0.046
Luzp1	0.111972464364798	0.295461437121795	1	0.328	0.254	0.074
Tef	0.112088750480629	0.416436961694533	1	0.238	0.178	0.06
Itga7	0.112895138174036	0.811624467035887	1	0.166	0.103	0.063
Nrd1	0.112902202691018	-0.616071498613762	1	0.117	0.136	0.019
Arhgap24	0.113598291588395	-0.349051655511635	1	0.155	0.155	0
Peli1	0.114038097215883	-0.119210202791693	1	0.124	0.108	0.016
Pbx3	0.114436500974872	-0.396418127306585	1	0.179	0.155	0.024
Pard3	0.115427472272302	-0.330521235703816	1	0.524	0.648	0.124
Spata6	0.115559934860916	-0.514704499798847	1	0.117	0.15	0.033
H2az2	0.117384662341273	-0.898247071945189	1	0.059	0.108	0.049
Foxo1	0.11755906445474	-0.776454707727634	1	0.09	0.108	0.018
Ablim1	0.118952605370528	-0.16640583948517	1	0.121	0.113	0.00799999999999999
Crtc3	0.119472465152211	0.62898111353252	1	0.283	0.235	0.048
Ppp1r12c	0.119746190628201	0.636486865936753	1	0.217	0.16	0.057
Il6st	0.119945279109894	0.258384464276134	1	0.103	0.07	0.033
Dock1	0.120328285077901	-0.223756092312801	1	0.397	0.408	0.011
Rgl1	0.120379153935901	-0.499439630952546	1	0.093	0.131	0.038
Tfpi	0.120496987121424	-0.683776550158932	1	0.103	0.178	0.075
Gsk3b	0.122421135873752	-0.665601755007842	1	0.152	0.188	0.036
Angpt1	0.122784084679332	0.308784268308582	1	0.138	0.113	0.025
Usp3	0.1234821675703	0.408360437702149	1	0.221	0.221	0
Flt1	0.124153694547178	-0.58388648377307	1	0.217	0.277	0.06
Ifi203	0.124197491774947	-0.186043042700552	1	0.121	0.164	0.043
Cecr2	0.126354229894118	-0.678867456473941	1	0.117	0.141	0.024
Gtf2i	0.126602021216203	-0.422541373566682	1	0.097	0.103	0.00599999999999999
Etfa	0.127297278887505	0.403197679313653	1	0.107	0.085	0.022
Nhsl1	0.127345852463038	-0.891974853044359	1	0.083	0.136	0.053
Nfatc3	0.12821325880402	-0.155496249738255	1	0.124	0.117	0.00699999999999999
Ube2h	0.128401933067898	0.544562511088113	1	0.193	0.136	0.057
Nsd1	0.128471213773582	-0.359429972662418	1	0.407	0.465	0.0580000000000001
Cd63	0.128510640864208	-0.260462179720978	1	0.072	0.108	0.036
Sntb1	0.128562171043852	0.319384507915367	1	0.69	0.587	0.103
Abcg2	0.128749354304893	0.313808391640454	1	0.128	0.089	0.039
Grm7	0.128811096502597	-0.177114305348918	1	0.783	0.85	0.0669999999999999
Ppp2r2a	0.130007162114683	0.855592931484068	1	0.159	0.103	0.056
Hnrnpdl	0.130028877062747	-0.600831052401076	1	0.09	0.122	0.032
Nsd3	0.130030207555106	0.733718669296425	1	0.269	0.178	0.091
Herc1	0.130152930964271	0.623938826432105	1	0.2	0.15	0.05
Nf1	0.130253520366263	0.259574195092718	1	0.307	0.244	0.063
Sil1	0.130335881257046	1.14905098587595	1	0.103	0.056	0.047
Ino80d	0.130447290651798	-0.20189400416144	1	0.124	0.113	0.011
Pear1	0.130527890375638	-0.101834511287318	1	0.159	0.136	0.023
Rcor1	0.13065317708697	0.642100606547855	1	0.117	0.089	0.028
Pibf1	0.130915645846916	0.708465252469769	1	0.152	0.089	0.063
Mllt10	0.130947714863533	-0.421532079217754	1	0.362	0.451	0.089
Ptpn13	0.132083328606175	-0.404748574553457	1	0.117	0.188	0.071
Trappc9	0.133398278076991	0.440726357021621	1	0.134	0.085	0.049
Sash1	0.133447313777261	-0.159346448234767	1	0.317	0.296	0.021
Raf1	0.133775323136093	0.706073111789589	1	0.124	0.07	0.054
Rab8b	0.133945637186294	-0.723714609830934	1	0.1	0.155	0.055
Kat6b	0.13408317769391	0.501454129388331	1	0.107	0.07	0.037
Lpp	0.134174097033317	0.251987892587314	1	0.569	0.531	0.0379999999999999
Enah	0.134692494264417	0.416046388401072	1	0.172	0.108	0.064
Tpm1	0.134726242723951	0.436123971228639	1	0.386	0.366	0.02
Bcas3	0.138695427230629	0.333963788477377	1	0.434	0.366	0.068
Lmod1	0.141260344583818	-0.152211500629142	1	0.172	0.127	0.045
Rrbp1	0.141441629217212	0.320509955354546	1	0.241	0.178	0.063
Rybp	0.141446668139292	0.957110259864392	1	0.19	0.099	0.091
Ccnd3	0.141556437583185	0.147457036623177	1	0.155	0.127	0.028
Serbp1	0.141630549430482	-0.625430059493328	1	0.086	0.117	0.031
Xpo1	0.141691658131266	-0.124828583580378	1	0.11	0.094	0.016
Mtdh	0.14170352964551	0.480910873050693	1	0.259	0.192	0.067
Rbm5	0.141804354378181	0.163621379929228	1	0.21	0.169	0.041
Zfand3	0.143041721369548	0.261799631567684	1	0.655	0.596	0.0590000000000001
Prpf6	0.143228452990718	-0.850511672800586	1	0.083	0.122	0.039
Dtx3	0.14323658126805	-0.156524170716383	1	0.252	0.315	0.063
Etv1	0.143355007424058	-0.255775683447965	1	0.121	0.117	0.00399999999999999
Grb10	0.143453867452665	0.511981885545372	1	0.283	0.197	0.086
Pdxdc1	0.143766652280177	0.863947256768145	1	0.179	0.103	0.076
Scmh1	0.144545932504124	0.421640416212692	1	0.245	0.207	0.038
Large1	0.1448187611168	0.349253391499228	1	0.259	0.216	0.043
Dstn	0.144827665090036	0.271408813611694	1	0.152	0.113	0.039
Pkd2	0.145257758892913	0.189784127990676	1	0.259	0.225	0.034
Col4a5	0.14546788452454	0.642658904902122	1	0.183	0.122	0.061
Vstm4	0.145897715448877	-0.503073330683513	1	0.186	0.202	0.016
Zfr	0.146642448110202	-0.11037152964639	1	0.2	0.192	0.00800000000000001
Ranbp2	0.146898484691365	-1.04080185715221	1	0.069	0.108	0.039
Klhl13	0.146990801698599	-0.367922709986416	1	0.103	0.108	0.005
Rapgef2	0.147072440307912	0.415239910670484	1	0.514	0.465	0.049
P2ry14	0.147949532148688	0.76637338463618	1	0.2	0.16	0.04
Tmem65	0.147963895490357	0.362088332428395	1	0.124	0.085	0.039
Wapl	0.148148848786056	-0.354141986866462	1	0.193	0.249	0.056
Adgra2	0.148730236176991	0.827569467929907	1	0.128	0.075	0.053
Cdc27	0.149093873248996	0.966235964169218	1	0.114	0.061	0.053
Cab39	0.150941394607077	-0.527064017124176	1	0.103	0.131	0.028
Lrrfip2	0.15101643380996	-0.562713046031045	1	0.09	0.136	0.046
Dysf	0.151989957101901	-0.376356056491497	1	0.186	0.174	0.012
Sike1	0.153061612279534	0.900401574525742	1	0.107	0.061	0.046
Bltp1	0.153080517280867	-0.506518516328453	1	0.11	0.136	0.026
Taf15	0.153490535996201	-0.834027445038805	1	0.086	0.127	0.041
Vps54	0.153769688927639	-0.384600664395877	1	0.145	0.188	0.043
Itgav	0.154046151277883	0.324176256613483	1	0.128	0.089	0.039
Tpm4	0.154663517951167	-0.164370239138623	1	0.121	0.108	0.013
Rgs4	0.154882150547559	-0.484144723282313	1	0.262	0.31	0.048
Arid2	0.155138268090621	-0.447216536389107	1	0.159	0.221	0.062
Pde8b	0.156814665685185	-0.244320079723016	1	0.769	0.822	0.0529999999999999
Sipa1	0.156974977407304	-0.759316411262546	1	0.107	0.141	0.034
Dnm2	0.15773781820031	0.278606497420466	1	0.107	0.075	0.032
Cspg4	0.158421913172771	-0.290634616789045	1	0.393	0.488	0.095
Csde1	0.158564379225922	0.176995434379333	1	0.138	0.108	0.03
Cpm	0.159029260031539	-0.35897038770263	1	0.11	0.117	0.00700000000000001
Srsf5	0.160010426536676	-0.255520452614393	1	0.297	0.366	0.069
Vgll4	0.160566664940695	-0.935122623205018	1	0.086	0.15	0.064
Gpcpd1	0.161416168742052	-0.112330778601879	1	0.466	0.54	0.074
Mycbp2	0.161458907846569	0.606837186959517	1	0.197	0.169	0.028
Pawr	0.163736369544748	0.612890159160734	1	0.103	0.075	0.028
Rbpj	0.163917882626274	0.152095270235983	1	0.152	0.117	0.035
Atl3	0.165250743472549	-0.460703031464543	1	0.114	0.15	0.036
Cog5	0.165355918762117	-0.593274529814592	1	0.124	0.169	0.045
Susd6	0.165679660281207	-0.19393616660062	1	0.338	0.404	0.066
Pde1a	0.166397060451331	-0.268128373020934	1	0.217	0.286	0.069
Aspn	0.167615899456387	-0.248509867441662	1	0.234	0.235	0.000999999999999973
Dag1	0.1690007841954	0.483394729787141	1	0.221	0.169	0.052
Mysm1	0.169120833949561	0.105862044834132	1	0.128	0.094	0.034
Qser1	0.169208066169537	0.242297381170251	1	0.103	0.08	0.023
Pou2f1	0.169830277538107	-0.964862287188073	1	0.079	0.15	0.071
Parp8	0.170022081318307	0.10547866552773	1	0.438	0.394	0.044
Plac9	0.170264124485443	0.405564503430916	1	0.334	0.291	0.043
Cysltr2	0.172287622143783	-0.276632268943531	1	0.162	0.23	0.068
Dock11	0.172399834446929	0.215516903534369	1	0.193	0.169	0.024
Brd1	0.173661803190841	0.401083315329557	1	0.107	0.075	0.032
Snx18	0.173876826728332	-0.782048497483635	1	0.086	0.122	0.036
Auts2	0.174155943077142	-0.541195496303214	1	0.207	0.239	0.032
Plekhg3	0.174895416881138	0.236742180166595	1	0.538	0.469	0.0690000000000001
Kansl1	0.175479235340046	0.215445745762448	1	0.455	0.408	0.047
Gpatch8	0.176389127446562	0.597588859259217	1	0.186	0.131	0.055
Pde7b	0.176753627828175	0.311410949390935	1	0.438	0.385	0.053
Trak1	0.17752250880714	0.418951681925635	1	0.276	0.207	0.069
Prpsap1	0.178179223242551	1.10256614700254	1	0.114	0.052	0.062
Matr3	0.179190976819427	-0.317389997197066	1	0.159	0.183	0.024
Wars2	0.179473911444178	0.480341511707256	1	0.141	0.122	0.019
Crlf3	0.179646280759413	0.724340455586666	1	0.241	0.16	0.081
Smg6	0.180032934430383	0.115222380283325	1	0.472	0.413	0.059
Prrc2c	0.180451956190267	-0.129210334107073	1	0.259	0.249	0.01
Abcd3	0.180945697688194	0.222234337097722	1	0.11	0.094	0.016
Thrap3	0.181047028894244	0.18477053031778	1	0.172	0.15	0.022
Chd2	0.181356077579647	-0.362289117133752	1	0.255	0.31	0.055
Elp4	0.18178044524346	0.949380579832839	1	0.152	0.085	0.067
Dcbld2	0.182617092363974	-0.786152531765092	1	0.1	0.16	0.06
Marcks	0.183737752458274	-1.13434878235967	1	0.072	0.15	0.078
Zc2hc1a	0.184038394820171	0.43094581855423	1	0.193	0.136	0.057
Wsb1	0.184414582479315	-0.689994529261982	1	0.09	0.131	0.041
Xrn1	0.186005541686733	0.494367065920948	1	0.234	0.197	0.037
9930021J03Rik	0.187591622858082	-0.757751337208738	1	0.117	0.15	0.033
Mark1	0.188344022521482	0.997634132425294	1	0.355	0.235	0.12
Akap8l	0.188477128521034	-0.828490443550038	1	0.079	0.131	0.052
Ccny	0.188520184101876	0.228022373966701	1	0.207	0.164	0.043
Tmod3	0.188802339573226	0.188174386710234	1	0.39	0.357	0.033
Egflam	0.188944818148236	-0.174680022954293	1	0.534	0.615	0.081
Gnb4	0.189473599212314	0.261912619789636	1	0.272	0.244	0.028
Smad4	0.190058779440588	0.171733686220665	1	0.179	0.141	0.038
Rsbn1l	0.19146585488991	-0.359674518535787	1	0.162	0.202	0.04
Srrm1	0.193210021840919	0.126387255025864	1	0.103	0.08	0.023
Dicer1	0.19377330006078	0.536901344674203	1	0.128	0.08	0.048
R3hcc1l	0.194264529093987	-0.619095814741695	1	0.093	0.113	0.02
Xrcc4	0.194665625595783	0.620712535618671	1	0.114	0.08	0.034
Nek7	0.195789088987317	-0.363464851106527	1	0.186	0.23	0.044
Gucy1a1	0.196521653052271	0.423377380667076	1	0.414	0.343	0.071
Zfp532	0.196937463978432	0.803518130168585	1	0.124	0.075	0.049
Zbtb7c	0.198111670652659	-0.68685691773028	1	0.19	0.239	0.049
Elavl1	0.198155170806822	-0.748920427094622	1	0.076	0.103	0.027
Kdm2a	0.198186222524817	-0.268346537213332	1	0.231	0.268	0.037
Dmtf1	0.199348080920454	1.01920806950973	1	0.121	0.066	0.055
Nrf1	0.199563532285611	-0.359393698914192	1	0.19	0.211	0.021
Rbfox2	0.200093474399833	0.407836540022656	1	0.448	0.38	0.068
Amotl1	0.201256718147608	-0.26291252253077	1	0.159	0.174	0.015
Mill2	0.203617096684146	-0.174829794593458	1	0.331	0.338	0.00700000000000001
Zcchc7	0.204302539083431	-0.126376942854841	1	0.407	0.394	0.013
Cobll1	0.204414579837294	-0.235195524252067	1	0.721	0.737	0.016
Vwa8	0.204453343085738	0.538383679222162	1	0.128	0.089	0.039
Bcl2	0.20465755358897	-0.453853813550813	1	0.214	0.244	0.03
Daam1	0.204921730632099	-0.286884499142229	1	0.397	0.474	0.077
Gng2	0.206740253786665	-0.174755363882555	1	0.103	0.089	0.014
Il34	0.208291140117514	0.558350693401961	1	0.476	0.432	0.044
Filip1	0.209839955417988	0.38532322058637	1	0.259	0.202	0.057
Tmx3	0.20989733589156	0.972753866168503	1	0.103	0.052	0.051
Rreb1	0.209904128873433	0.660259010561598	1	0.241	0.188	0.053
Otud7b	0.210837805507264	0.314795092922945	1	0.11	0.07	0.04
Fndc3b	0.21107222274237	-0.3006284236251	1	0.238	0.305	0.067
Rbm39	0.211959711324031	-0.251650013596998	1	0.593	0.634	0.041
Numb	0.21284117129092	-0.635574459783864	1	0.134	0.192	0.058
Arhgap5	0.212999070652128	-0.794437146622049	1	0.083	0.155	0.072
Srgap2	0.21307522071496	-0.618630271376401	1	0.134	0.164	0.03
Dgkb	0.213487779497464	0.338380106166228	1	0.562	0.502	0.0600000000000001
Ulk2	0.215068805039085	-0.550183501072915	1	0.1	0.117	0.017
Tgfbr3	0.216558227544965	-0.598355563504771	1	0.183	0.225	0.042
Igsf8	0.217325680945573	-0.4529676726284	1	0.214	0.291	0.077
Ggt5	0.217523062532812	0.244673796644611	1	0.262	0.202	0.06
Rhoj	0.218488194532022	-0.276875203543513	1	0.272	0.291	0.019
Gipr	0.219953487223414	-0.445325434376252	1	0.062	0.103	0.041
Nedd4	0.22196128708492	-0.105078814791448	1	0.503	0.535	0.032
Top2b	0.222115012801022	0.716049802545494	1	0.179	0.117	0.062
Trpv2	0.222507028706169	-0.434665515308833	1	0.09	0.108	0.018
Pbrm1	0.223596044837512	-0.388468577302267	1	0.162	0.211	0.049
Cachd1	0.223927401268303	0.542898558793559	1	0.11	0.075	0.035
Tbc1d5	0.226521932535849	-0.150377926929997	1	0.221	0.221	0
Kcnt2	0.228137759213782	-0.222898640784872	1	0.062	0.113	0.051
Ccnt2	0.228891729630706	-0.289685376754619	1	0.131	0.131	0
Ctnna3	0.229232203485508	0.165402846167513	1	0.269	0.216	0.053
Pals1	0.229976134500428	-0.232017250920911	1	0.128	0.127	0.001
Crim1	0.23035740447602	0.270345122840594	1	0.476	0.46	0.016
Usp47	0.230699068973601	0.464902424601434	1	0.241	0.178	0.063
Golgb1	0.230969771742764	-0.394796561667448	1	0.124	0.146	0.022
Tmem164	0.231105586467376	-0.380291668764938	1	0.162	0.221	0.059
Mtmr3	0.231744289269896	0.488551582571512	1	0.252	0.211	0.041
Tle1	0.231769698099425	0.30027294718354	1	0.186	0.155	0.031
Taf3	0.233596738348847	-0.361101824438986	1	0.141	0.164	0.023
Utrn	0.23389003472402	0.125733337318986	1	0.959	0.948	0.011
Plpp3	0.234306007343942	0.697452736231679	1	0.234	0.15	0.084
Atf7	0.2343064751622	0.441331462934182	1	0.283	0.239	0.044
Nxn	0.235952683356995	0.644648907920936	1	0.128	0.075	0.053
Fbxl3	0.236561317806431	-0.962877993327024	1	0.076	0.113	0.037
Pwwp2a	0.236623537979222	-0.713232996721603	1	0.145	0.207	0.062
Cap2	0.236956524063449	0.411077241735946	1	0.166	0.131	0.035
Osbpl8	0.237752827252442	-0.74226827000823	1	0.093	0.131	0.038
Nck2	0.23784546700809	-0.471942241880904	1	0.217	0.277	0.06
Arfgef1	0.237997927315103	0.406060912214895	1	0.128	0.089	0.039
Atp2a2	0.238349992860638	0.595479940731036	1	0.145	0.099	0.046
Rabgap1l	0.238853389529019	0.410479867605892	1	0.159	0.117	0.042
Rbpms2	0.239397182032127	0.3674522844797	1	0.19	0.15	0.04
Lrba	0.23968319232747	0.282986909505398	1	0.228	0.192	0.036
Cuedc1	0.240412042382552	0.237596907424101	1	0.241	0.178	0.063
Pum1	0.241504883591573	-0.402408186277917	1	0.166	0.192	0.026
Cfh	0.242242244601553	0.944936238007234	1	0.159	0.103	0.056
Cped1	0.243251160852264	0.371008558548779	1	0.648	0.601	0.047
Thsd4	0.243251913313024	0.178355687086815	1	0.145	0.108	0.037
Dusp11	0.247310784422066	-0.290440242898665	1	0.076	0.103	0.027
Pald1	0.248766397098105	-0.328390743164471	1	0.338	0.399	0.061
Frs2	0.249931013198912	-0.507815263973076	1	0.128	0.183	0.055
Dennd1b	0.250103945871889	0.345697629407909	1	0.166	0.127	0.039
Invs	0.250608103642074	0.187796121876968	1	0.169	0.141	0.028
Kmt2a	0.251999597452231	0.426367604573097	1	0.117	0.085	0.032
Ube3a	0.252280662516463	-0.526187816813955	1	0.072	0.113	0.041
Ywhae	0.252818336782814	-0.304703790393172	1	0.148	0.207	0.059
Lamc3	0.253264639207775	-0.204508670283329	1	0.307	0.319	0.012
Nudcd3	0.253603578328832	-0.154636316470739	1	0.145	0.16	0.015
Fto	0.253762030825222	0.324773897695287	1	0.276	0.225	0.051
Kank1	0.253825002292738	0.209009476216595	1	0.107	0.075	0.032
Ppp2r3a	0.254001704551816	-0.616390808650031	1	0.186	0.263	0.077
Eps15	0.254057482099115	-0.199371770222682	1	0.152	0.164	0.012
Klf12	0.256141418731845	0.18445786871827	1	0.6	0.545	0.0549999999999999
Epn2	0.256954196481028	0.568598397012617	1	0.241	0.178	0.063
Pik3r3	0.257138036322111	0.920455412182876	1	0.117	0.07	0.047
Gatm	0.257863762661193	-0.472471015640079	1	0.166	0.207	0.041
Esyt1	0.257990976870679	-0.595718185631073	1	0.09	0.103	0.013
Ror1	0.258154095903268	0.242444301914357	1	0.652	0.606	0.046
Hnrnpa3	0.258290515310748	-0.131201877610475	1	0.269	0.291	0.022
Ube2i	0.258448385803363	1.08671443125129	1	0.103	0.047	0.056
Wdfy3	0.25920925011823	-0.102652768181647	1	0.252	0.244	0.00800000000000001
Larp4b	0.260044846565004	-0.898330115545567	1	0.083	0.131	0.048
4930523C07Rik	0.260851450149624	0.595936380010338	1	0.179	0.127	0.052
Dpf3	0.261430358329293	-0.483508621287957	1	0.121	0.15	0.029
Myo1b	0.262080531582677	-0.201562851659264	1	0.697	0.779	0.0820000000000001
Msantd2	0.264218224829077	1.07820533937137	1	0.183	0.094	0.089
Pdgfd	0.265437664115038	0.121849842735112	1	0.169	0.141	0.028
Pdgfrb	0.265550296842133	-0.106621010551386	1	0.69	0.756	0.0660000000000001
Ptpn4	0.266204096601797	0.787304898161046	1	0.131	0.089	0.042
Scarf1	0.267468494188607	-0.591861981649446	1	0.079	0.127	0.048
Atp10a	0.267812080464059	-0.37640604007686	1	0.1	0.094	0.00600000000000001
Smim14	0.268417120882031	-0.548622714602079	1	0.1	0.131	0.031
Phf2	0.268517580426919	0.794780758379706	1	0.11	0.075	0.035
Acta2	0.268687494513979	0.257326346925516	1	0.2	0.164	0.036
Sdc3	0.268806434957964	0.68907825367757	1	0.107	0.066	0.041
Baz2b	0.269290603517453	0.18332178528955	1	0.352	0.31	0.042
Afap1	0.269485041642581	-0.19718483640563	1	0.162	0.169	0.00700000000000001
Brd4	0.271895866453841	-0.40265589007875	1	0.183	0.23	0.047
Agrn	0.27312081931022	0.674163728353618	1	0.21	0.127	0.083
Sorbs2	0.273759099709456	0.389410714304409	1	0.234	0.178	0.056
Rgs5	0.274697219331088	-0.131528880541259	1	0.5	0.587	0.087
Nexn	0.27510757712357	0.516559988912032	1	0.128	0.122	0.00600000000000001
Sltm	0.27573974806962	-0.53367760400093	1	0.103	0.15	0.047
Flna	0.279762221966204	0.512751007586264	1	0.31	0.258	0.052
Adap2	0.280434362543156	0.139856258406994	1	0.628	0.629	0.001
Ldlr	0.283139276651079	-0.145988247642249	1	0.128	0.113	0.015
Cdc73	0.283250048445478	-0.535741415601051	1	0.128	0.155	0.027
Exoc4	0.283462993336029	-0.448616221418139	1	0.297	0.385	0.088
Fgfr1	0.284548413735005	0.455504726665545	1	0.134	0.094	0.04
Clasp2	0.286955893449936	0.574137532779748	1	0.152	0.131	0.021
Ifnar2	0.2870076041856	0.296308529897644	1	0.117	0.094	0.023
Dennd6a	0.287027648731037	0.263445547676573	1	0.159	0.117	0.042
Klf13	0.2875160523656	0.810244021858009	1	0.121	0.07	0.051
Cnot6l	0.287551077075238	0.40798218387114	1	0.121	0.085	0.036
Palld	0.288369096212772	0.639388327726543	1	0.152	0.094	0.058
Tmem51	0.294033673134051	-0.686971481760229	1	0.124	0.202	0.078
Gigyf2	0.294314616271302	-0.416355716579767	1	0.103	0.117	0.014
Tcf25	0.294652041051661	0.383501061806277	1	0.128	0.099	0.029
Nktr	0.294686228423662	-0.302511455130004	1	0.148	0.16	0.012
Naa16	0.296204551564077	0.536677190818981	1	0.11	0.08	0.03
Ace2	0.296571404211534	0.361251438995993	1	0.148	0.108	0.04
Phkb	0.296806826348386	-0.409750550102333	1	0.183	0.221	0.038
Rem1	0.297443071221088	-0.212738726711291	1	0.114	0.146	0.032
Rasl12	0.297550440150954	0.258623604147225	1	0.293	0.277	0.016
Son	0.298097237340536	0.128275603401662	1	0.741	0.676	0.0649999999999999
Xpo7	0.298188276019938	-0.312686750140027	1	0.11	0.117	0.00700000000000001
Nr2c2	0.298517157914739	0.268632106892169	1	0.138	0.108	0.03
Fer	0.299310682940029	0.383553373187161	1	0.197	0.16	0.037
Osmr	0.299778172655473	0.3766039839053	1	0.245	0.207	0.038
Arid1a	0.300661285485414	-0.300558607606042	1	0.203	0.249	0.046
Klhl23	0.301029752200678	0.342910750172136	1	0.328	0.258	0.07
Cfdp1	0.301333802710645	0.100712502170632	1	0.134	0.122	0.012
Pspc1	0.30251143913908	0.584500926578173	1	0.155	0.108	0.047
Garre1	0.302756063704682	0.382649802418854	1	0.286	0.272	0.014
Ddx42	0.303417042119523	-1.25725480120755	1	0.048	0.108	0.06
Scarb1	0.303553366464399	-0.341924627776275	1	0.097	0.108	0.011
Irag1	0.303566521570094	0.234512966050575	1	0.521	0.46	0.061
Ggact	0.30397339368487	0.371043018084576	1	0.097	0.103	0.00599999999999999
Ackr3	0.305379491263069	-0.429150303021932	1	0.121	0.16	0.039
Uvrag	0.30735846980934	0.30890242221832	1	0.19	0.155	0.035
Heg1	0.307781330778209	-0.371794535516998	1	0.359	0.418	0.059
Tmem245	0.309613099102099	0.250327257606117	1	0.103	0.099	0.00399999999999999
Ntn1	0.309662416898451	-0.249077917823251	1	0.328	0.362	0.034
Wdpcp	0.309729111063856	-0.257143627363422	1	0.103	0.113	0.01
Ash1l	0.310933351376855	-0.272978602945926	1	0.321	0.38	0.059
St3gal2	0.31342750565318	-0.949028470015422	1	0.059	0.108	0.049
Pde5a	0.313806623533189	-0.241329317196332	1	0.41	0.474	0.064
Pot1b	0.316142726313917	-0.706225413468553	1	0.097	0.146	0.049
Tspan5	0.317607013577117	-0.134300135363601	1	0.086	0.108	0.022
Thada	0.318365709844207	-0.349988868426164	1	0.152	0.197	0.045
Wasf2	0.318595907195304	0.132104835565022	1	0.255	0.277	0.022
Nudt4	0.318734124868976	0.234097746169827	1	0.103	0.08	0.023
Rora	0.319934009995516	0.107035500484373	1	0.89	0.906	0.016
Nfib	0.320071937757805	0.188988093328971	1	0.183	0.202	0.019
Atad2b	0.320518149812498	0.118801573141161	1	0.217	0.183	0.034
Rbm6	0.321505481531184	0.152211687291426	1	0.269	0.235	0.034
Pcdh18	0.322063049846176	-0.801266408655626	1	0.083	0.146	0.063
Mertk	0.322515085529949	-0.107329392543376	1	0.321	0.319	0.002
Sesn3	0.323201442591257	0.813903946667096	1	0.103	0.066	0.037
Snx6	0.326180032252228	-0.416453944061532	1	0.162	0.178	0.016
Rmdn1	0.326961306088613	-1.05079952711207	1	0.069	0.113	0.044
Cyth3	0.327993787064143	-0.215514770257936	1	0.376	0.38	0.004
Ggt1	0.328110349013479	0.280162892222381	1	0.11	0.103	0.00700000000000001
Zic1	0.329039504214751	0.369055462559434	1	0.345	0.291	0.054
Tut4	0.329371968210294	0.430116494876253	1	0.2	0.15	0.05
Dennd5a	0.329382114467582	0.817924774974734	1	0.172	0.113	0.059
Fermt2	0.329712521005586	0.1586805207256	1	0.476	0.408	0.068
Itm2b	0.330755032267831	-0.412266433775683	1	0.203	0.277	0.074
Rprd2	0.330912981422931	0.259503729839976	1	0.131	0.113	0.018
Nsmce2	0.330974333066822	0.26596865393465	1	0.221	0.188	0.033
Bicc1	0.331072790402945	0.372125719328565	1	0.317	0.282	0.035
Ppfibp1	0.332841217156707	0.443076457890021	1	0.131	0.094	0.037
Ptbp3	0.333744275832611	-0.315795756961754	1	0.152	0.174	0.022
Arhgap12	0.334041427839098	-0.113761639436804	1	0.203	0.202	0.001
Zbtb34	0.334071278312759	-0.237965389597401	1	0.103	0.127	0.024
Kat6a	0.334134931791162	0.114756212210145	1	0.214	0.183	0.031
Zfc3h1	0.336437260997872	-0.392763747930802	1	0.097	0.108	0.011
Gnb1	0.338642426922524	0.387072698461159	1	0.159	0.155	0.004
Rap1a	0.338719166663323	0.219761383116793	1	0.462	0.408	0.054
Plat	0.339167327337109	-0.788113230721472	1	0.079	0.103	0.024
Dennd2a	0.339354037968511	-0.364266472152603	1	0.31	0.338	0.028
Cd81	0.339882147430352	-0.54027135737889	1	0.114	0.15	0.036
Actb	0.340109697650261	0.171214145138955	1	0.207	0.216	0.00900000000000001
Hmg20a	0.340912019641951	0.51641525740035	1	0.217	0.16	0.057
Ubr1	0.341565815394477	0.264533028388797	1	0.421	0.394	0.027
Tbx15	0.34269884831198	0.320894594016148	1	0.228	0.197	0.031
Ednra	0.345237742848195	0.329182477670274	1	0.452	0.418	0.034
Mdm4	0.346988491823983	-0.119843249432502	1	0.176	0.178	0.002
Ppm1e	0.347338180814344	-0.486382073361419	1	0.279	0.31	0.031
Ext1	0.347655698362065	-1.12263524587218	1	0.048	0.103	0.055
Arnt	0.347689340977929	-0.325055816843581	1	0.131	0.127	0.004
Rasgrp3	0.348268475950175	-0.182278428292682	1	0.221	0.221	0
Zmym5	0.348661897186732	-0.191761301562575	1	0.166	0.164	0.002
Ppp3cb	0.349107082625226	0.310812782457297	1	0.169	0.127	0.042
Tet2	0.350872494424235	-0.657778972011837	1	0.069	0.108	0.039
Ddr2	0.352091130840545	0.340864003907923	1	0.193	0.141	0.052
Rsbn1	0.355048081054529	-0.225639135971846	1	0.079	0.103	0.024
Mylip	0.355057780204641	-0.853131040363796	1	0.076	0.113	0.037
Fam172a	0.35553300278481	0.251620270444669	1	0.438	0.366	0.072
Usp25	0.355711187821577	-0.206364527267351	1	0.331	0.366	0.035
Btrc	0.355849088253176	-0.1399647204552	1	0.207	0.202	0.00499999999999998
Itga4	0.357406016720487	0.16090087614437	1	0.259	0.282	0.023
Vps13a	0.361132101526062	0.233834394361619	1	0.124	0.103	0.021
Adk	0.36113393119629	-0.283496840375458	1	0.407	0.474	0.067
Psme4	0.361315684917457	-0.265687595723745	1	0.172	0.188	0.016
Epas1	0.362143586082638	-0.347115027539285	1	0.334	0.362	0.028
Tbx2	0.362484745329131	0.135484770130105	1	0.252	0.249	0.003
Pcp4l1	0.362622671788682	0.720520812904761	1	0.172	0.117	0.055
Rnf111	0.363914655671529	0.558690742665543	1	0.11	0.075	0.035
Rsu1	0.364105656266437	0.300045528254004	1	0.3	0.249	0.051
Cntln	0.365669862939478	0.505983633472088	1	0.11	0.07	0.04
Fus	0.367449651895122	0.289749173904044	1	0.448	0.385	0.063
Hspg2	0.367817643316761	0.764636493878922	1	0.148	0.103	0.045
Cyp20a1	0.368047314037339	0.447442293445908	1	0.107	0.085	0.022
Magi1	0.36927200732911	0.504430232436416	1	0.203	0.146	0.057
Specc1l	0.369762354687697	-0.248603722964975	1	0.138	0.178	0.04
Rbpms	0.369777899515528	0.139895676866681	1	0.745	0.761	0.016
Nid1	0.370446822633121	0.430914112062993	1	0.317	0.249	0.068
Ctnnd1	0.371052607837494	0.313672671536434	1	0.314	0.286	0.028
Mecp2	0.37219422551486	0.27761907597327	1	0.214	0.211	0.003
Ube2d2a	0.37247277331092	-0.234966692192701	1	0.1	0.103	0.00299999999999999
Cux1	0.374046136700355	-0.207805119602248	1	0.141	0.15	0.00900000000000001
Asb3	0.374963451450871	-0.426790446663219	1	0.124	0.164	0.04
Glg1	0.375620862240204	0.76249375685372	1	0.134	0.089	0.045
Pkn2	0.376243406761301	0.230123638907796	1	0.166	0.131	0.035
Cmss1	0.377858769033421	0.13703883335397	1	0.207	0.174	0.033
Zc3h7a	0.378744820954045	0.542796514071232	1	0.152	0.108	0.044
Ccnyl1	0.37935799339536	-0.685430158436059	1	0.059	0.117	0.058
Strn3	0.379526051701451	-0.160936934083763	1	0.51	0.545	0.035
Jag1	0.380746162828669	0.324746457918542	1	0.197	0.155	0.042
Arhgap31	0.3816800974316	0.54741500812172	1	0.283	0.23	0.053
Lamb2	0.382378360096279	-0.240315841828048	1	0.1	0.103	0.00299999999999999
Dpp8	0.384221527897116	0.793829955346334	1	0.114	0.085	0.029
Anapc5	0.385193476044225	0.308470072902457	1	0.114	0.085	0.029
Emcn	0.389052410941568	-0.517905225182979	1	0.176	0.244	0.068
Trpm7	0.389920653057887	-0.341011436494817	1	0.193	0.258	0.065
Celf2	0.390110916859032	-0.110791116962343	1	0.179	0.211	0.032
Dab2ip	0.390596188902123	0.415178942598533	1	0.155	0.103	0.052
Nisch	0.392802678230983	-0.472302163227403	1	0.11	0.15	0.04
Gli3	0.393982443456848	0.300576941555857	1	0.138	0.117	0.021
Mpdz	0.394558912436031	-0.346194571522985	1	0.134	0.155	0.021
Tpk1	0.396457259401345	0.569415492365213	1	0.121	0.094	0.027
Katnbl1	0.396896097897912	0.637054188027435	1	0.114	0.075	0.039
Krcc1	0.396969804621968	-0.576004648743493	1	0.093	0.127	0.034
Zbtb20	0.400262557923899	-0.112533643364576	1	0.979	0.991	0.012
Pard3b	0.400784501378444	-0.110322701024289	1	0.652	0.704	0.0519999999999999
Tcf7l2	0.401897948557357	0.503637851755042	1	0.214	0.164	0.05
Cst3	0.402995533336251	-0.383057003256379	1	0.159	0.183	0.024
Wwox	0.404752732474282	-0.191360273585939	1	0.328	0.376	0.048
Akap13	0.405045970339033	-0.243702255476045	1	0.386	0.399	0.013
Tnxb	0.406252651435059	0.359432133517254	1	0.245	0.221	0.024
Rgs3	0.406474111996455	-1.06548874786944	1	0.09	0.164	0.074
Pcnx	0.40656418480723	0.111762214458614	1	0.11	0.089	0.021
Rcan2	0.407292478302586	0.575534501318149	1	0.231	0.188	0.043
Gkap1	0.408286935025713	0.147346396611533	1	0.121	0.099	0.022
Lrmda	0.408426441091814	-0.104454291990784	1	0.207	0.197	0.00999999999999998
Filip1l	0.408859294367618	-0.106470181658862	1	0.424	0.394	0.03
Mipol1	0.40962124215198	0.204571995949722	1	0.1	0.08	0.02
Fam118a	0.409890271042201	-0.219353408567611	1	0.128	0.16	0.032
Rab31	0.410690063909884	-0.633755224450105	1	0.076	0.117	0.041
Nup98	0.410945974250023	0.185198925763776	1	0.128	0.108	0.02
Bcar1	0.412338234156683	-0.489320215067133	1	0.086	0.113	0.027
Wtip	0.41309311294697	0.322699875216463	1	0.186	0.169	0.017
Plekha2	0.414525893801788	-0.487314718556356	1	0.107	0.136	0.029
Rerg	0.41541602758143	0.265212141154769	1	0.107	0.103	0.004
Eif4ebp2	0.415863937530988	-0.338242462662726	1	0.124	0.169	0.045
Mob2	0.416413929148758	0.417305239275509	1	0.197	0.15	0.047
Pde8a	0.417172355868571	-0.423418090287739	1	0.145	0.164	0.019
Ctnna1	0.417623297555536	0.131190149781615	1	0.259	0.216	0.043
Myh11	0.418576295266894	0.105898056311239	1	0.324	0.263	0.061
Uba2	0.420039258508225	0.719273833015404	1	0.131	0.089	0.042
Zfp292	0.420511265649043	0.55891158280565	1	0.197	0.141	0.056
Il17rd	0.424275998442505	-0.581484763697356	1	0.079	0.122	0.043
Cp	0.424904285691732	0.248118274016407	1	0.407	0.399	0.00799999999999995
Bbx	0.425064447242476	-0.145955071484097	1	0.19	0.202	0.012
Eml1	0.426224250215528	0.882733119715855	1	0.103	0.056	0.047
Laptm4a	0.426231822818835	-0.22210586358508	1	0.179	0.207	0.028
Mbtd1	0.430756000783057	0.380592822266208	1	0.11	0.08	0.03
Ppp1cb	0.430998326305404	0.22042337510808	1	0.21	0.174	0.036
Slc10a7	0.431342794803671	0.709198772035211	1	0.148	0.113	0.035
Mef2c	0.431524055295615	-0.182830610786688	1	0.307	0.31	0.003
Sgip1	0.434990307541612	-0.153965563377892	1	0.469	0.54	0.0710000000000001
Man2a1	0.437300197485326	0.379357709558763	1	0.172	0.146	0.026
Gulp1	0.437627476853857	-0.162340356251756	1	0.214	0.216	0.002
Epc1	0.438290241772348	-0.335892050937213	1	0.117	0.131	0.014
Col4a3	0.43897580959101	0.591190778782459	1	0.286	0.23	0.056
Maml3	0.43923318030626	0.115244400504018	1	0.334	0.315	0.019
Pcf11	0.441250051231608	0.53817161001621	1	0.131	0.094	0.037
Dse	0.443681401006857	-0.112533829751229	1	0.166	0.16	0.00600000000000001
Gbf1	0.44375190669173	-0.605678584076814	1	0.141	0.207	0.066
Atp1b2	0.443860473497721	-0.356099131549103	1	0.103	0.122	0.019
Arih2	0.44479441400689	0.181426313744645	1	0.145	0.122	0.023
Srrm2	0.446387332292024	-0.11217969438624	1	0.231	0.254	0.023
Cdh2	0.447664363169205	-0.322334744189351	1	0.186	0.244	0.058
Apba1	0.450932171651743	0.341792624133197	1	0.117	0.108	0.00900000000000001
Ambra1	0.451394823651119	-0.268010647513051	1	0.262	0.315	0.053
Afap1l2	0.451928922259519	-0.170619213071141	1	0.279	0.333	0.054
Usp24	0.451995922813729	0.335869828827378	1	0.183	0.136	0.047
St8sia4	0.452304756708142	0.311946516995281	1	0.224	0.221	0.003
Rif1	0.452479836256227	0.783731712172703	1	0.114	0.08	0.034
Cacnb2	0.452666181177769	0.1984907839214	1	0.428	0.394	0.034
Cpsf6	0.4526904633408	-0.837867541385444	1	0.079	0.122	0.043
Parp3	0.456569384535064	0.698496788995037	1	0.107	0.075	0.032
Rnf152	0.459582981205666	0.181155241048867	1	0.231	0.202	0.029
Ythdf3	0.459649512825344	-0.271675834153006	1	0.162	0.183	0.021
Mier1	0.461011555751694	-0.310625017356519	1	0.224	0.268	0.044
Cep350	0.462610379078376	-0.275321435960887	1	0.145	0.16	0.015
Fstl1	0.463741755855839	0.51819070167236	1	0.172	0.117	0.055
Cbfa2t3	0.463746889969417	0.135713794958225	1	0.1	0.108	0.00799999999999999
Zic4	0.463926540519269	0.352941456271193	1	0.269	0.239	0.03
Gstt2	0.464481569842302	0.822919669787769	1	0.138	0.085	0.053
Nostrin	0.465044157986007	0.419307398397354	1	0.128	0.113	0.015
Gcc2	0.465103056874924	0.226933389607255	1	0.141	0.103	0.038
Samhd1	0.466145169601299	-0.423869254238127	1	0.097	0.113	0.016
Rdx	0.466622035336256	0.326082960833682	1	0.121	0.099	0.022
Eva1b	0.466679061531595	-0.233519917121129	1	0.093	0.117	0.024
Btbd9	0.466833991783852	0.178091753425103	1	0.124	0.099	0.025
Smad5	0.467165521723842	-0.632253908768619	1	0.076	0.103	0.027
Ppp3cc	0.467568395138386	0.516539018893946	1	0.128	0.094	0.034
Syne2	0.467869797029938	0.223036480317337	1	0.4	0.347	0.053
Mib1	0.468842946507064	-0.104678744606474	1	0.121	0.108	0.013
Rlf	0.46949793872899	-0.181896524969238	1	0.117	0.103	0.014
Kcnip4	0.470450745789557	-0.348804767517544	1	0.114	0.108	0.00600000000000001
Sparc	0.471127088400689	-0.287553960878779	1	0.176	0.197	0.021
Mrc2	0.472062059538159	0.445891100791497	1	0.245	0.221	0.024
Igf1r	0.47572776859437	0.243440645359919	1	0.493	0.441	0.052
Tbc1d4	0.476173174598324	-0.678591892768139	1	0.131	0.174	0.043
Ganc	0.477954577683589	-0.943111225233041	1	0.062	0.103	0.041
Uaca	0.479772348581812	0.131893101338923	1	0.241	0.244	0.003
Smchd1	0.480193307189245	-0.312247116882413	1	0.148	0.164	0.016
Nipbl	0.483515375834333	-0.243810280154527	1	0.459	0.54	0.081
Plscr4	0.484221173748145	-0.587577270763479	1	0.09	0.131	0.041
Ptpn22	0.487995452060091	0.444906476142632	1	0.107	0.085	0.022
Setd5	0.488543890321317	0.141970519744746	1	0.379	0.357	0.022
Smg7	0.489735117755364	0.529927404835289	1	0.124	0.089	0.035
Tnks2	0.489785158429022	0.227875447681814	1	0.169	0.146	0.023
Adgrl3	0.4905211260995	-0.100358789782043	1	0.252	0.319	0.067
Hnrnph1	0.491093638605499	-0.311240179990313	1	0.169	0.188	0.019
Wwtr1	0.492356760580463	-0.188916007336732	1	0.29	0.286	0.004
Hnrnpm	0.492393362436458	-0.123248279598735	1	0.162	0.155	0.00700000000000001
Myo9a	0.493664216202543	-0.544641350616768	1	0.093	0.131	0.038
Stk24	0.494314277004765	-0.149120399711821	1	0.228	0.235	0.00699999999999998
Mboat2	0.494435784966685	-0.261205822667578	1	0.3	0.385	0.085
App	0.495291060069077	0.369864812749534	1	0.238	0.197	0.041
Slc16a12	0.495845917121086	0.460361032803075	1	0.403	0.347	0.056
D5Ertd579e	0.496625337215034	-0.377622758781883	1	0.128	0.122	0.00600000000000001
Tec	0.497930497480528	-0.446915649744821	1	0.159	0.207	0.048
Umad1	0.498178030978399	-0.636936462518491	1	0.09	0.113	0.023
Stag2	0.498486780364036	0.12420956470599	1	0.338	0.282	0.056
Adgrf5	0.500621486543804	0.319701756320026	1	0.103	0.094	0.00899999999999999
Glud1	0.500945256725141	-0.58039413192327	1	0.141	0.211	0.07
Atxn1	0.502311781511607	-0.351452808530684	1	0.234	0.249	0.015
Ctdspl2	0.503410924632505	0.327073730085915	1	0.19	0.164	0.026
Notch3	0.504062794335333	0.381024471197293	1	0.81	0.784	0.026
Supt20	0.504556083157184	0.515293965696976	1	0.114	0.089	0.025
Pcca	0.504785390600321	-0.157233773560246	1	0.424	0.446	0.022
Nemf	0.505491785093005	-0.282946900688555	1	0.103	0.117	0.014
Tead1	0.506701516701616	-0.109926096827257	1	0.224	0.207	0.017
Lrch1	0.507980425578897	0.469652528413048	1	0.241	0.192	0.049
Cdk13	0.510927880703631	0.154280707233611	1	0.19	0.164	0.026
Ddi2	0.5117027401382	-0.523782745211907	1	0.069	0.108	0.039
Rb1	0.512081474253315	-0.305703458861127	1	0.155	0.178	0.023
Specc1	0.51238134806008	0.266626831381479	1	0.407	0.423	0.016
Ddx17	0.51436948887648	-0.235418043995273	1	0.4	0.418	0.018
Rgs6	0.516465930060304	0.138446973566596	1	0.434	0.46	0.026
Pld1	0.51867510655653	-0.267691774134168	1	0.483	0.54	0.0570000000000001
Lims1	0.519113540209942	-0.105627464649356	1	0.697	0.704	0.00700000000000001
Agmo	0.519230950427841	-0.281903572874942	1	0.124	0.169	0.045
Snrnp70	0.52228362782788	-0.511314803163881	1	0.079	0.117	0.038
Gprc5c	0.522637290217692	0.154743376687293	1	0.207	0.188	0.019
Extl3	0.526933790602411	0.174376233482867	1	0.31	0.296	0.014
Itgb1	0.528837531112625	0.203954680834264	1	0.366	0.324	0.042
Ccser2	0.529311693592472	0.212704286038498	1	0.169	0.146	0.023
Rbms1	0.529974055995003	0.140624155900309	1	0.697	0.685	0.0119999999999999
Tnfaip8	0.53057165850418	-0.681607888230674	1	0.148	0.202	0.054
Serinc3	0.530774153811367	0.159685085581773	1	0.186	0.192	0.00600000000000001
Asap1	0.532598247206931	0.165715456796895	1	0.262	0.254	0.00800000000000001
Pde4c	0.532686486748034	-0.275530863365153	1	0.11	0.15	0.04
Tcf12	0.532897882874919	-0.117801836141318	1	0.686	0.714	0.0279999999999999
Cgnl1	0.533815246160825	0.122545202343859	1	0.331	0.329	0.002
Atg4a	0.534866432401892	0.387137736924328	1	0.141	0.122	0.019
Hnrnpc	0.535639765917482	-0.104450287488885	1	0.176	0.192	0.016
Phldb1	0.536274821001949	0.665094778395262	1	0.114	0.085	0.029
Lrig1	0.53660371165593	0.19034145003275	1	0.21	0.16	0.05
Gab1	0.537057089690134	-0.225512438077725	1	0.562	0.577	0.0149999999999999
Dennd1a	0.537164114978116	0.194766841167827	1	0.29	0.254	0.036
Ep300	0.537922279384439	-0.321547073071767	1	0.103	0.141	0.038
Nfyc	0.538327076047855	0.488719483279916	1	0.134	0.099	0.035
Esyt2	0.538368272257611	0.549497006004285	1	0.3	0.254	0.046
Ktn1	0.538636365968879	0.460443157109593	1	0.186	0.146	0.04
Cdc42bpb	0.539893003314995	0.22552596634454	1	0.1	0.07	0.03
Ttc7b	0.541742442304403	-0.565779011960283	1	0.072	0.108	0.036
Tom1l2	0.542190581481528	0.784247604281057	1	0.134	0.085	0.049
Reep3	0.546718768071555	-0.208010854985129	1	0.217	0.249	0.032
Srpr	0.547823672638626	0.122039218943396	1	0.103	0.094	0.00899999999999999
Pkd1	0.548013388923406	0.393558572950298	1	0.166	0.127	0.039
Ankrd12	0.548150460968244	0.338347803113844	1	0.314	0.291	0.023
Pcbd2	0.548683053260013	0.645808179704108	1	0.1	0.061	0.039
Fap	0.548747058298497	-0.314759302449317	1	0.255	0.305	0.05
Vps13b	0.549056573368082	-0.105687245091297	1	0.145	0.15	0.005
Ccnl2	0.550886080650057	-0.154912510398386	1	0.21	0.23	0.02
Pid1	0.55145391238064	-0.107250674744747	1	0.634	0.69	0.0559999999999999
Zfp608	0.557149328237327	0.423226047344673	1	0.117	0.085	0.032
Gpbp1l1	0.560824335766704	0.2428039675852	1	0.11	0.089	0.021
Myocd	0.563326726601545	0.63129356171122	1	0.134	0.103	0.031
Lef1	0.563815138683133	0.715931251828622	1	0.141	0.122	0.019
Ubr2	0.565742558373102	0.476426377401376	1	0.166	0.131	0.035
Wdr33	0.5688567387775	0.155191379300691	1	0.172	0.15	0.022
Braf	0.569844056356608	-0.299084431285226	1	0.29	0.319	0.029
Tpr	0.570338393658787	0.701149485424767	1	0.124	0.089	0.035
Rap1b	0.571253958592235	0.19831177341567	1	0.124	0.108	0.016
Cstf3	0.571313051056231	-0.424655268848397	1	0.09	0.117	0.027
Atp11c	0.571804738427374	-0.454894528130968	1	0.179	0.235	0.056
Gpc6	0.573721771274891	-0.100781649507589	1	0.745	0.779	0.034
Srsf4	0.576820049765482	0.397883278426289	1	0.152	0.141	0.011
Parp4	0.576841043334492	-0.103219213187991	1	0.117	0.127	0.01
Tns2	0.578733958025042	-0.203621419019831	1	0.169	0.183	0.014
Nrxn1	0.578789280417489	0.524060761675909	1	0.248	0.183	0.065
Asph	0.579371313713075	-0.12042457365503	1	0.1	0.099	0.001
Ncf2	0.579510850712386	-0.251747207400793	1	0.162	0.16	0.002
Creb3l2	0.579560928897234	0.154686736285704	1	0.166	0.127	0.039
Map3k1	0.582006893730727	0.2333154648279	1	0.103	0.103	0
Notch1	0.582581259637551	0.15283049869513	1	0.21	0.211	0.001
Tiparp	0.585530715632484	-1.00330958948098	1	0.069	0.108	0.039
Lmna	0.585649147978329	0.63919920772431	1	0.1	0.066	0.034
Tor1aip1	0.585732914458504	-0.287827638778693	1	0.148	0.169	0.021
Srsf10	0.5884749296016	0.580980675837102	1	0.107	0.08	0.027
Tasor	0.590053718685241	0.287039652720517	1	0.307	0.282	0.025
Tgfbr1	0.593328819147941	-0.173876369573482	1	0.138	0.155	0.017
Gphn	0.593441564413246	0.143360819905025	1	0.331	0.315	0.016
Ccr9	0.594202973506285	0.190562439463529	1	0.1	0.122	0.022
Zfp644	0.596091535885458	-0.225541770081936	1	0.148	0.15	0.002
Tmpo	0.596881349599965	0.113844494555151	1	0.11	0.113	0.003
Tra2b	0.597839218159343	-0.118199536805178	1	0.176	0.192	0.016
Resf1	0.598098182492417	-0.285134944684204	1	0.124	0.141	0.017
Tgfb1i1	0.598694811396598	-0.254192457464868	1	0.1	0.108	0.00799999999999999
Slk	0.598814021838372	0.473965730598008	1	0.114	0.08	0.034
Ddit4l	0.602714385300463	0.396902080309389	1	0.103	0.085	0.018
Adcy6	0.602897089607667	0.50680393432644	1	0.141	0.113	0.028
Gper1	0.602982526161169	0.583949416801998	1	0.121	0.089	0.032
Abhd2	0.60333805750538	0.468533047184336	1	0.2	0.16	0.04
Chd4	0.604359381300194	0.570706190114925	1	0.221	0.16	0.061
Cnot4	0.605052362813906	-0.133782754646981	1	0.269	0.296	0.027
Irf3	0.608641787236868	0.282424048395474	1	0.1	0.085	0.015
Slmap	0.609745786621556	0.213191847947526	1	0.238	0.216	0.022
Ano6	0.611480158093709	0.207518481762764	1	0.331	0.31	0.021
Carmil1	0.611614760696781	0.233154024237447	1	0.459	0.46	0.001
Psd3	0.612449971122959	0.122530008683102	1	0.693	0.648	0.0449999999999999
Foxd1	0.614285784571952	-0.171299187080612	1	0.097	0.122	0.025
Tmem131	0.614819881590897	0.121971652731339	1	0.145	0.131	0.014
B3gnt2	0.615614895589512	-0.265853170266322	1	0.19	0.23	0.04
Xiap	0.620493474912434	0.111305844678362	1	0.21	0.192	0.018
Dennd2b	0.62348334538637	0.133293377712123	1	0.61	0.582	0.028
Myo6	0.623626428077467	-0.374478974938063	1	0.152	0.197	0.045
Kansl1l	0.624098869888213	0.382362118552353	1	0.345	0.296	0.049
Traf5	0.626016146030526	0.255153803249203	1	0.1	0.089	0.011
Itgb5	0.628878103360833	-0.119319855669094	1	0.245	0.282	0.037
Slc7a2	0.629980157034063	-0.348963416887221	1	0.176	0.202	0.026
Rnf216	0.630853326302329	0.219847458077659	1	0.197	0.178	0.019
Ssbp2	0.630981200414462	-0.543691388267137	1	0.131	0.183	0.052
Calcrl	0.63222121181571	-0.138023356124452	1	0.1	0.113	0.013
Usp34	0.632822447134437	0.221714279797162	1	0.424	0.39	0.034
Oga	0.63364669641161	0.398471540547427	1	0.159	0.117	0.042
Atg10	0.634943361745653	-0.306237735455343	1	0.131	0.141	0.00999999999999998
Abi1	0.636215402976477	-0.550084226344347	1	0.131	0.188	0.057
Hnrnpr	0.636308180920151	0.153866306501515	1	0.348	0.319	0.029
Smurf2	0.637216197418265	0.279873664843739	1	0.224	0.207	0.017
Cul3	0.639532208131006	0.211629851028312	1	0.148	0.122	0.026
Uhrf2	0.641738664424228	0.379973808486824	1	0.193	0.169	0.024
Fut8	0.641829020960654	-0.130964677599444	1	0.166	0.174	0.00799999999999998
Bgn	0.641890865535786	0.188829943399742	1	0.11	0.094	0.016
Slc12a2	0.645107668311526	0.185601561441539	1	0.469	0.451	0.018
Rnf169	0.646833840854481	-0.301831003073698	1	0.138	0.164	0.026
Pacs1	0.647084455040765	0.157423948370887	1	0.128	0.122	0.00600000000000001
Phka1	0.647180554017803	-0.661431913513066	1	0.103	0.146	0.043
Pcm1	0.647371619399326	0.235284425436833	1	0.172	0.16	0.012
Raph1	0.647764647077186	-0.184469112713987	1	0.376	0.423	0.047
Bicra	0.647996472727296	0.149799067256422	1	0.131	0.141	0.00999999999999998
Prrx1	0.648890356060149	0.486461171072929	1	0.141	0.117	0.024
Sfmbt1	0.652633733619842	-0.432398272571753	1	0.103	0.136	0.033
Prkd3	0.65280496952247	-0.412966664939802	1	0.107	0.127	0.02
Pnn	0.653263492067461	0.508230036824048	1	0.124	0.089	0.035
Lama2	0.655004524036128	-0.129831321276543	1	0.724	0.742	0.018
Nufip2	0.655309979284276	-0.30707416095619	1	0.134	0.169	0.035
Ksr1	0.656735873123811	0.525998675501485	1	0.1	0.08	0.02
Dusp16	0.65858685258439	0.14483534434463	1	0.155	0.136	0.019
Pitpnm2	0.658736489699649	-0.146478132835459	1	0.148	0.164	0.016
Aff1	0.658807266666731	0.136816396496849	1	0.279	0.258	0.021
Kcnj8	0.66083241221969	0.269243084952431	1	0.179	0.155	0.024
Fgfr2	0.661643164623916	-0.279524708606808	1	0.114	0.131	0.017
Peli2	0.66165003866598	-0.342594787420868	1	0.293	0.366	0.073
Stag1	0.662026672762836	0.339926806113036	1	0.421	0.394	0.027
Wdr26	0.666646401576383	0.210393719113552	1	0.103	0.099	0.00399999999999999
Rictor	0.669342657391366	-0.368732488178529	1	0.141	0.169	0.028
AW554918	0.669707493877849	-0.22172175307093	1	0.366	0.418	0.052
Sp1	0.670238724658484	-0.473666013879386	1	0.128	0.164	0.036
Ccdc82	0.671574814463713	0.315310669320748	1	0.183	0.146	0.037
Higd1b	0.672438323748301	0.201967874156734	1	0.121	0.085	0.036
Clint1	0.673220520415494	0.175789707141006	1	0.131	0.122	0.00900000000000001
Jak2	0.676819776313301	0.640291131395072	1	0.159	0.117	0.042
Entpd1	0.678287627920619	0.444112607246969	1	0.141	0.117	0.024
Lifr	0.678526037270065	0.100297075378351	1	0.145	0.127	0.018
Rnf38	0.678540905969847	-0.509102491630849	1	0.159	0.211	0.052
Lrrk1	0.678964055734136	-0.386248065066781	1	0.117	0.15	0.033
Il15ra	0.6804691550636	0.513675819162082	1	0.117	0.089	0.028
Ttc28	0.685601517655721	-0.128401098013791	1	0.469	0.469	0
Uimc1	0.685783859828175	0.399934402029531	1	0.107	0.085	0.022
Fbxo11	0.687043999617112	-0.177366497384637	1	0.21	0.221	0.011
Ppfibp2	0.688790749096368	-0.289689055830578	1	0.252	0.286	0.034
Ecpas	0.688988427512245	-0.270813460308459	1	0.103	0.127	0.024
Zranb1	0.69086465823108	0.416281134291571	1	0.1	0.07	0.03
Plekhh2	0.691228000726147	0.120516231705864	1	0.207	0.183	0.024
Hectd1	0.691883778517776	-0.12777407653494	1	0.169	0.178	0.00899999999999998
Chn1	0.69240910525066	-0.389703518721424	1	0.124	0.155	0.031
Fam13c	0.694258817537948	0.531245786521724	1	0.117	0.099	0.018
Gab2	0.694422158050365	-0.160446339937515	1	0.366	0.413	0.047
Hnrnph3	0.695734497741648	-0.123469686459976	1	0.124	0.136	0.012
Mtus1	0.696662217608563	-0.113160643005752	1	0.152	0.131	0.021
2210408I21Rik	0.698652045577925	-0.581283591372799	1	0.097	0.122	0.025
Ddx3x	0.700781926853574	-0.382069999304814	1	0.183	0.235	0.052
Snd1	0.70284908372199	0.146669575355599	1	0.207	0.183	0.024
Rsrp1	0.705868154834174	-0.707555201104449	1	0.086	0.113	0.027
Parm1	0.706174593955973	0.499133539606166	1	0.103	0.07	0.033
Adnp	0.708273670340983	0.863652501345232	1	0.11	0.07	0.04
Sgms1	0.708634981907387	0.295531084953358	1	0.197	0.183	0.014
Bptf	0.709079737762534	-0.54608961629975	1	0.107	0.16	0.053
Ric1	0.709170865126425	0.160346447568919	1	0.103	0.094	0.00899999999999999
Lrp5	0.71020312552561	-0.611944263040759	1	0.097	0.146	0.049
Trmt9b	0.71023425047678	-0.635711069428586	1	0.066	0.108	0.042
Grk5	0.711456229526092	-0.185361147563347	1	0.4	0.408	0.00799999999999995
Swt1	0.714020595879366	-0.466891353682499	1	0.114	0.15	0.036
L3mbtl3	0.714729029118591	-0.548834004066722	1	0.086	0.117	0.031
Ltbp1	0.715360710723797	0.11576390361999	1	0.238	0.192	0.046
Arhgap10	0.718103553605523	0.188702476105107	1	0.403	0.38	0.023
Fgf13	0.720191866747931	0.472119099548742	1	0.103	0.094	0.00899999999999999
Cyp4f13	0.720698156867356	-0.296130643246473	1	0.097	0.103	0.00599999999999999
Cbx5	0.722885921990832	-0.213250153069279	1	0.217	0.254	0.037
Dnajc3	0.723433828819068	0.105663885178632	1	0.159	0.146	0.013
Per3	0.726833774929629	0.181348494081124	1	0.128	0.113	0.015
Arih1	0.727830177555763	-0.155586874658865	1	0.321	0.39	0.069
Ecm2	0.732489536686081	-0.130091593024473	1	0.341	0.338	0.003
Iqgap1	0.732547633603346	0.24400040661041	1	0.197	0.174	0.023
St6gal1	0.736922414276698	-0.146366154745246	1	0.359	0.385	0.026
Pdzd2	0.737292205673037	0.217497033767068	1	0.552	0.554	0.002
Apcdd1	0.739402425075076	0.104220373849393	1	0.179	0.192	0.013
Rasgrp2	0.740390152378621	-0.291325181988992	1	0.183	0.211	0.028
Ube2e2	0.741585975605785	-0.45769114912942	1	0.162	0.178	0.016
Oaz2	0.741670167678	0.213929247827024	1	0.238	0.221	0.017
Tjp1	0.741719532434458	0.11355644440528	1	0.424	0.465	0.041
Ddx6	0.741850653918576	0.207927370191783	1	0.197	0.174	0.023
Nab1	0.742200016157903	-0.24168663414902	1	0.097	0.103	0.00599999999999999
Kpna4	0.743941709460465	-0.389142722850533	1	0.134	0.174	0.04
Mpp7	0.745968841582141	-0.140714486178669	1	0.217	0.249	0.032
Apbb2	0.746213917516728	0.171168253112976	1	0.745	0.751	0.00600000000000001
Pdlim1	0.747187908464278	0.147552004669678	1	0.134	0.131	0.003
Nbea	0.748016442573072	-0.255727583310345	1	0.093	0.108	0.015
Sh2b3	0.748497334713066	0.352142916076297	1	0.103	0.075	0.028
Lonp2	0.750274413855964	-0.511211767729591	1	0.128	0.174	0.046
H3f3b	0.750774430226146	0.133027119804708	1	0.152	0.127	0.025
Arhgef25	0.751406517181201	-0.255127893951925	1	0.107	0.131	0.024
Ank2	0.752191393766708	0.264534614822928	1	0.414	0.385	0.029
E130308A19Rik	0.753421243930117	-0.118442392434126	1	0.359	0.423	0.064
Colec12	0.753441081132821	0.11720100131947	1	0.624	0.638	0.014
Ptn	0.753576469176901	-0.15365098895036	1	0.631	0.662	0.031
Rgma	0.754841682135703	-0.244325808079876	1	0.172	0.202	0.03
Nr2f2	0.756624006812074	0.110694842843052	1	0.334	0.296	0.038
Cblb	0.758544957346586	-0.127161727887761	1	0.214	0.239	0.025
Zmym4	0.758667949594596	0.299542507281397	1	0.128	0.108	0.02
Ctcf	0.762917111486888	0.163484104217638	1	0.124	0.127	0.003
Pds5b	0.765234318624363	0.231633920133947	1	0.248	0.239	0.00900000000000001
Csnk1a1	0.766429565829304	0.204301837499042	1	0.428	0.394	0.034
Hip1	0.767431670783925	-0.137742478303679	1	0.366	0.362	0.004
Col8a1	0.767998697629599	0.281835691841704	1	0.221	0.192	0.029
Shoc2	0.768111894365558	0.363810539462697	1	0.155	0.136	0.019
Appl1	0.769279546894313	-0.27409726215241	1	0.093	0.108	0.015
Ncoa2	0.770432849283805	-0.43202602024119	1	0.134	0.164	0.03
Mat2a	0.773892359608023	1.55195774002072	1	0.107	0.047	0.06
Ubxn7	0.77683942165827	0.310638705869086	1	0.152	0.127	0.025
Srsf3	0.779051723151899	0.572144631097772	1	0.114	0.075	0.039
Ubn2	0.779403063746044	-0.121652331589038	1	0.214	0.249	0.035
Mid1	0.779684536153283	-0.740817085082889	1	0.079	0.113	0.034
Cbfb	0.781730880506346	-0.340106099891616	1	0.097	0.131	0.034
Ptpn14	0.787765674580377	0.507323022502971	1	0.159	0.122	0.037
Sppl3	0.788113557582112	-0.159933892446989	1	0.107	0.117	0.01
Akap8	0.789086265498959	0.27032205414122	1	0.107	0.103	0.004
Ncor2	0.790419518431198	-0.556445948383335	1	0.1	0.155	0.055
Casq2	0.794715785822991	0.122757729049174	1	0.11	0.108	0.002
Snx24	0.795575549631022	-0.206514219039008	1	0.114	0.117	0.003
Hivep2	0.796469182374767	0.274621752181561	1	0.193	0.169	0.024
Arglu1	0.796622265327999	-0.385698805728853	1	0.2	0.263	0.063
Pde4d	0.797494862215778	-0.106281014293636	1	0.748	0.77	0.022
Csmd1	0.798235288099675	0.544787438120203	1	0.117	0.094	0.023
Plxnb1	0.798686535549616	0.182602811270336	1	0.107	0.094	0.013
B3galt1	0.8001612471559	-0.497336338438298	1	0.145	0.169	0.024
Rbms2	0.801035820221749	0.184737990640539	1	0.162	0.155	0.00700000000000001
Arhgef17	0.802874536483941	-0.298004262975552	1	0.276	0.305	0.029
Phip	0.804181954204201	0.194618736376316	1	0.272	0.244	0.028
Gmds	0.807157166632069	-0.136450611142913	1	0.572	0.615	0.043
Serpini1	0.808510196576786	0.274109687369304	1	0.183	0.164	0.019
Dip2c	0.808860242725923	-0.104896458280983	1	0.293	0.333	0.04
Wls	0.809026110089403	-0.200069347202869	1	0.414	0.465	0.051
Tmem243	0.811583851885763	0.42875956542986	1	0.134	0.103	0.031
Ets1	0.812478741510659	-0.188796633873213	1	0.29	0.319	0.029
Bcor	0.815127772641609	0.311676344573467	1	0.121	0.099	0.022
Nr3c1	0.815992101457832	0.216416565520281	1	0.176	0.164	0.012
Lhfp	0.816668658721531	-0.170356507434907	1	0.69	0.7	0.01
Ppard	0.817710390440492	-0.169528661333935	1	0.186	0.211	0.025
Ak3	0.817850766824215	-0.105501391467582	1	0.107	0.117	0.01
Trpc4	0.821126503036804	0.278998346847042	1	0.414	0.366	0.048
Dnmt3a	0.82213461312463	0.150786886267738	1	0.103	0.113	0.01
ENSMUSG00000121513	0.822846649573387	-0.130593102270816	1	0.366	0.366	0
Rbfox1	0.827637725872462	0.286271560248245	1	0.152	0.131	0.021
Nr1d1	0.82803007827143	-0.179568479375507	1	0.1	0.103	0.00299999999999999
Creb1	0.829414457175607	0.23870373027233	1	0.148	0.131	0.017
Tgfbr2	0.829602429167034	-0.421282196782167	1	0.114	0.15	0.036
Tnrc18	0.831295767631602	-0.418465787839201	1	0.103	0.127	0.024
Baz1b	0.834447334675057	0.368662334784349	1	0.166	0.136	0.03
Fhit	0.834571529931408	0.208995652558293	1	0.114	0.113	0.001
Klhl5	0.8353807458626	0.624315770960792	1	0.107	0.075	0.032
Pcdh19	0.837309107359342	0.6244090877974	1	0.217	0.16	0.057
Cdk6	0.837780487818902	-0.207427111391668	1	0.272	0.282	0.00999999999999995
Mark3	0.839307561217546	-0.314801644107524	1	0.103	0.131	0.028
Itpkb	0.839979253711266	0.393623268723715	1	0.207	0.169	0.038
Gjc1	0.841120895417653	-0.235896283291514	1	0.414	0.469	0.055
Atp9b	0.84151630376955	0.241878720143704	1	0.107	0.103	0.004
Dnajc1	0.847815614868779	0.188563366566044	1	0.345	0.324	0.021
Ndst3	0.848053419565988	0.486392209274427	1	0.283	0.235	0.048
Dach1	0.848280053269581	-0.131218838625135	1	0.383	0.408	0.025
Kat2b	0.850639008752221	0.334651671463184	1	0.172	0.174	0.002
Ncoa1	0.853357522177504	0.283564792468436	1	0.148	0.155	0.00700000000000001
Mrtfb	0.853771786732469	0.668462868812607	1	0.114	0.08	0.034
Rspry1	0.854602431917936	-0.29377053386609	1	0.093	0.113	0.02
Alpk1	0.860684203464731	0.114104714768639	1	0.162	0.164	0.002
Col5a2	0.861852426761944	0.114975656741041	1	0.114	0.122	0.00799999999999999
Lbh	0.863508369246213	-0.325059911651828	1	0.172	0.202	0.03
Pls3	0.869068049429718	0.43694436102294	1	0.252	0.211	0.041
Dmxl1	0.870108937660145	-0.277404504726634	1	0.114	0.141	0.027
Stau1	0.870236377021285	-0.207989606330098	1	0.09	0.103	0.013
Tbxa2r	0.870464482633735	0.274288660693207	1	0.121	0.108	0.013
Mob3b	0.872199644666221	-0.153923698975093	1	0.134	0.136	0.002
Capn2	0.87270130217893	-0.36213835800368	1	0.086	0.108	0.022
Car4	0.874958933186064	0.182396752802362	1	0.131	0.127	0.004
Eps8	0.875412902043087	-0.106907287297617	1	0.383	0.432	0.049
Lsamp	0.875891252041298	-0.102606853147	1	0.71	0.742	0.032
Cab39l	0.877541904204524	-0.340482730419044	1	0.086	0.117	0.031
Cast	0.879012357967927	-0.142971120694642	1	0.159	0.169	0.01
Nfia	0.886077339465173	-0.109777349309559	1	0.748	0.779	0.031
Creb5	0.889162755475568	0.627674703254247	1	0.124	0.094	0.03
Pias1	0.889528575058216	0.226242397232528	1	0.266	0.244	0.022
Kcmf1	0.890944895983106	0.424506127087372	1	0.183	0.16	0.023
2900026A02Rik	0.896335547198416	0.573598777730693	1	0.1	0.075	0.025
Lzts2	0.896715811592358	0.655901074621825	1	0.131	0.094	0.037
Fam222b	0.898423669297942	0.361497893411883	1	0.148	0.122	0.026
Stx16	0.899575534971191	0.135369434415772	1	0.134	0.141	0.00699999999999998
Sdc2	0.899872489407978	-0.19803204877808	1	0.479	0.507	0.028
S1pr3	0.902772556062129	0.278421965947331	1	0.21	0.183	0.027
Parva	0.90383883746112	-0.102586205976162	1	0.193	0.216	0.023
Bmpr2	0.903947860595656	0.382428981001587	1	0.197	0.164	0.033
Palmd	0.905410193965725	-0.338785442770779	1	0.09	0.103	0.013
Gpbp1	0.907202856239168	0.184872824589075	1	0.134	0.117	0.017
Fam107b	0.910014938991939	0.194870223821059	1	0.166	0.146	0.02
Nedd4l	0.912980818576396	-0.122908458605573	1	0.372	0.437	0.065
Rell1	0.913315269691534	0.627350033762945	1	0.107	0.085	0.022
Mitf	0.913896322160481	0.105171027163071	1	0.124	0.127	0.003
Fnbp1	0.916155026143348	0.258588084098418	1	0.186	0.164	0.022
Rapgef5	0.916562020628388	0.109918037045675	1	0.672	0.681	0.00900000000000001
Ddx3y	0.919398792101447	1.18745565054109	1	0.131	0.056	0.075
Mtss1	0.920003333103197	0.198524235625038	1	0.121	0.099	0.022
Mbd2	0.920664392945699	0.342656202373216	1	0.162	0.136	0.026
Vcl	0.921393147280263	-0.118841855291161	1	0.503	0.526	0.023
Exoc2	0.923445372530551	0.47147298923519	1	0.103	0.08	0.023
Eda	0.923699297838251	-0.150389113534084	1	0.117	0.131	0.014
Thap3	0.923907809281727	-0.324920444247877	1	0.162	0.202	0.04
Polr2a	0.928085069394573	-0.213563160803957	1	0.11	0.131	0.021
Zhx2	0.930621833164111	-0.187472703242676	1	0.186	0.216	0.03
Pds5a	0.931150666467445	0.109921627698978	1	0.141	0.136	0.00499999999999998
Arcn1	0.936753619359341	-0.100529997656512	1	0.11	0.117	0.00700000000000001
Stat3	0.936816285866463	-0.27722914594385	1	0.186	0.197	0.011
Hnrnpu	0.937803402699147	0.339139904903228	1	0.128	0.117	0.011
Pcbp2	0.938688992862428	0.368232846813692	1	0.131	0.117	0.014
Cadm2	0.943181762946519	0.212458955827075	1	0.134	0.122	0.012
Wrn	0.943678999074961	-0.187207165908616	1	0.097	0.108	0.011
Ankrd50	0.945304065177912	-0.133642112088657	1	0.162	0.174	0.012
Ssh2	0.948654184390976	0.237877172899507	1	0.39	0.376	0.014
Tmem87a	0.948919581752147	0.149916544879785	1	0.141	0.136	0.00499999999999998
Stat5b	0.951987328740063	-0.133954014039076	1	0.086	0.113	0.027
Atp10d	0.953785905973754	0.1525775347729	1	0.376	0.362	0.014
Itch	0.956430799233272	-0.102041452479247	1	0.228	0.244	0.016
Tlk2	0.959022870986097	-0.244907125268859	1	0.148	0.178	0.03
Gtf3c2	0.961713611513163	-0.171155759653262	1	0.1	0.117	0.017
Ccar1	0.961890828938956	0.297041406757296	1	0.121	0.103	0.018
Ggta1	0.963006987453418	0.173038810521858	1	0.21	0.202	0.00799999999999998
Ngly1	0.965105997102203	-0.154628641041555	1	0.103	0.117	0.014
Magi2	0.966129250181205	-0.354199821171773	1	0.155	0.183	0.028
Pip5k1b	0.968519857186179	0.140041413680119	1	0.545	0.531	0.014
Heyl	0.972045421356712	0.230511783718565	1	0.176	0.164	0.012
Lrp6	0.972366548107424	0.299749503513252	1	0.155	0.136	0.019
Fubp1	0.974177616219415	0.210160856316379	1	0.172	0.155	0.017
Znrf3	0.976733793973797	0.364927660013993	1	0.272	0.23	0.042
Chd9	0.983328746938126	0.100460289647875	1	0.269	0.291	0.022
Rassf3	0.984902224866313	0.187635695361289	1	0.124	0.127	0.003
Ptprm	0.987899479127582	-0.32079876584504	1	0.379	0.432	0.053
Kdm6a	0.990096004709923	-0.352563060245737	1	0.134	0.188	0.054
Gng12	0.990593059302846	0.231670448335156	1	0.179	0.164	0.015
Stx8	0.992235465688438	0.338191680421035	1	0.131	0.117	0.014
Ano1	0.992389958976369	-0.10169200994134	1	0.548	0.582	0.0339999999999999
Stim2	0.99468549435546	0.137780008008181	1	0.214	0.207	0.00700000000000001
Kirrel	0.998650720258505	0.180039255567727	1	0.214	0.221	0.00700000000000001
Slco3a1	0.998893715235069	-0.235005680196089	1	0.634	0.653	0.019
