gene	p_val	avg_log2FC	p_val_adj	percent_PS19	percent_WT	percent_difference
Ubr5	4.07300522639974e-10	3.31464491222515	7.29801076466305e-06	0.313	0.038	0.275
Pakap	3.57938052712769e-09	7.75172996516122	6.41353402850739e-05	0.123	0	0.123
Zeb2	7.70822217545489e-07	-1.0293938243839	0.0138115924939801	0.301	0.562	0.261
Epb41	9.79667187230637e-07	1.8462503440628	0.0175536766607986	0.172	0.023	0.149
Btbd3	2.13390858255357e-06	1.73118312855359	0.0382353739821949	0.276	0.062	0.214
Aopep	3.76364846442998e-06	1.38302314585742	0.0674370531856564	0.552	0.269	0.283
Ntrk3	3.78630126838751e-06	2.74905342247234	0.0678429461269674	0.178	0.015	0.163
Ptpn9	5.26240858827861e-06	1.45846576108727	0.0942918370847761	0.466	0.215	0.251
Ppp1r12b	5.3884944251969e-06	0.786279188134475	0.0965510431106781	0.411	0.169	0.242
Actn1	7.54902437110237e-06	5.25537488320191	0.135263418681412	0.135	0.008	0.127
Arhgef7	7.86388654697229e-06	2.76446222798191	0.140905119148649	0.16	0.023	0.137
Slit3	8.34464091769441e-06	4.97727386249032	0.149519275963248	0.135	0.008	0.127
Chd6	8.70562933303213e-06	1.38903619898221	0.15598746638927	0.387	0.138	0.249
Cnot10	9.89995164327355e-06	3.2088691627885	0.177387333544175	0.172	0.023	0.149
Rapgef4	1.51112581206977e-05	0.834027037931273	0.270763523006662	0.282	0.138	0.144
Sil1	1.69210950991752e-05	3.7024070676628	0.303192181987022	0.153	0.015	0.138
Zbtb38	1.97628354662881e-05	2.06145436162746	0.35411048588495	0.233	0.062	0.171
Kdm4c	2.01471184138194e-05	0.235049440607979	0.360996067738816	0.153	0.069	0.084
Serpini1	2.11054023904567e-05	3.61649167066278	0.378166600032203	0.117	0.008	0.109
Sesn1	3.37286509512018e-05	1.55191337844652	0.604349967743633	0.282	0.1	0.182
Lcor	3.76708036723818e-05	1.7394109542612	0.674985460201737	0.16	0.046	0.114
Ncor1	4.29382189490494e-05	0.264892245861807	0.769367007129067	0.368	0.231	0.137
Nt5c2	5.07233474241657e-05	1.23016392504272	0.908860939146202	0.184	0.062	0.122
Erc1	5.8793038414044e-05	3.80846399124537	1	0.104	0.008	0.096
Son	7.42923689457937e-05	-0.108437819246128	1	0.736	0.685	0.0509999999999999
Mical3	7.84339692396375e-05	3.27883286994414	1	0.178	0.023	0.155
Fam110b	8.23215453688006e-05	1.7550006333513	1	0.196	0.054	0.142
Tbl1x	0.000103664216961972	-0.684333053933992	1	0.38	0.431	0.051
Uqcc1	0.000110959613471321	4.54528478010079	1	0.135	0.008	0.127
Khdrbs1	0.000117978942753157	1.98637588200384	1	0.129	0.023	0.106
Rabgap1	0.000127042496079955	1.21105688904842	1	0.221	0.1	0.121
Col4a2	0.000130311577050574	1.14582879587779	1	0.319	0.115	0.204
Ppm1l	0.000132938718480627	4.53428186322706	1	0.104	0.008	0.096
Trpc3	0.0001339780224682	-0.416585927176453	1	0.656	0.815	0.159
Ldlrad4	0.000134704434345172	1.07836851781032	1	0.313	0.138	0.175
Smg1	0.000140647045025216	-0.28383073593936	1	0.196	0.131	0.065
Pik3r1	0.000141259536341043	-0.960329472785251	1	0.35	0.423	0.073
Ralgapa1	0.000159613138675226	0.891808422882593	1	0.497	0.246	0.251
Atp2a2	0.000162992846656072	1.49093281321114	1	0.19	0.054	0.136
Arap2	0.000199257903242182	-1.33286747207301	1	0.196	0.377	0.181
Spag9	0.000237253852353455	1.2562654129541	1	0.184	0.077	0.107
Dst	0.000257936142208202	0.241444832522338	1	0.374	0.262	0.112
Fbxl20	0.000275724717828087	1.71888811509908	1	0.123	0.031	0.092
Dcaf1	0.000282377826448948	3.75266673255482	1	0.129	0.008	0.121
Ahctf1	0.000284148808158251	2.19724101246945	1	0.11	0.023	0.087
Cd200	0.000293884500416686	0.763609389469755	1	0.117	0.038	0.079
Fbxo42	0.000304340700871017	1.8989273342871	1	0.117	0.023	0.094
Trps1	0.000306811895368376	-0.99927029313982	1	0.331	0.538	0.207
Ralgapb	0.000340829586214203	0.303556988386745	1	0.11	0.054	0.056
Enox2	0.000369520832726018	-0.549128018267322	1	0.196	0.185	0.011
Fancc	0.00044097047251502	3.96756064060988	1	0.117	0.008	0.109
Msi2	0.00046323025210635	-0.409687764107674	1	0.485	0.5	0.015
Atosa	0.000479104643235213	1.52642700045028	1	0.301	0.131	0.17
Dlc1	0.000481272969065185	-0.23890153481565	1	0.994	1	0.00600000000000001
Asxl1	0.000512888018839869	1.04096816630349	1	0.178	0.077	0.101
Mapk1	0.000517730822604163	1.87578844461211	1	0.104	0.023	0.081
Srcap	0.000524359216278036	1.58106346095797	1	0.202	0.077	0.125
Insr	0.000525763627784721	1.0826854206342	1	0.417	0.2	0.217
Tmcc1	0.000534629771043575	-0.724468764476163	1	0.239	0.269	0.03
Actn4	0.000548341616750039	1.43282615061824	1	0.337	0.146	0.191
Cnot2	0.000614609031772128	0.511388501821481	1	0.166	0.085	0.081
Brd1	0.000654946386357745	2.74101373589932	1	0.104	0.015	0.089
Sp4	0.000659590805682439	2.04888642469252	1	0.104	0.023	0.081
Msrb3	0.000670296242208957	1.05199999344644	1	0.356	0.231	0.125
Arl15	0.000677574054074666	1.45125514017517	1	0.227	0.092	0.135
Wdfy3	0.000686900464652293	0.117422546930454	1	0.282	0.185	0.097
Bltp1	0.000738704234342197	-0.653919725737843	1	0.123	0.138	0.015
Ralgapa2	0.000786721486336102	1.90037260360964	1	0.209	0.054	0.155
Sparcl1	0.000803774182283292	-0.500381698515583	1	0.35	0.485	0.135
Eps15	0.000840422120290258	-1.23651342468075	1	0.104	0.169	0.065
Galnt1	0.000848986322620558	-1.64559581464312	1	0.067	0.146	0.079
Lats2	0.000884288908560109	0.430763214796809	1	0.209	0.123	0.086
Lrch1	0.000922166897404668	1.75022490201508	1	0.288	0.1	0.188
Ift43	0.00100722355586331	1.46741688493268	1	0.11	0.031	0.079
Usp15	0.00101022748485411	1.37984241885805	1	0.104	0.031	0.073
Rsbn1l	0.00105821067712873	-0.594523566790034	1	0.166	0.192	0.026
Map2k5	0.00107304872006565	-0.185791558026285	1	0.129	0.092	0.037
Arhgef11	0.00109497901437059	-0.847072601673305	1	0.129	0.162	0.033
Vti1a	0.00111682886468459	0.710523584072094	1	0.307	0.146	0.161
Ddx50	0.00111742281676852	1.31676642488907	1	0.184	0.062	0.122
Limd1	0.00113483867609679	-0.473300018692649	1	0.448	0.415	0.033
Runx1t1	0.00115315417431081	1.3280497208015	1	0.245	0.092	0.153
Slain2	0.00119477843265485	1.63581418095441	1	0.147	0.038	0.109
Slc24a3	0.00123238372819699	-1.26549190878393	1	0.19	0.292	0.102
Setd2	0.00124087324494905	-0.522243526448511	1	0.135	0.1	0.035
Raf1	0.00126104172782231	1.81489769812613	1	0.141	0.038	0.103
Arhgap6	0.00126856293437823	-0.283102277530196	1	0.834	0.769	0.0649999999999999
Grb10	0.00128993241164538	1.60313746635152	1	0.356	0.138	0.218
Plxdc1	0.0012939739868321	-0.681022544884092	1	0.325	0.438	0.113
Terf1	0.00134695721258074	1.66555735410563	1	0.19	0.062	0.128
Tbc1d12	0.00135726463233048	2.12002666021301	1	0.104	0.015	0.089
Rasal2	0.00139177132348231	0.380549152369152	1	0.485	0.354	0.131
Fxr1	0.00140444310331379	1.51420905809991	1	0.178	0.062	0.116
Sf3b1	0.00141347046495383	-0.302507160168166	1	0.166	0.131	0.035
Lin7a	0.00146663628377891	1.41212209602072	1	0.442	0.254	0.188
Csnk1g1	0.00147324623808002	0.808216911215885	1	0.215	0.108	0.107
Adcy9	0.00148631186950922	0.84175812084466	1	0.485	0.323	0.162
Smarcd3	0.00152036819473463	1.34191125653901	1	0.129	0.038	0.091
Zzef1	0.00156985517148399	-0.726454131297544	1	0.117	0.108	0.00900000000000001
Tdrd3	0.00161302966330933	0.951074981364346	1	0.172	0.077	0.095
Nap1l4	0.00163767992852449	2.17326654569929	1	0.117	0.023	0.094
Rgs7bp	0.00169430551319356	2.61267110887933	1	0.123	0.023	0.1
Enpep	0.00180180000971052	-1.22101266079782	1	0.19	0.315	0.125
Zfp638	0.00180831193007887	1.08676348364197	1	0.245	0.1	0.145
Map4k4	0.00186060616664517	-0.600740223523861	1	0.252	0.3	0.048
Itga1	0.00199874475739179	-0.511136582964463	1	0.804	0.831	0.0269999999999999
Eif3j1	0.00200345790839623	-2.17742575490527	1	0.025	0.108	0.083
Rapgef6	0.00209433660582072	0.920542835817863	1	0.184	0.085	0.099
Syncrip	0.0021091352454586	0.35185573261599	1	0.129	0.077	0.052
Cdkal1	0.00219061995134475	0.106553042928238	1	0.27	0.177	0.093
Gak	0.00226502201409166	1.32964492019569	1	0.104	0.031	0.073
Arid5b	0.00227093080108687	0.213364506076109	1	0.454	0.331	0.123
Inpp5a	0.00240410430723963	1.00074991178304	1	0.313	0.177	0.136
Eif4a2	0.00246691932659638	-0.439826157824049	1	0.16	0.162	0.002
Rnf152	0.00254012330850316	1.12692637780337	1	0.252	0.115	0.137
Zfp207	0.00268471839106203	0.103737170690193	1	0.104	0.069	0.035
Col27a1	0.00272029347206263	0.130823930341468	1	0.19	0.123	0.067
Agfg1	0.00273874419787175	1.18242938759527	1	0.184	0.077	0.107
Wwp1	0.0027548883942112	1.52289855722519	1	0.11	0.031	0.079
Tra2a	0.00283264034977863	0.212788564981618	1	0.325	0.231	0.094
Cdc42bpa	0.00289140051072779	-0.151886212524131	1	0.282	0.231	0.051
Ndst3	0.00290648977012151	1.50152977642776	1	0.294	0.123	0.171
Agap1	0.00294895943814319	0.296651121632256	1	0.227	0.146	0.081
Ppm1a	0.00297848829266441	2.99524688591141	1	0.104	0.015	0.089
Jak1	0.00299971764114051	-1.12122875416262	1	0.16	0.262	0.102
Prpf4b	0.00305072582292481	1.23250651298872	1	0.429	0.192	0.237
Ptgis	0.00318074596160627	1.29655562742775	1	0.123	0.038	0.085
H2az2	0.00323129519218927	-1.64608345555436	1	0.031	0.108	0.077
Usp37	0.00323607940209134	1.62873827372891	1	0.11	0.023	0.087
Cacnb2	0.00328447827861043	0.423945184565486	1	0.472	0.346	0.126
Septin7	0.00335495945288413	-0.446705905667877	1	0.558	0.631	0.073
Tut4	0.00338618096538731	0.88571716679586	1	0.258	0.131	0.127
Bmpr1a	0.00342849169705739	0.282290412546287	1	0.362	0.246	0.116
Med13l	0.00363629099779545	1.03215068418519	1	0.135	0.062	0.073
Smarca2	0.0036796383733696	1.83996240624032	1	0.104	0.023	0.081
Prrc2b	0.00390108873502097	0.481541059618488	1	0.11	0.062	0.048
Ano4	0.00397242331455511	0.8404988116653	1	0.442	0.285	0.157
Eif4g3	0.00397906139262738	-1.02456031572191	1	0.092	0.223	0.131
Mllt3	0.00399368495888302	0.629499006147346	1	0.589	0.462	0.127
Heg1	0.00399907565900458	-0.822380342274271	1	0.337	0.469	0.132
Ankrd17	0.00401778477418294	-0.19799606845261	1	0.301	0.262	0.039
Sipa1	0.00404043304880167	-1.98689082297649	1	0.074	0.185	0.111
Kmt2a	0.00412730897499149	1.01433870649043	1	0.117	0.046	0.071
Prpf39	0.00420749115383531	1.20558232518793	1	0.19	0.085	0.105
Atad2b	0.00427305733009788	-0.132528263654032	1	0.227	0.192	0.035
Apba1	0.00439178800503396	1.94171015424811	1	0.147	0.054	0.093
Tef	0.0044188755747655	1.13669377499911	1	0.202	0.115	0.087
Arid4a	0.00446195395212567	0.8832457137037	1	0.129	0.054	0.075
Ppp3cc	0.00448424158743061	1.36484303646233	1	0.129	0.046	0.083
Chd2	0.00451638786365696	-0.707004190071272	1	0.239	0.308	0.069
Ppp2r5e	0.0046205674228907	-0.195858985302711	1	0.153	0.115	0.038
Tnrc6c	0.00462719354850019	0.707177788193073	1	0.429	0.277	0.152
Urgcp	0.00479343423507553	-0.319194721490739	1	0.129	0.115	0.014
Fbxl17	0.00490037677432158	0.116496363840926	1	0.675	0.569	0.106
Invs	0.00496619068814261	0.417544951374306	1	0.172	0.1	0.072
Mast4	0.00499228663957881	-0.301657569462129	1	0.92	0.954	0.0339999999999999
Cnot1	0.00506270093463507	2.39237834272992	1	0.104	0.023	0.081
Ube2k	0.00508240537549433	-0.462006138649114	1	0.141	0.123	0.018
Zfp407	0.00511765725348238	0.753539295864505	1	0.172	0.085	0.087
Fip1l1	0.00534692282714468	1.33524615232769	1	0.135	0.046	0.089
Rbm26	0.005372624246598	0.850991339470402	1	0.147	0.069	0.078
Kctd1	0.00544811211996276	1.32972195352171	1	0.16	0.062	0.098
Pard3	0.0054904592825523	-0.473126354821172	1	0.515	0.623	0.108
Shprh	0.00551264697149995	1.84814040799648	1	0.104	0.023	0.081
Lrp1	0.00568399194658896	-1.65147134429997	1	0.067	0.185	0.118
Myo1d	0.00572441223956642	0.42451284009022	1	0.319	0.2	0.119
Tacc1	0.00589970190879897	-0.493014368547597	1	0.35	0.362	0.012
Dstn	0.00597295344853517	0.713349036626495	1	0.184	0.092	0.092
Akap10	0.00598450649276547	0.445303747152186	1	0.221	0.131	0.09
Cst3	0.00608778913457769	-1.79390796772174	1	0.08	0.223	0.143
Tgfbr3	0.00620951983473449	-1.30013320448568	1	0.153	0.246	0.093
Macf1	0.00630878095124618	-0.431645128454809	1	0.515	0.569	0.0539999999999999
Tagln	0.00637992164502988	0.260025381621863	1	0.147	0.069	0.078
Adcy5	0.00645153448820155	2.10071858506547	1	0.166	0.054	0.112
Dnm2	0.00653017125102383	0.903399196855473	1	0.117	0.046	0.071
Hnrnpa3	0.00669161993565774	-0.605482070474172	1	0.215	0.3	0.085
Ppp1cb	0.00682710805978211	0.957782753263667	1	0.252	0.123	0.129
Ptbp2	0.0069024759542276	1.08099284186583	1	0.104	0.046	0.058
Bclaf1	0.00691153435749717	-0.857099444918718	1	0.153	0.223	0.07
Sec24b	0.00697324002474079	0.691507383537467	1	0.184	0.1	0.084
Pkn1	0.00716286782843517	0.795263872207348	1	0.141	0.054	0.087
Cop1	0.00717619361276305	-0.952800408398217	1	0.11	0.138	0.028
Neo1	0.00719976975850235	0.671271823637284	1	0.104	0.054	0.05
Septin11	0.00730268094168345	-0.45454369959766	1	0.607	0.685	0.0780000000000001
Rab2a	0.00738884373624978	0.899362220783362	1	0.227	0.108	0.119
Focad	0.0076295457789859	0.858759267355941	1	0.123	0.062	0.061
Wwc2	0.00770376927723877	0.981409769960077	1	0.202	0.085	0.117
Zzz3	0.00773568549516313	-1.07340005547906	1	0.092	0.123	0.031
Slmap	0.00785747269834986	0.923793568669358	1	0.276	0.154	0.122
Arhgef6	0.00791155770237665	-0.786036054141102	1	0.227	0.285	0.058
Mkln1	0.00796635355940967	0.299064513668085	1	0.423	0.308	0.115
Kcnma1	0.00797180986820255	1.1784920560173	1	0.202	0.069	0.133
Ece1	0.00800510786592179	-0.80077080342353	1	0.245	0.3	0.055
Acsl1	0.00812065761276843	-0.732963996352304	1	0.178	0.292	0.114
Ablim1	0.00816133760698455	1.0235772829557	1	0.153	0.077	0.076
Ghr	0.00830388462269928	-1.33913356683652	1	0.196	0.285	0.089
Ktn1	0.00831386424077735	1.55217350094544	1	0.221	0.085	0.136
Pdxdc1	0.00831942106598799	1.60115433396856	1	0.19	0.069	0.121
Vps13a	0.00835831052196219	1.43014389377771	1	0.104	0.038	0.066
Stag1	0.0084549489399553	0.865669657490549	1	0.534	0.408	0.126
Vps13d	0.0084569067109768	0.940085622520364	1	0.104	0.046	0.058
Mbd5	0.00873751285766867	-0.647372116450261	1	0.239	0.269	0.03
Nbeal1	0.00880687934743777	-0.171483340609059	1	0.601	0.623	0.022
Med13	0.00880829925634101	-1.21261216547802	1	0.141	0.285	0.144
Nrip1	0.00885402170449753	0.19450925713976	1	0.166	0.108	0.058
Fcho2	0.00895928280300191	-0.865434253726253	1	0.313	0.415	0.102
Ctnnd1	0.00901466748416407	0.483674160154602	1	0.38	0.269	0.111
Chd1	0.00926186925321329	0.785534046733378	1	0.117	0.054	0.063
Plcl1	0.00930524490795266	-0.307359215183018	1	0.933	0.992	0.0589999999999999
Ttc3	0.00936569849972321	0.158261649798757	1	0.16	0.108	0.052
Plcb4	0.00952815955958366	0.734646675978743	1	0.368	0.215	0.153
Pde3a	0.00978587552008878	0.795091013509118	1	0.558	0.392	0.166
Ttc39b	0.00988969862201079	0.808041459929042	1	0.129	0.062	0.067
Btrc	0.00993651327323069	0.158203690707028	1	0.221	0.146	0.075
Abl1	0.00998042214803308	0.636138442756456	1	0.178	0.092	0.086
Pbx1	0.0100607086525393	-0.246880187001126	1	0.577	0.577	0
Mib1	0.0102952354794309	0.374639900584494	1	0.117	0.062	0.055
Rhoq	0.0103212874660568	0.351581381322099	1	0.11	0.062	0.048
Dhx15	0.0103249783108826	1.46193906880461	1	0.147	0.054	0.093
Pdlim5	0.0105125946471137	1.02267250494222	1	0.288	0.223	0.065
Eln	0.0106617925348669	1.81826449819747	1	0.196	0.062	0.134
Anxa7	0.0106786298110189	0.372571756985219	1	0.117	0.069	0.048
Camk2g	0.0107782204986101	0.73032764141042	1	0.184	0.085	0.099
Ntn4	0.0108003127576819	0.792807958453668	1	0.337	0.185	0.152
Pkn2	0.0108780119860264	0.542258963210701	1	0.209	0.115	0.094
Stk38l	0.0112045186554219	2.63528982455091	1	0.123	0.023	0.1
Daam1	0.0114062676023187	-0.454405278306297	1	0.448	0.562	0.114
Mycbp2	0.0116614844305363	1.09812524059329	1	0.227	0.123	0.104
Ctdsp2	0.0118637248837638	2.15916312119361	1	0.123	0.023	0.1
Tln2	0.011981223793182	0.366822367745785	1	0.135	0.077	0.058
Rc3h1	0.0120561583778113	0.355960009707803	1	0.166	0.1	0.066
P2ry14	0.0120634678027824	1.50720865105415	1	0.276	0.146	0.13
Tbc1d5	0.0123187893806222	-0.154716508016566	1	0.258	0.223	0.035
Ncoa2	0.0123367795770663	0.324854779680196	1	0.166	0.108	0.058
Babam2	0.0123901132313699	-1.3505283161402	1	0.166	0.285	0.119
Mga	0.0124729363237158	0.110105500946918	1	0.202	0.146	0.056
Thsd4	0.0126843712175208	0.582450762891507	1	0.153	0.062	0.091
Cmss1	0.0126894865746775	0.226367532270233	1	0.202	0.131	0.071
Dock1	0.0128836583182738	-0.232524222343732	1	0.411	0.423	0.012
Ajuba	0.0130607118860829	-2.63219000426979	1	0.025	0.108	0.083
Celf1	0.0132069261535681	0.558977498338073	1	0.184	0.115	0.069
Srek1	0.0132793453467256	0.849524919656957	1	0.215	0.115	0.1
Zfhx3	0.0134998480723453	0.237465596994506	1	0.583	0.485	0.098
Myom1	0.0135172413687227	0.974673006274926	1	0.264	0.162	0.102
Flt1	0.0137405620168003	-0.900956678978245	1	0.184	0.331	0.147
Spop	0.013770308651004	0.516194390253356	1	0.252	0.146	0.106
Fzd6	0.0138923377044857	-0.754183678217608	1	0.282	0.346	0.064
Ccny	0.0139789944925027	0.264679936372272	1	0.233	0.154	0.079
Prpf40a	0.0140649418875389	0.925420302961203	1	0.104	0.046	0.058
Ubxn4	0.0143514915189284	1.3970487840108	1	0.11	0.038	0.072
Rftn1	0.0144335684854297	-2.19992518910416	1	0.031	0.1	0.069
Grm7	0.0145641962879188	-0.373322222096066	1	0.755	0.9	0.145
Tbx18	0.0145813404821067	-0.213000566677713	1	0.233	0.215	0.018
Farp1	0.0146021618915641	-0.121075401299459	1	0.681	0.7	0.0189999999999999
Phkb	0.0147120250511576	-0.890476621330877	1	0.196	0.269	0.073
Ap1g1	0.0147423749433809	1.49071145276138	1	0.11	0.031	0.079
Trip11	0.0147796773020748	0.708561270101556	1	0.141	0.069	0.072
Sox6	0.0150066545684598	0.826252484250392	1	0.344	0.238	0.106
Eps15l1	0.0151823313304796	1.28304998015598	1	0.104	0.038	0.066
Ints6l	0.0153452516742649	0.289390221765839	1	0.16	0.092	0.068
Cap2	0.0156122332181059	0.530922898647362	1	0.129	0.092	0.037
Btbd9	0.0157281395018344	0.658926996461174	1	0.141	0.069	0.072
Irf2	0.0158050432233528	-0.88258736429697	1	0.153	0.208	0.055
Zfr	0.0158190785958156	0.249009278707625	1	0.245	0.185	0.06
Sorbs2	0.0158797234698289	1.06792420808504	1	0.276	0.131	0.145
Sema6d	0.0161856030807076	-2.14425970467189	1	0.049	0.154	0.105
Foxo1	0.0162031073134235	-1.11674742242393	1	0.086	0.123	0.037
Srsf11	0.0162417238518283	0.307371726031448	1	0.166	0.108	0.058
Dicer1	0.0162750501332999	1.56024423075127	1	0.147	0.046	0.101
Rere	0.0162936658401724	0.170198397466942	1	0.583	0.485	0.098
Zbtb20	0.0164965400726676	-0.273030822219925	1	0.969	0.992	0.023
Dysf	0.0165606377641082	-0.444466792863851	1	0.221	0.185	0.036
Kansl1l	0.0168198423095903	0.632570833669064	1	0.362	0.246	0.116
Atp13a5	0.017257860710966	-0.304092755240556	1	0.742	0.877	0.135
Prrc2c	0.0174516011900426	0.179857962179311	1	0.301	0.215	0.086
Arid1a	0.0174728061881354	-0.416561775461568	1	0.215	0.246	0.031
Zcchc7	0.0175162031786723	-0.161768664317927	1	0.479	0.431	0.048
Pcmtd1	0.0175538250055557	1.41704477214209	1	0.166	0.062	0.104
Mysm1	0.0177885812270578	-0.182522094561556	1	0.123	0.092	0.031
Fbxw11	0.0179779657453353	1.00172464354428	1	0.202	0.115	0.087
Pdcd10	0.0180590583606821	1.17741988753856	1	0.215	0.1	0.115
Dock10	0.0183204462266966	0.523158448571211	1	0.337	0.254	0.083
Tnrc6b	0.0184021516555859	-0.295787244458414	1	0.417	0.438	0.021
Klf7	0.0184543397460811	0.835054269337335	1	0.27	0.146	0.124
Ndufs4	0.0185420490418616	0.475174633973927	1	0.123	0.077	0.046
Nr3c2	0.0186046882678824	0.15216866970247	1	0.429	0.346	0.083
Trappc9	0.0187148232001796	-0.134178284840954	1	0.129	0.1	0.029
Abcc9	0.0188196449509959	-0.154842054941775	1	0.54	0.7	0.16
Myo1b	0.0190265682216519	-0.410138878414228	1	0.687	0.8	0.113
Sik3	0.0192888352937442	-0.204587082989613	1	0.337	0.3	0.037
Pde8b	0.0193429272726422	-0.283144136675515	1	0.755	0.877	0.122
Kmt2e	0.0198768831433862	-0.524780179330468	1	0.301	0.331	0.03
Kif13b	0.0200123123900127	-1.27535445323441	1	0.11	0.2	0.09
Adgrl2	0.0202200353103656	3.04228903746356	1	0.11	0.023	0.087
Setbp1	0.0203407720850576	0.623956242149716	1	0.301	0.169	0.132
Esyt2	0.0207225356314782	1.30293757373735	1	0.331	0.169	0.162
Rsrc2	0.0208061927824495	-1.19710967507778	1	0.074	0.123	0.049
Zfand3	0.0208474295117321	0.275979206799151	1	0.706	0.577	0.129
Crlf3	0.020972157252542	0.146170617583809	1	0.202	0.169	0.033
Tiparp	0.0211080464543993	-2.27954379853705	1	0.043	0.154	0.111
Atp1a2	0.0211352366114116	-0.236291696019145	1	0.773	0.908	0.135
Peak1	0.0211466181505215	0.719063836953241	1	0.436	0.323	0.113
Ythdc1	0.0212738508148706	-0.459985167367138	1	0.184	0.2	0.016
Ror1	0.0216683440310905	0.419015255068892	1	0.675	0.562	0.113
Smad4	0.0218051961076272	0.225594154701696	1	0.196	0.131	0.065
Dennd6a	0.0218505099051442	0.260214126871497	1	0.147	0.092	0.055
Nrg3	0.0219023727102163	-0.618630522209803	1	0.08	0.115	0.035
Ppp1r12a	0.0220448003168497	0.772542637242263	1	0.613	0.554	0.0589999999999999
Stxbp3	0.0225051877971257	0.636091434278655	1	0.11	0.062	0.048
Ube2d2a	0.0226719328874088	0.177787736664815	1	0.129	0.092	0.037
Arnt	0.0227570323533389	0.584997775520349	1	0.178	0.085	0.093
Tbck	0.0228136054448093	1.32463067799957	1	0.153	0.062	0.091
Btbd7	0.0230149699688045	0.463806057581369	1	0.227	0.154	0.073
Cep350	0.0231318380467475	0.63017416520875	1	0.147	0.085	0.062
Lamc3	0.0236613765462064	-0.22245695400154	1	0.331	0.308	0.023
Mrtfb	0.0237104756166611	3.05929914122363	1	0.117	0.015	0.102
Ppm1e	0.0237522544408951	-0.43349823153383	1	0.288	0.285	0.003
Jarid2	0.0238008532198913	-0.53387562187832	1	0.123	0.138	0.015
Tmem45a	0.0239421423616251	-0.545276223660857	1	0.135	0.246	0.111
Snx18	0.0241033392758009	-1.62890321795486	1	0.067	0.146	0.079
Nhs	0.0241686969966972	1.47761114900941	1	0.221	0.1	0.121
Rock2	0.0241883659661815	-0.153523719104367	1	0.319	0.3	0.019
Ncoa3	0.024256789805376	0.214701233690924	1	0.245	0.185	0.06
Bmp2k	0.0243919718243312	-1.53443748561326	1	0.061	0.123	0.062
Wwp2	0.0246792390030991	1.42423008348588	1	0.123	0.046	0.077
Scaf8	0.0249914777652561	0.418908560538659	1	0.209	0.154	0.055
Plce1	0.0251128728998659	-0.28437067210575	1	0.81	0.838	0.0279999999999999
Fam193a	0.0255016193819238	0.241741755357685	1	0.356	0.285	0.071
Ankhd1	0.0256631080062777	-0.301601715466091	1	0.411	0.423	0.012
Ccdc3	0.0257416455621169	1.46886327084847	1	0.141	0.069	0.072
Exoc4	0.0259895815355734	-0.518258134096672	1	0.35	0.4	0.05
Ube2d3	0.0260757323725849	-0.139810479861713	1	0.184	0.169	0.015
Zfyve9	0.0261004746787936	1.85610828720955	1	0.135	0.046	0.089
Atp7a	0.0261796728875452	-0.168251924892452	1	0.209	0.162	0.047
Mylk	0.0262587629001223	0.304492376777839	1	0.515	0.4	0.115
Rbfox2	0.0263355071619719	0.431752762902542	1	0.503	0.4	0.103
Samd4	0.026588475117483	0.976686918471426	1	0.35	0.246	0.104
Celf2	0.0268396998683255	-0.292763131425579	1	0.178	0.238	0.06
Gphn	0.0269601861628153	-0.125315019932533	1	0.337	0.323	0.014
Ppp3ca	0.0271581455706906	0.710397442062211	1	0.319	0.169	0.15
Dpf3	0.0272582043234023	-0.867391628284127	1	0.117	0.177	0.06
Rbm39	0.0273973608338387	-0.258075374556863	1	0.595	0.6	0.005
Fermt2	0.0274057810491996	0.127978671377829	1	0.552	0.438	0.114
Aff4	0.0279143582429384	-0.632590069115136	1	0.178	0.223	0.045
Ccdc191	0.0279273176262722	-2.43219031922454	1	0.031	0.108	0.077
Slc1a5	0.028051775136993	-0.689647472600656	1	0.135	0.154	0.019
Mbnl1	0.0282213738313519	0.507392480464647	1	0.38	0.277	0.103
Nt5dc1	0.0282239638951068	-1.09926393426462	1	0.129	0.185	0.056
Pik3ca	0.0291524935717985	-0.816034162905649	1	0.196	0.331	0.135
Nrf1	0.0292617501347149	-0.58484502909277	1	0.215	0.254	0.039
Nsd3	0.0293946393688584	0.561825484629621	1	0.27	0.169	0.101
Gpcpd1	0.0294971565705604	-0.259876341320901	1	0.466	0.623	0.157
St7l	0.0296075240669661	0.878809810537499	1	0.11	0.046	0.064
Wdr70	0.0297456025189497	0.892971184746198	1	0.104	0.046	0.058
Gipr	0.0299239146128981	-1.59444066899841	1	0.043	0.131	0.088
Tcf4	0.0299836808516991	-0.190074364251081	1	0.748	0.777	0.029
Shld2	0.0300158454204654	-1.20422333724887	1	0.08	0.154	0.074
Wwtr1	0.030212579040259	-0.468136943345245	1	0.313	0.331	0.018
Cask	0.0305287335787722	0.206504587761551	1	0.27	0.192	0.078
Mark1	0.0305777787846089	1.39606554850429	1	0.411	0.223	0.188
Ptk2	0.0311402292271178	-0.227118575683619	1	0.429	0.438	0.00900000000000001
Smg7	0.0318843973580195	1.53090000139986	1	0.147	0.054	0.093
Usp25	0.0323075559844827	-0.566584037452528	1	0.344	0.423	0.079
Kcnab1	0.0328643105519513	0.687073232989043	1	0.258	0.131	0.127
Tfpi	0.0329831162228525	-1.37199499508812	1	0.092	0.185	0.093
Fryl	0.0331559913826832	1.57110801629732	1	0.209	0.1	0.109
Tab2	0.0335442592051923	-1.07813047603357	1	0.061	0.115	0.054
Marchf7	0.0336314343026232	0.979746121530726	1	0.294	0.177	0.117
Mpped2	0.0336508848352647	1.22859460075747	1	0.196	0.092	0.104
Bcas3	0.0347284365988188	0.348966832127195	1	0.436	0.331	0.105
Sgip1	0.0347905729193516	-0.626430481961038	1	0.411	0.546	0.135
Tnks2	0.0350182359414256	-0.445222156441956	1	0.129	0.138	0.00900000000000001
Xpo1	0.0350717879416885	0.127843412387956	1	0.117	0.069	0.048
Cilk1	0.0354767655850175	2.64022980164116	1	0.117	0.023	0.094
Tnfrsf19	0.0354828713984051	1.32323533371734	1	0.135	0.054	0.081
Zfp346	0.0355754500481026	0.176596800624009	1	0.141	0.1	0.041
Cep112	0.0355780450472902	-0.611038206939599	1	0.227	0.315	0.088
Dennd4c	0.0357667499216424	-0.400150048759014	1	0.196	0.223	0.027
Ywhaq	0.0359036972667254	-1.10499917564292	1	0.117	0.192	0.075
Dnajc1	0.0363884522530268	0.32215413120679	1	0.38	0.3	0.08
Zfp462	0.036963616118455	1.37992510078864	1	0.123	0.046	0.077
Smc6	0.0369670887165992	1.00527178068236	1	0.184	0.1	0.084
Taf1d	0.0369834971256563	1.28862358577881	1	0.11	0.038	0.072
Mertk	0.0373272433496188	-0.500577998684224	1	0.313	0.346	0.033
Lrba	0.0375707236809927	0.596667685439996	1	0.282	0.192	0.09
Asxl2	0.037880084876071	-0.756232056114365	1	0.123	0.123	0
Ubr3	0.0378939083907341	0.430236111300485	1	0.178	0.123	0.055
Kitl	0.0380006344732123	0.896499336566729	1	0.129	0.062	0.067
Dennd2b	0.0384765428666725	-0.275812240344571	1	0.577	0.569	0.00800000000000001
Nup98	0.0386907503214565	0.619090388364113	1	0.147	0.085	0.062
Pald1	0.0390424264766224	-0.390151974292775	1	0.356	0.415	0.059
Stk3	0.039413182944356	0.295279877163628	1	0.399	0.315	0.084
Rbpj	0.0396592762772861	0.733079307002878	1	0.141	0.077	0.064
Ptn	0.0399844756833126	-0.605812030208649	1	0.589	0.723	0.134
Tln1	0.0401213842594415	0.962080588495368	1	0.172	0.092	0.08
Phf21a	0.0401613060669559	-0.29688052384132	1	0.35	0.408	0.058
Afap1l2	0.040272097795822	-0.648550291459356	1	0.282	0.408	0.126
Uvssa	0.0405535882373274	-1.58564441928539	1	0.067	0.177	0.11
Cul1	0.040572364184054	-0.512993688263621	1	0.123	0.138	0.015
Glud1	0.0407685859122662	-1.71566564486774	1	0.086	0.215	0.129
Smad1	0.0407688704493286	-1.82942384482594	1	0.049	0.115	0.066
Acin1	0.0407921991527971	0.961606097435886	1	0.147	0.069	0.078
Pdlim3	0.0408295873789808	0.563916738677388	1	0.147	0.069	0.078
Ndrg2	0.0409067361403422	0.90409462161404	1	0.11	0.062	0.048
Fgf1	0.0409632223821159	0.767630760939325	1	0.178	0.085	0.093
Pten	0.0414180671791726	-0.450325072015076	1	0.607	0.708	0.101
Morf4l1	0.0414552468712019	0.973508640692259	1	0.147	0.069	0.078
Tom1l2	0.0416483597296684	1.99658456561135	1	0.166	0.046	0.12
Eml4	0.0417142794738382	-0.22368087558426	1	0.252	0.3	0.048
Zfp280d	0.0424306683990836	0.214294422874072	1	0.325	0.262	0.063
Stag2	0.0424349947005065	0.680465104441373	1	0.362	0.231	0.131
Vwa8	0.042650046999446	1.01201642831036	1	0.153	0.085	0.068
R3hdm2	0.0427719349759318	-0.489485673121771	1	0.117	0.108	0.00900000000000001
Tor1aip2	0.0428814823644297	-2.67874579346328	1	0.025	0.115	0.09
Uba2	0.0429882268346645	1.07482012481751	1	0.123	0.054	0.069
Mllt10	0.0430974390886326	-0.735595516275159	1	0.337	0.431	0.094
Lama5	0.0431527729997039	0.422900971838859	1	0.104	0.054	0.05
Gapvd1	0.0432121615899529	0.173751816873398	1	0.104	0.054	0.05
Akap12	0.0434775588675973	0.766136047210237	1	0.313	0.223	0.09
Adgre5	0.0436698682462249	-0.745550596820348	1	0.098	0.162	0.064
Zup1	0.0440269186818016	-0.773877842015924	1	0.123	0.192	0.069
Nrxn3	0.0440719054731136	-0.318784721150717	1	0.098	0.123	0.025
Tlk1	0.044156261643119	0.938772274192434	1	0.135	0.069	0.066
Poldip3	0.0441876812809456	-2.08442897945792	1	0.037	0.115	0.078
Cux1	0.044253220142168	0.415765564670612	1	0.172	0.123	0.049
Magi1	0.044402655707482	1.24100027957907	1	0.227	0.1	0.127
Fus	0.045333221927099	0.573911685378222	1	0.485	0.354	0.131
Numb	0.0455607137864035	-0.161287170149239	1	0.178	0.146	0.032
Clasp2	0.0456572462226167	1.06315743807067	1	0.166	0.1	0.066
Lrch3	0.0456618661155113	0.37115050845111	1	0.282	0.208	0.074
Ash1l	0.0457231719188944	-0.17708479357138	1	0.331	0.338	0.00700000000000001
Klf9	0.0458698131052551	1.07074571950027	1	0.184	0.092	0.092
Pspc1	0.0458915916175324	0.784279678415852	1	0.209	0.115	0.094
Frk	0.0459948216224427	-0.593797458939273	1	0.215	0.269	0.054
Ints8	0.0462134310401145	1.53206592386679	1	0.172	0.062	0.11
Trpm7	0.0462306958387386	-1.13858363385185	1	0.153	0.246	0.093
Fam135a	0.0465297652831844	0.816100851532609	1	0.172	0.085	0.087
Mrps28	0.0466358631828068	-2.03628283216777	1	0.049	0.123	0.074
Pcm1	0.0466929014890707	0.60212335194643	1	0.178	0.115	0.063
Pcp4l1	0.046987904484616	0.61689653261327	1	0.184	0.108	0.076
Kdm2a	0.0472923608321588	-0.280563965996825	1	0.27	0.3	0.03
Ppp1r12c	0.0473211321577604	0.979974821170849	1	0.282	0.162	0.12
Smtn	0.0475529001459629	0.455601344715095	1	0.178	0.1	0.078
Xpc	0.0478891937819631	-1.30993499651327	1	0.055	0.123	0.068
Fgf2	0.047988287255114	1.36531545367147	1	0.104	0.038	0.066
Ccm2	0.0480987906914425	0.402341094750653	1	0.117	0.069	0.048
Papola	0.0483604524576135	0.264511729909813	1	0.141	0.092	0.049
Rsu1	0.0484346733553253	0.945396925652372	1	0.313	0.215	0.098
Fto	0.0486549602808202	0.538351930649372	1	0.313	0.215	0.098
Pid1	0.0490826170892134	-0.4021296555212	1	0.607	0.723	0.116
Sorbs1	0.0498863758612298	0.103914348604077	1	0.558	0.469	0.0890000000000001
Nisch	0.050074861203423	-0.865405022800994	1	0.11	0.169	0.059
Enah	0.0501053128660533	0.839568017733798	1	0.196	0.077	0.119
Flna	0.0501548877118171	1.21732278830021	1	0.331	0.238	0.093
Pkd1	0.0501723280025296	1.38516585819023	1	0.19	0.077	0.113
Kcnip4	0.0503758759545894	-0.412438420643705	1	0.086	0.1	0.014
Mbtd1	0.0507919040561686	0.14046236997219	1	0.11	0.077	0.033
Nr2c2	0.050988745769738	0.403917769218909	1	0.135	0.092	0.043
Map3k20	0.0512012202187846	0.187949067286197	1	0.613	0.523	0.09
Ubap2	0.0513000283579767	1.36376900738329	1	0.117	0.054	0.063
Myo1e	0.0514426480189331	0.855661731036741	1	0.209	0.169	0.04
Tnrc6a	0.0516160592522149	0.135499940140093	1	0.264	0.238	0.026
Ccnl2	0.0518401457912439	-0.205945450721071	1	0.245	0.246	0.001
Pawr	0.0519922776026188	1.1437460048258	1	0.135	0.062	0.073
Ehmt1	0.0520873426566377	-0.806820234115035	1	0.123	0.208	0.085
Cfdp1	0.052108391111223	0.438313465606962	1	0.166	0.115	0.051
Pdgfrb	0.0521575744730467	-0.280354071214889	1	0.699	0.831	0.132
Epn2	0.0523128690400499	0.802876885902224	1	0.282	0.162	0.12
Dgkb	0.05247807772139	0.561772004317672	1	0.577	0.454	0.123
Frmd4b	0.0525485352202154	0.843609973290205	1	0.178	0.092	0.086
Mtdh	0.0527964825984066	-0.419925834354919	1	0.19	0.192	0.002
Pcdh9	0.0534418306303242	-0.17216957550507	1	0.209	0.238	0.029
Plekhg3	0.0541697730260247	0.384636563788896	1	0.589	0.454	0.135
Rcan2	0.0545203002980609	1.10266119098152	1	0.27	0.162	0.108
Cd81	0.0546146340774788	-0.709347203669214	1	0.117	0.162	0.045
Nek7	0.0547819678295817	-0.61995224720701	1	0.178	0.231	0.053
Arhgap12	0.0548938758674414	-0.325697279677582	1	0.19	0.192	0.002
Slc6a13	0.0549613151590076	-1.02725824877431	1	0.055	0.1	0.045
Nhsl1	0.055050316106579	-1.23859458565526	1	0.067	0.154	0.087
Sdc3	0.0550891815164102	1.21081572696026	1	0.135	0.054	0.081
Rasgrp2	0.0551732706034837	-0.787909897648708	1	0.16	0.238	0.078
Gpc3	0.0563682952953781	-0.805220209851461	1	0.245	0.323	0.078
Srsf5	0.0566225622891637	-0.537459429166373	1	0.27	0.338	0.068
Col18a1	0.0566522792680176	1.453120244786	1	0.117	0.046	0.071
Ube2h	0.0568150108090852	1.32416944563936	1	0.196	0.092	0.104
Clic4	0.0568594556534563	0.585103878191057	1	0.141	0.085	0.056
Kif5b	0.057053853866559	-0.608394111490011	1	0.147	0.162	0.015
Lsamp	0.0570679420083676	-0.417189002093849	1	0.669	0.815	0.146
Pan3	0.0573273343214635	0.322161154567062	1	0.46	0.362	0.098
Tpm1	0.0575107852306731	0.803345210375012	1	0.399	0.338	0.061
Mrtfa	0.0575124887869101	0.558037372712035	1	0.147	0.085	0.062
Rab22a	0.0578435223624043	1.28744796334256	1	0.11	0.054	0.056
Kat6a	0.057909165594314	0.191404987597638	1	0.215	0.162	0.053
Ccser2	0.0579624218732102	0.741536494400136	1	0.202	0.115	0.087
Erbin	0.0581162141817219	0.309272379647434	1	0.27	0.2	0.07
Nfat5	0.0582379836612053	-0.234893923480205	1	0.405	0.408	0.00299999999999995
Itgav	0.0585366780605454	-0.253552122137011	1	0.123	0.108	0.015
Arhgef40	0.0588665831035438	-1.51007088151696	1	0.055	0.154	0.099
Crtc3	0.0589166530044804	0.763478947920917	1	0.288	0.2	0.088
Golgb1	0.0589487667412085	-0.245600685814178	1	0.141	0.138	0.00299999999999997
Oga	0.0591423070048932	0.19549051559757	1	0.16	0.115	0.045
Sptbn1	0.0602415702499933	-0.125805021421577	1	0.761	0.777	0.016
Stk24	0.0606804504069276	-0.261280891367677	1	0.239	0.246	0.00700000000000001
Csrp1	0.0607536320181031	1.09957176915337	1	0.172	0.085	0.087
Rbm5	0.0608319564256459	0.816966325726598	1	0.209	0.123	0.086
Prdm5	0.0615391381054428	-0.420217925875025	1	0.184	0.169	0.015
Serbp1	0.0617155690498319	0.351033617670404	1	0.129	0.092	0.037
Ptpn13	0.0617273317083668	-1.14858682861682	1	0.08	0.2	0.12
Trip12	0.0617679721472136	0.336350628809202	1	0.202	0.162	0.04
Rab10	0.061993946619881	0.445869838070622	1	0.245	0.169	0.076
Hmbox1	0.0622124113082125	0.844821505217958	1	0.221	0.123	0.098
Rapgef2	0.0627627777665373	0.13143608031394	1	0.485	0.423	0.062
Wac	0.063505562880467	0.384159000037201	1	0.294	0.2	0.094
Etv6	0.063572352914968	0.284854884357598	1	0.429	0.3	0.129
Arid1b	0.063810016547822	0.126236020978648	1	0.337	0.292	0.045
Srgap2	0.0638649569701381	-0.971739025119169	1	0.098	0.146	0.048
Ddx6	0.0642128374904099	-0.160109114311343	1	0.227	0.223	0.004
Birc6	0.0644269071136163	-0.13612029766062	1	0.264	0.231	0.033
Rbm33	0.0644663241957214	0.936195461539223	1	0.129	0.062	0.067
Hlf	0.0644714911306792	-0.779565537270472	1	0.166	0.292	0.126
Prpf6	0.0649614397387588	-0.602583233373276	1	0.104	0.123	0.019
Naa16	0.0653118804741825	0.925339765090422	1	0.104	0.054	0.05
Ackr3	0.066660476449332	-0.808031100019572	1	0.135	0.177	0.042
Cnn3	0.06681962532418	-1.57639639445262	1	0.055	0.115	0.06
Rcor1	0.0671128833020268	1.1683573107805	1	0.129	0.077	0.052
Pear1	0.0671409862359306	-0.116353304252681	1	0.19	0.162	0.028
Dnajc7	0.0675949466754726	0.332480333629258	1	0.123	0.077	0.046
A4galt	0.0677690027111852	0.277113641109232	1	0.301	0.238	0.063
Zic4	0.0677737513363078	0.408694525794074	1	0.264	0.208	0.056
Alcam	0.0680428779749417	-1.20578110779769	1	0.043	0.115	0.072
Qki	0.0682765485938248	-0.556234822116914	1	0.319	0.415	0.096
Pitpnc1	0.0693561927889792	-0.208775509394941	1	0.791	0.892	0.101
Rnf169	0.069994985083025	0.25379635878101	1	0.16	0.108	0.052
Prdm16	0.0700848790017573	0.191919841602596	1	0.153	0.077	0.076
Adnp	0.070459958180892	1.59971413292705	1	0.11	0.038	0.072
Ctnna3	0.0707669698010689	0.578981174051076	1	0.313	0.185	0.128
Qser1	0.0714198281496808	0.349928190179681	1	0.153	0.108	0.045
Scmh1	0.0716969560266404	0.516320147183864	1	0.288	0.2	0.088
Dennd1a	0.0722046878962871	-0.217940230030973	1	0.258	0.262	0.004
Smc1a	0.0729812281530602	0.370502959273083	1	0.166	0.108	0.058
Snd1	0.0732379679689126	0.688141254241792	1	0.233	0.162	0.071
Crebbp	0.0735895760550171	-0.255079422211467	1	0.46	0.485	0.025
Spidr	0.0737320856803961	0.72310054748294	1	0.123	0.069	0.054
Vps54	0.0740325308721948	-0.645563709430713	1	0.141	0.2	0.059
Acta2	0.0740433603478927	0.706551996414908	1	0.227	0.131	0.096
Xrn1	0.0741214246886312	0.773979452822861	1	0.276	0.177	0.099
Kalrn	0.0744596106415411	1.16874077615379	1	0.184	0.1	0.084
Ptbp3	0.0747056275988483	-0.954232533602351	1	0.129	0.2	0.071
Ecm2	0.0754655350609182	-0.378613524323116	1	0.393	0.377	0.016
Vapa	0.0754693482274847	-1.19580723444937	1	0.067	0.131	0.064
Ptgds	0.0762746062814136	-1.44432173791237	1	0.067	0.131	0.064
Cdc42	0.0765168485536267	-0.37549371449509	1	0.227	0.269	0.042
Herc1	0.076723036437031	0.605033635228419	1	0.209	0.146	0.063
Vstm4	0.0768683720132014	-1.0099944147213	1	0.196	0.262	0.066
Cbx1	0.0772962535944187	-1.62554435257881	1	0.049	0.115	0.066
Sos2	0.078180349151005	-0.182042749207194	1	0.307	0.285	0.022
Gcc2	0.0787090444432298	0.232933350251334	1	0.153	0.092	0.061
Fars2	0.0793163628950316	0.598120852826336	1	0.129	0.092	0.037
Dtx3	0.0795609376471891	-0.854073953162449	1	0.239	0.362	0.123
Itgb5	0.0798140828658017	-0.101966938895804	1	0.313	0.292	0.021
Rasa1	0.0798535191762006	-0.989846846538867	1	0.098	0.123	0.025
Cers4	0.0799420115364416	0.736597097430952	1	0.117	0.069	0.048
Arhgap5	0.0800125976924378	-1.10956138630162	1	0.055	0.146	0.091
Phip	0.0801667624605522	-0.36796077453159	1	0.239	0.262	0.023
Taok1	0.0803528600489519	-0.567105320992235	1	0.123	0.169	0.046
Hnrnpa2b1	0.0806931302042502	-0.369237925412638	1	0.368	0.415	0.047
Arhgef18	0.0810590416698335	-1.52061987423913	1	0.061	0.115	0.054
Anapc1	0.0813758348972153	0.980848719188981	1	0.123	0.085	0.038
Csnk1a1	0.0815322964282463	0.253012046277337	1	0.466	0.385	0.081
Pcca	0.081755860597413	-0.576311467417167	1	0.393	0.5	0.107
Mob2	0.0825743143828192	0.952899768151343	1	0.245	0.131	0.114
Gcnt2	0.0826722395862711	0.11417677297937	1	0.405	0.315	0.09
Krcc1	0.0829716089301059	-0.738707878752393	1	0.098	0.115	0.017
Arih2	0.0834273945236412	0.28418847348727	1	0.147	0.1	0.047
Rybp	0.083653705844287	1.10888198645561	1	0.19	0.085	0.105
Tmem87b	0.0839230774886942	-1.38304303864477	1	0.055	0.123	0.068
Ppm1d	0.0839435647262978	1.3772945840162	1	0.104	0.038	0.066
Abhd2	0.0842272608233941	0.66060646475007	1	0.215	0.138	0.077
Akap7	0.0845509124801691	-0.118777849221184	1	0.325	0.338	0.013
Sh3d19	0.0847628685047578	0.20675966928877	1	0.221	0.177	0.044
Spaca6	0.0848221614794172	0.951888649427359	1	0.16	0.077	0.083
Fam20a	0.0849426390534111	0.186192841434747	1	0.282	0.223	0.059
Taf3	0.0854651453956561	-0.546517138854195	1	0.129	0.154	0.025
Zc3h12b	0.0861819765569173	-0.915825831563615	1	0.098	0.108	0.01
Usp3	0.0867336140698407	0.633902839709772	1	0.27	0.215	0.055
Trim44	0.0874317547210219	0.935600879888806	1	0.172	0.092	0.08
Pls3	0.0875739867689502	1.46951766242966	1	0.282	0.169	0.113
Nckap1	0.0880446880246732	0.429994632875913	1	0.16	0.092	0.068
Pde5a	0.0886274313801308	-0.411853561024202	1	0.429	0.477	0.048
Phactr4	0.0887806828597535	-0.573839822546742	1	0.11	0.123	0.013
Hectd1	0.0891942486009388	-0.438529145192313	1	0.153	0.177	0.024
Smurf1	0.0892516712605653	-0.776742314464812	1	0.086	0.123	0.037
Rab11fip2	0.0894799883668012	-1.61072096247676	1	0.031	0.1	0.069
Taf15	0.0896531513268069	-0.233716103306438	1	0.104	0.092	0.012
Pbrm1	0.0899839224830319	-0.579233726418491	1	0.141	0.192	0.051
Filip1	0.0904012195053225	0.622302079566388	1	0.282	0.177	0.105
Rbms1	0.090999871970155	-0.114049163283839	1	0.693	0.746	0.053
Tnfaip8	0.0910012185942579	-1.23507796277567	1	0.123	0.223	0.1
Gbf1	0.091219162035754	0.327980614955177	1	0.196	0.169	0.027
Usp9x	0.0913091620892915	0.10809416228934	1	0.202	0.177	0.025
Ebf1	0.0915003238885837	-0.162256997849386	1	0.982	0.992	0.01
Tbx3	0.0917052185849875	-0.720904779135383	1	0.129	0.138	0.00900000000000001
Frs2	0.0917590590310347	-0.715821359362889	1	0.141	0.223	0.082
Capzb	0.0925922595472842	-0.265749638199288	1	0.135	0.154	0.019
Pdss2	0.0931102759499422	0.132889890585152	1	0.104	0.069	0.035
Rap1b	0.0935042862451639	0.431143005545508	1	0.141	0.1	0.041
Lamb2	0.0935475371480275	-0.585786755651346	1	0.098	0.108	0.01
Rgs4	0.0939508963941987	-0.607741949171239	1	0.215	0.315	0.1
Tgfb2	0.0941898444082036	0.278658117810967	1	0.117	0.077	0.04
Dis3l2	0.0942165314180222	0.991944553193559	1	0.166	0.069	0.097
Zfc3h1	0.0942253872853425	-1.03000256056171	1	0.086	0.115	0.029
Eea1	0.0944589878027888	0.782453397943948	1	0.16	0.092	0.068
Ptprk	0.0944616266106052	-0.16933758310229	1	0.81	0.9	0.09
Mdm4	0.0954451434883318	-0.256443034049302	1	0.178	0.185	0.00700000000000001
Cntln	0.0954976839734427	1.14655953938384	1	0.123	0.054	0.069
Lmod1	0.0955857580359823	0.392891933619926	1	0.19	0.1	0.09
Baz1b	0.0959701646453623	1.48683116009031	1	0.166	0.069	0.097
Cnnm2	0.0960467296634686	0.587145816996379	1	0.19	0.146	0.044
Zranb1	0.0961022288627307	1.39459097842993	1	0.129	0.054	0.075
Tmem131	0.0964635380827203	0.670739123946245	1	0.172	0.115	0.057
Hdac8	0.0969854622211687	0.410058709218244	1	0.123	0.085	0.038
Rab11b	0.0972730456598877	-1.36054734324344	1	0.055	0.1	0.045
Ptp4a2	0.0972734533043266	0.741877843073293	1	0.117	0.077	0.04
Lnpep	0.0975413984283185	-1.18073362197286	1	0.104	0.154	0.05
Elk3	0.0976297042422176	0.785387644730286	1	0.135	0.077	0.058
Nexn	0.0982689690775006	1.36415202259386	1	0.172	0.108	0.064
Fbxl7	0.0983202991966238	0.270277221282257	1	0.172	0.1	0.072
Foxp1	0.09834615358198	-0.111727510569256	1	0.822	0.846	0.024
Pced1b	0.0984852536639131	-0.484581820668129	1	0.19	0.231	0.041
Asap1	0.0986607257520759	0.55581742900997	1	0.239	0.185	0.054
Ddi2	0.0991687296125369	-1.22813488535891	1	0.055	0.131	0.076
Glg1	0.0998050230393042	1.15398656826212	1	0.129	0.069	0.06
Cpne1	0.100285245230916	1.54408875106367	1	0.129	0.046	0.083
Trim12a	0.10104179188893	-0.774459682930903	1	0.104	0.108	0.004
Itga9	0.102083079846141	1.24674434841598	1	0.153	0.069	0.084
Rnf38	0.102260862491777	-0.823969223093198	1	0.16	0.215	0.055
Rab1a	0.102549329985596	-0.494831337574223	1	0.074	0.1	0.026
Pik3cd	0.102888579947435	1.1947549080881	1	0.117	0.046	0.071
Ldlrad3	0.104881729243315	-0.544518528743136	1	0.178	0.262	0.084
Srrm2	0.105051919666903	0.235618959071608	1	0.258	0.2	0.058
Phlpp1	0.105387854459235	0.513130807336367	1	0.491	0.4	0.091
Ubr2	0.106294492657595	0.717010942847906	1	0.141	0.085	0.056
Ip6k1	0.106632698731102	-0.605366227947111	1	0.129	0.154	0.025
Tbc1d1	0.106676425509984	-0.106381373887815	1	0.571	0.546	0.0249999999999999
Hip1	0.107117000867386	0.188476887377476	1	0.399	0.308	0.091
Ntn1	0.107158335126984	-0.338985021279252	1	0.35	0.415	0.065
Bcam	0.107750261262532	0.44100578269511	1	0.135	0.085	0.05
Uhrf2	0.108037413000029	0.517034505012871	1	0.221	0.169	0.052
Akap8	0.108316020589727	-0.499565208688823	1	0.08	0.115	0.035
Wwox	0.108444034229117	-0.11011270566851	1	0.368	0.385	0.017
Shroom4	0.109115368590456	-0.681380317622974	1	0.043	0.1	0.057
Gtf2i	0.109718683832659	0.178084291007703	1	0.123	0.092	0.031
Ccnt2	0.110015343217919	-0.879652059674176	1	0.092	0.115	0.023
Ankrd12	0.110713224551496	0.517760497182337	1	0.245	0.192	0.053
Fat1	0.111485671173352	1.02900525640144	1	0.129	0.069	0.06
Grk5	0.111875384137829	-0.220249854848263	1	0.479	0.446	0.033
Snx6	0.113155468009588	-0.780336625827564	1	0.178	0.231	0.053
Gng12	0.113340067600261	0.524392099461398	1	0.19	0.115	0.075
Pbx3	0.113653603402694	-0.530285545608753	1	0.19	0.162	0.028
Lrp6	0.113789622024224	1.17374465346392	1	0.202	0.108	0.094
Cr1l	0.114160154917832	-0.863539568971028	1	0.135	0.223	0.088
ENSMUSG00000121513	0.115135051146509	0.260142472885711	1	0.411	0.323	0.088
Rhoj	0.11514320862526	-0.207949482873087	1	0.344	0.331	0.013
Hey2	0.115164409732539	0.39914149678358	1	0.172	0.108	0.064
Ccnd3	0.115546274967581	0.572838603118265	1	0.129	0.115	0.014
Zbtb7c	0.115924148943684	-0.478444761556393	1	0.215	0.223	0.00800000000000001
Scaf11	0.116000792947767	-0.427706453963559	1	0.11	0.115	0.005
Herc4	0.116323837855467	-1.00175284599595	1	0.098	0.146	0.048
Smim14	0.117003380475761	0.434282044814012	1	0.129	0.085	0.044
Zc3h7a	0.117297032899311	0.791708361895593	1	0.147	0.077	0.07
Tcf25	0.117366993007914	0.796651291564854	1	0.129	0.077	0.052
Wdr33	0.117480613111334	-0.628331088686191	1	0.123	0.154	0.031
Klf12	0.11753392165996	0.409706814500211	1	0.601	0.515	0.086
Smchd1	0.117707143652574	-0.351484423989122	1	0.141	0.138	0.00299999999999997
Rac1	0.117737680078112	2.54791584288813	1	0.104	0.023	0.081
Msantd2	0.118328359275667	1.71114738924498	1	0.178	0.062	0.116
Sik1	0.118496988909995	1.14128107478077	1	0.147	0.077	0.07
Dag1	0.120379973726452	0.655538107055053	1	0.264	0.177	0.087
Wnk1	0.120826408978966	-0.299556499493709	1	0.264	0.3	0.036
Rock1	0.12092635934512	0.37219929836939	1	0.577	0.492	0.085
Ankrd11	0.121158591469868	0.312273684238607	1	0.368	0.308	0.06
AW554918	0.121902879182443	-0.481225438122229	1	0.374	0.462	0.088
Desi2	0.122379565102451	-0.809791412444656	1	0.129	0.169	0.04
Dennd5b	0.12248715862901	0.348005150326632	1	0.178	0.131	0.047
Col4a5	0.123052835349579	0.594684270153168	1	0.184	0.108	0.076
Stard9	0.12328751233293	-0.340219199210186	1	0.282	0.346	0.064
Plac9	0.123314314890369	0.438778968810648	1	0.325	0.269	0.056
Irs1	0.123679124749758	-0.516361060795796	1	0.117	0.131	0.014
Zc2hc1a	0.123703491352391	0.724598094758076	1	0.196	0.138	0.058
Bfar	0.124020217706441	1.11604757449271	1	0.104	0.046	0.058
Mospd1	0.124214474917981	-0.897722408599947	1	0.086	0.138	0.052
Zfp438	0.124277689311423	-0.960033531683904	1	0.08	0.1	0.02
Sntb2	0.124800561999414	1.61162117910465	1	0.117	0.062	0.055
Nbl1	0.125072843744017	0.301193858808263	1	0.129	0.092	0.037
Cab39	0.125290064619667	0.140056214880833	1	0.135	0.092	0.043
Cnot6l	0.125799912615679	0.903282544965428	1	0.153	0.077	0.076
Mrc2	0.126087160408892	0.344634382804873	1	0.258	0.208	0.05
Sntb1	0.126208405563052	0.321487527136839	1	0.681	0.562	0.119
Coro2b	0.127087646516884	-2.10451094830251	1	0.037	0.115	0.078
Fry	0.127348074727902	-0.210634045314463	1	0.969	0.954	0.015
Pcnx	0.127601101130879	0.527491519765501	1	0.123	0.077	0.046
Nfyc	0.127993302929129	0.874456654978002	1	0.147	0.085	0.062
Wnt5b	0.128277120595882	0.476172060382131	1	0.172	0.115	0.057
Marcks	0.12870507193974	-1.19426527767443	1	0.086	0.169	0.083
Srsf10	0.129217792956646	1.84311385962342	1	0.153	0.054	0.099
Gnb4	0.129330663495389	0.201320622091515	1	0.313	0.269	0.044
Lama2	0.129341916469194	-0.382876553466788	1	0.718	0.8	0.0820000000000001
Top1	0.129865861075287	0.45624441145692	1	0.172	0.131	0.041
Gatm	0.130045424996851	-0.94010715353727	1	0.147	0.254	0.107
Lyn	0.130882818507371	-0.814154757787207	1	0.08	0.177	0.097
Angpt1	0.131204106366522	0.705891234257341	1	0.153	0.1	0.053
Commd1	0.131251774216357	-1.3656368890987	1	0.049	0.1	0.051
Nemf	0.131815297644082	-0.564997589492715	1	0.098	0.115	0.017
Tnpo1	0.131904257638462	0.20346309516836	1	0.252	0.2	0.052
Luzp1	0.132049355388723	0.345864339409937	1	0.325	0.254	0.071
Pik3c2a	0.132372932680377	0.255112986115695	1	0.221	0.177	0.044
Fam222b	0.132442411480438	0.247258007647618	1	0.172	0.115	0.057
Ppard	0.133030794733992	-0.618639977890932	1	0.16	0.223	0.063
Il13ra1	0.133168833510761	-0.2363969482865	1	0.092	0.154	0.062
Grm3	0.134753437054263	-0.347014734365913	1	0.669	0.8	0.131
Nsd1	0.135377139257283	-0.441566791455468	1	0.399	0.446	0.047
Pde4c	0.136192230528359	-0.926492076711466	1	0.098	0.177	0.079
Gmds	0.136404559446574	-0.165562304571912	1	0.583	0.608	0.025
Camk2d	0.136862474097216	0.510111071579411	1	0.485	0.377	0.108
Ncl	0.137203172123762	-0.735168895129272	1	0.08	0.154	0.074
Sema5a	0.137463804274988	0.165422288869713	1	0.423	0.385	0.038
9930021J03Rik	0.137505167817825	-0.378206633479006	1	0.178	0.162	0.016
Ggt5	0.137531404890691	0.117720150382782	1	0.282	0.223	0.059
Agl	0.13816996104663	-0.778842384033387	1	0.074	0.1	0.026
Specc1l	0.138618760366661	-0.546533566981071	1	0.129	0.177	0.048
Bcl2	0.139719978463939	-0.60165555141596	1	0.209	0.254	0.045
Vtn	0.139839428741192	-0.184974365769017	1	0.675	0.731	0.0559999999999999
Tmtc1	0.140093403645228	0.898390045619542	1	0.147	0.1	0.047
Slc38a2	0.140278137741169	0.905242474822668	1	0.11	0.062	0.048
Arhgef12	0.140343251422107	-0.125726917265053	1	0.577	0.577	0
Slc22a8	0.14050785490413	-0.717907412038798	1	0.166	0.215	0.049
Slc38a6	0.140696301350266	-0.902919833910343	1	0.08	0.131	0.051
Zbtb34	0.141543896346707	-0.402750172734512	1	0.11	0.146	0.036
Tpm4	0.141779151996162	-0.385327157744515	1	0.129	0.115	0.014
Ski	0.14217120453107	0.811158875262075	1	0.209	0.108	0.101
Itsn2	0.142220243932431	-0.843579674252963	1	0.08	0.131	0.051
Sorbs3	0.142599121686372	-1.13079894460819	1	0.061	0.1	0.039
Hnrnpdl	0.143403114546282	-0.7664396681614	1	0.067	0.1	0.033
Ddx17	0.144024487368375	-0.529017803477886	1	0.374	0.446	0.072
Ryk	0.144468295216826	0.786788314042419	1	0.135	0.1	0.035
Cemip2	0.144681181406237	-0.216290652428133	1	0.245	0.246	0.001
Unk	0.145580860491883	-1.81306029119563	1	0.037	0.1	0.063
Gpbp1	0.145617284361916	1.1362519556179	1	0.135	0.069	0.066
Hif1a	0.145977943403217	0.31176118481676	1	0.117	0.077	0.04
Higd1b	0.146155791345445	-0.369068770919338	1	0.11	0.092	0.018
Fam118a	0.146626382401288	-0.331595138839065	1	0.123	0.146	0.023
Zfp182	0.147484657866411	-0.599281349057027	1	0.061	0.115	0.054
App	0.147535001439165	0.39455326813971	1	0.227	0.177	0.05
Fnbp1	0.147636462002693	-0.530083398958527	1	0.074	0.123	0.049
Kmt2c	0.148487952509248	-0.17423030906743	1	0.38	0.392	0.012
Fgf13	0.148623228168212	1.32294862941699	1	0.129	0.062	0.067
Appl2	0.14868509429919	-0.953395572392519	1	0.061	0.1	0.039
Osmr	0.149054178380136	0.347135110877861	1	0.264	0.208	0.056
Ecpas	0.1491076630709	0.47417994675809	1	0.166	0.108	0.058
Pde7b	0.151258454142741	0.418208420217443	1	0.485	0.438	0.047
Bod1l	0.151416662765319	-0.496585467343669	1	0.117	0.154	0.037
Nhsl2	0.151883353492579	0.766685568007641	1	0.153	0.092	0.061
Auts2	0.151915924008783	-0.583108175186684	1	0.245	0.323	0.078
Fli1	0.152396418384801	-1.00699763107335	1	0.074	0.146	0.072
Osbpl9	0.152736785869158	0.229910262739083	1	0.319	0.285	0.034
Dmd	0.15291687383176	0.425325491794077	1	0.834	0.754	0.08
Pip5k1b	0.15360561037842	0.576048335052957	1	0.577	0.477	0.1
Atp9b	0.154176678227676	0.904011381113774	1	0.104	0.062	0.042
Rbm27	0.154620343781912	-0.193961000510832	1	0.104	0.108	0.004
Zfand6	0.154621492265592	0.198224421411187	1	0.276	0.215	0.061
Pcf11	0.155095755495043	0.982666892039347	1	0.147	0.077	0.07
Smyd3	0.155339605856382	0.106967817323892	1	0.221	0.2	0.021
Uvrag	0.156008680299111	0.150159226469476	1	0.196	0.169	0.027
Foxo3	0.156335847734946	1.01643884926048	1	0.129	0.069	0.06
Zmynd8	0.15702703663832	0.957052656496429	1	0.104	0.038	0.066
Thrap3	0.157626508250189	0.367331946511574	1	0.202	0.162	0.04
Capza1	0.157667098958651	-1.41223798914785	1	0.049	0.1	0.051
Elp4	0.15813919379162	1.34805778761487	1	0.147	0.069	0.078
Rb1cc1	0.158299726481164	-0.392830461183363	1	0.141	0.154	0.013
Adgra2	0.158658556952948	0.965459335405218	1	0.117	0.054	0.063
Cers5	0.159024326033484	-0.416890226343502	1	0.123	0.146	0.023
Fstl1	0.159087832504637	0.327375000827307	1	0.184	0.115	0.069
Mef2c	0.160465325344842	-0.662926343221545	1	0.209	0.238	0.029
Mark3	0.161096175597604	-0.31935007192843	1	0.117	0.131	0.014
Senp6	0.16113147703166	0.772138047644013	1	0.166	0.085	0.081
Art3	0.161145197879037	-0.433732604169233	1	0.344	0.462	0.118
Ino80d	0.161875653632157	-0.147946633936974	1	0.135	0.115	0.02
Pwwp2a	0.16260400785625	-1.18200887035876	1	0.092	0.177	0.085
Adamts10	0.162669616355185	-0.330254193259323	1	0.117	0.1	0.017
Gpatch2	0.163708134344159	0.964486683191306	1	0.172	0.092	0.08
Dock6	0.164826994920212	-0.339125782867188	1	0.613	0.662	0.049
Chic2	0.16498142833097	-0.15511766813167	1	0.104	0.1	0.00399999999999999
Zkscan3	0.165176392246526	0.437014739026204	1	0.129	0.092	0.037
Prpsap1	0.165308954390831	1.11287742006309	1	0.129	0.054	0.075
Gpc6	0.165484835389583	-0.145384405929873	1	0.755	0.808	0.053
Mnat1	0.165585436709179	0.403024724013511	1	0.135	0.108	0.027
Cecr2	0.165874462072091	-0.633927348705451	1	0.135	0.162	0.027
Ugp2	0.165933672281787	-1.22584042307025	1	0.074	0.138	0.064
Agmo	0.16598681190143	-1.45404285390466	1	0.086	0.169	0.083
Pdgfd	0.166443754527775	0.404577938767606	1	0.178	0.108	0.07
Ank2	0.166751824762738	-0.359043351031439	1	0.362	0.385	0.023
Ccdc141	0.16684424035844	-0.266290607061558	1	0.479	0.5	0.021
Rhoa	0.167391001170979	0.297184173929473	1	0.153	0.108	0.045
Sash1	0.168409176850082	-0.298778158653485	1	0.331	0.331	0
Ggt1	0.168647280037422	-0.634581548712787	1	0.104	0.146	0.042
Reep3	0.17042568932395	-0.273389379277496	1	0.233	0.269	0.036
Akap8l	0.171838518802195	-1.15396619567054	1	0.067	0.123	0.056
Ttc14	0.173695784653152	-0.117268318448447	1	0.215	0.208	0.00700000000000001
Itgb1	0.174197911153462	0.356720262355857	1	0.393	0.308	0.085
Kcnt2	0.174875672727103	-1.09384921980055	1	0.055	0.138	0.083
Tns3	0.17612117603907	-0.818156280521775	1	0.074	0.108	0.034
Ubap2l	0.176138219195431	0.176402386074859	1	0.202	0.154	0.048
Hnrnph3	0.17629521480105	0.441204956281594	1	0.135	0.108	0.027
Cpm	0.177007627449698	-0.749281476189867	1	0.117	0.154	0.037
Baz2a	0.177399679668467	-0.297276500873191	1	0.123	0.138	0.015
Pals1	0.177861492871672	0.326891589808402	1	0.141	0.1	0.041
Pla2r1	0.178839426709714	-0.606433722529312	1	0.252	0.315	0.063
Wsb1	0.180396720751679	-1.32960200658056	1	0.067	0.138	0.071
Zfx	0.180553523600061	0.275317894827201	1	0.147	0.108	0.039
Appl1	0.180684127492951	0.109562682426487	1	0.11	0.085	0.025
Susd6	0.180709288153203	-0.312368385828211	1	0.356	0.446	0.09
Ppp2r2a	0.180806078679745	0.475897605521631	1	0.202	0.138	0.064
Cd63	0.18090626638628	-0.44036818411498	1	0.055	0.1	0.045
Yy1	0.181230126984789	-0.161640384050118	1	0.104	0.085	0.019
Gatad2b	0.181651274416081	0.280020210882625	1	0.135	0.092	0.043
Snapc3	0.18176105294035	-0.703482046296209	1	0.098	0.123	0.025
Cadm2	0.181794049558154	-0.170981012964162	1	0.117	0.138	0.021
Gpatch8	0.182171388273957	0.767153006205466	1	0.184	0.115	0.069
Palld	0.18218080086727	0.72697842577319	1	0.141	0.069	0.072
Nudt4	0.182565541666948	0.579038914764926	1	0.104	0.069	0.035
Nckap5	0.183361884426587	-0.840265031742425	1	0.098	0.123	0.025
Rheb	0.184854828792234	-1.10313011997412	1	0.074	0.131	0.057
Zfp532	0.185573993630716	0.813275157876133	1	0.117	0.062	0.055
Map3k7cl	0.186444612499189	1.11042513847994	1	0.104	0.054	0.05
Rgs5	0.187076978961573	-0.198614720307733	1	0.503	0.638	0.135
Wasf2	0.18795489855158	-0.315956850193151	1	0.233	0.292	0.059
Akap13	0.188273034528919	-0.553479134065758	1	0.38	0.462	0.082
Nr3c1	0.188453410388593	0.228155975765854	1	0.178	0.146	0.032
Baz2b	0.188999390027756	-0.153400404292297	1	0.319	0.315	0.004
Gucy1a1	0.189286994149483	0.318014160474613	1	0.423	0.354	0.069
Plod2	0.190607065742927	0.316074257044832	1	0.117	0.077	0.04
Ccnl1	0.191148727979454	-0.322271504096351	1	0.16	0.192	0.032
Rdh5	0.191367902257983	-1.53558030472346	1	0.031	0.1	0.069
Chn1	0.192413339036652	-0.270466199634865	1	0.117	0.115	0.002
Stau1	0.193737687975613	0.592910761250817	1	0.11	0.077	0.033
Spata6	0.194660158201513	-0.210662296815066	1	0.153	0.146	0.00700000000000001
Arfgef1	0.194856281139294	-0.174457119407863	1	0.104	0.077	0.027
Scarf1	0.195726845064623	-0.99281111340888	1	0.074	0.138	0.064
Rprd2	0.196044912298805	0.415478210239667	1	0.123	0.1	0.023
Myocd	0.196784947728768	1.12182160750675	1	0.135	0.062	0.073
Zeb1	0.197278324093848	-0.156452020175054	1	0.791	0.777	0.014
Rerg	0.197538548494819	0.682435026858284	1	0.104	0.085	0.019
Clint1	0.199118320167603	0.600850662207973	1	0.16	0.115	0.045
Lrig1	0.199206690599509	0.307721233721083	1	0.264	0.177	0.087
Soga1	0.199546948890554	-0.852546563157227	1	0.092	0.146	0.054
Usp34	0.200406348869643	0.191731019184333	1	0.423	0.377	0.046
Dse	0.200523784173884	-0.138865031076424	1	0.196	0.185	0.011
Nr1d2	0.202279426321861	0.434044381800455	1	0.325	0.269	0.056
Parp8	0.203114285853496	0.119097987607853	1	0.491	0.431	0.06
Rbpms2	0.203175433692312	-0.139280862112931	1	0.166	0.154	0.012
Sp1	0.20328126747184	-0.994353017085351	1	0.117	0.192	0.075
Eif4g1	0.203465354201813	-1.35085245421937	1	0.049	0.1	0.051
Plekha2	0.204939176634668	-0.815614777966851	1	0.104	0.162	0.058
Fer	0.205240360384846	0.415186045999547	1	0.233	0.177	0.056
Rasl12	0.205799217842458	0.480080986433052	1	0.313	0.254	0.059
Pik3r3	0.206271607307058	0.516284939563505	1	0.104	0.069	0.035
Itpr2	0.206745755115555	-0.222597868327118	1	0.571	0.585	0.014
Kank2	0.206784748083639	-0.292673036781256	1	0.331	0.323	0.00800000000000001
Ppfibp2	0.208003655463809	-0.583994689036523	1	0.27	0.315	0.045
Cysltr2	0.208299601523855	-0.47869538035614	1	0.196	0.315	0.119
Iars2	0.209614900007241	0.578150692280391	1	0.11	0.062	0.048
Chd9	0.209681639480315	-0.626335605042453	1	0.202	0.292	0.09
Laptm4a	0.209834195880373	-0.380780110798783	1	0.184	0.231	0.047
Dab2ip	0.21049339890546	0.461650889221804	1	0.147	0.077	0.07
Ssbp2	0.210660465797813	-0.607670414169401	1	0.141	0.185	0.044
Anapc5	0.210867491596736	0.848332580399353	1	0.117	0.069	0.048
Snx24	0.211079618404726	-0.831841182967654	1	0.086	0.123	0.037
2210408I21Rik	0.21143896006995	-0.588833295434539	1	0.135	0.123	0.012
Tm4sf1	0.211902398269013	-1.45890841767934	1	0.074	0.154	0.08
Ndufa4l2	0.212638161650802	-0.471492308784097	1	0.11	0.115	0.005
Golim4	0.214680751895058	0.412439835050657	1	0.172	0.131	0.041
Plekhh2	0.216052288063447	-0.193481076859731	1	0.221	0.2	0.021
Rmdn1	0.217520948888256	-0.70164228216081	1	0.086	0.1	0.014
Amotl1	0.21777692199545	-0.300171571497515	1	0.172	0.192	0.02
Dars	0.21786298884427	-1.12145510842359	1	0.061	0.115	0.054
Myl9	0.217903397502245	0.655459071827063	1	0.202	0.123	0.079
Cuedc1	0.219107370713039	0.648852737792236	1	0.301	0.192	0.109
Fam118b	0.21939684656038	-0.248328752526018	1	0.325	0.331	0.00600000000000001
Mipol1	0.219499144206916	0.516069591748971	1	0.129	0.085	0.044
Adk	0.220427937798758	-0.341952376553736	1	0.423	0.485	0.062
Brd4	0.220642032400554	-0.477501945278909	1	0.209	0.246	0.037
Large1	0.220981564902846	0.290876996424567	1	0.307	0.238	0.069
Cdk13	0.222506553473878	0.205520489686958	1	0.184	0.162	0.022
Picalm	0.222672131797466	0.158458144272521	1	0.448	0.392	0.056
Mprip	0.222851880658374	-0.181296045465178	1	0.546	0.623	0.077
Lpp	0.22323340246112	0.368545570871581	1	0.583	0.515	0.0679999999999999
Mcam	0.223556003082998	0.250382445680817	1	0.258	0.177	0.081
Epas1	0.226097853313893	-0.461542869920059	1	0.393	0.438	0.045
Immp2l	0.226173261312157	0.176696750712824	1	0.239	0.223	0.016
Rora	0.22657292307143	-0.1356444755516	1	0.865	0.915	0.05
Rbbp6	0.227486904870064	-0.194869978899414	1	0.147	0.154	0.00700000000000001
Ambra1	0.228223313891364	-0.310452397451388	1	0.264	0.331	0.067
Fbxl3	0.228394915698122	-0.827097051697477	1	0.092	0.115	0.023
Fam117b	0.233462742982564	-0.213757411636798	1	0.141	0.138	0.00299999999999997
Pcdh19	0.234882765455082	0.740016169816605	1	0.202	0.115	0.087
Faf1	0.235240329959719	-0.444709564210283	1	0.092	0.1	0.00800000000000001
Dcbld2	0.237359240281285	-0.881197709382353	1	0.104	0.185	0.081
4930523C07Rik	0.237452618547452	0.916905193666881	1	0.215	0.131	0.084
Rem1	0.237819962931401	-0.321219544892263	1	0.153	0.2	0.047
Otud7b	0.237999880040765	0.908596813692042	1	0.104	0.046	0.058
Tshz1	0.238507546452005	-0.790023588412801	1	0.067	0.1	0.033
Sh3bgrl	0.23868809704069	0.421583064043682	1	0.239	0.2	0.039
Epb41l2	0.239890120645423	-0.223044913028967	1	0.546	0.615	0.069
Apoe	0.240268244408953	-0.170456468118165	1	0.202	0.215	0.013
Nxn	0.240403919381093	-0.300736544437544	1	0.123	0.1	0.023
Esyt1	0.240859550497076	-0.19936441864785	1	0.104	0.092	0.012
Rtn3	0.241173699557466	1.00607053703133	1	0.141	0.092	0.049
Lifr	0.241450383527627	0.130053852327448	1	0.135	0.1	0.035
Cspg4	0.241929031059344	-0.443494883781704	1	0.387	0.515	0.128
Bbx	0.242558715141218	-0.248523266097054	1	0.184	0.2	0.016
Fndc3a	0.242596958203843	-0.255247546895478	1	0.196	0.269	0.073
Mideas	0.242738278855253	-0.469898165796872	1	0.086	0.1	0.014
Ehbp1	0.242841525786029	-0.41512567370067	1	0.147	0.215	0.068
Gigyf2	0.24325971037741	-0.148347726456046	1	0.123	0.131	0.00800000000000001
Wars2	0.243591485081145	0.596009176877442	1	0.129	0.1	0.029
Rcsd1	0.243726456328608	-0.221440778611333	1	0.344	0.369	0.025
Pld1	0.244729810810939	-0.330533011517231	1	0.491	0.538	0.047
Cdh2	0.245296824616903	-0.469328466029327	1	0.16	0.254	0.094
Nipbl	0.247810231723598	-0.36543499466204	1	0.472	0.569	0.097
Esam	0.248029883255086	-0.636136091996154	1	0.104	0.131	0.027
Samhd1	0.248131360796058	-0.612134383492547	1	0.11	0.138	0.028
Ldlr	0.248300573939668	-1.09911199419266	1	0.092	0.131	0.039
Syne2	0.249087452432681	0.485017223447715	1	0.436	0.338	0.098
Atg4a	0.250015253499145	0.364423271504818	1	0.135	0.1	0.035
Adgrl3	0.250292114856192	-0.120772654608284	1	0.27	0.323	0.053
Zbtb37	0.250369247290159	-1.27677384204288	1	0.037	0.1	0.063
Gucy1b1	0.250526741847572	-0.279525635860162	1	0.472	0.6	0.128
Larp4b	0.250787016210485	-0.599176557016052	1	0.092	0.115	0.023
Zbtb4	0.251148409877744	-0.353089876010287	1	0.086	0.123	0.037
Cacna1c	0.253016469923462	0.23936321998883	1	0.92	0.9	0.02
Hnrnpl	0.253209734275149	-1.04283305524246	1	0.067	0.108	0.041
Pum1	0.253251570988307	-0.184649841516406	1	0.202	0.208	0.00599999999999998
Slc30a10	0.254046523133142	-0.625658763947392	1	0.282	0.408	0.126
Actb	0.254778392036614	0.219728507276857	1	0.233	0.223	0.01
Fubp1	0.25526090750309	-0.16741976786778	1	0.129	0.123	0.00600000000000001
Rnf111	0.255796221682471	0.797226837795097	1	0.11	0.062	0.048
Cdc73	0.256623368833251	-0.726663335559073	1	0.117	0.177	0.06
Zmym4	0.256947079670724	-0.17427474886772	1	0.123	0.115	0.00799999999999999
Zbtb10	0.257068800909265	1.25385694032347	1	0.11	0.054	0.056
Wls	0.257911528187554	-0.37008229029083	1	0.405	0.454	0.049
Zmym5	0.257939667495229	-0.502335881350895	1	0.16	0.192	0.032
Trak1	0.25997270956834	0.549702061851546	1	0.27	0.192	0.078
Srrm1	0.260421413915296	0.207214709908807	1	0.11	0.077	0.033
Ndel1	0.260613575375722	-0.147744156891214	1	0.098	0.1	0.002
Smad5	0.260733155522675	-1.16748402006664	1	0.067	0.123	0.056
Egfr	0.261737722065821	0.181390088864308	1	0.172	0.131	0.041
Nfkb1	0.261953771208813	-0.645465804946019	1	0.147	0.2	0.053
Zfp644	0.262393740086709	0.27510807699926	1	0.184	0.146	0.038
Ptp4a3	0.262749431707995	-1.06848113562434	1	0.08	0.108	0.028
Gab2	0.262783084815065	-0.307587630280832	1	0.368	0.4	0.032
Ss18	0.263164932038013	-0.191077508640563	1	0.098	0.1	0.002
Ppp3cb	0.263381478035467	0.188600882678454	1	0.184	0.138	0.046
Ngly1	0.264120889085458	0.29136020044028	1	0.135	0.115	0.02
Prkn	0.268093070440603	-0.778291615203159	1	0.08	0.131	0.051
Lamc1	0.268889698595019	-0.114156145927983	1	0.589	0.562	0.0269999999999999
Katnbl1	0.270234186474031	0.773820063170772	1	0.117	0.069	0.048
Swt1	0.270779695230249	-0.433978821635909	1	0.129	0.154	0.025
Strn3	0.270798030485804	-0.28657838165784	1	0.521	0.562	0.041
Resf1	0.271128793303269	-0.379490417415136	1	0.129	0.146	0.017
Ddx3x	0.272636550096782	-0.497232394843352	1	0.19	0.246	0.056
Atl3	0.272913112284601	0.118494216464759	1	0.147	0.123	0.024
Xiap	0.273440341054348	-0.135548974120863	1	0.202	0.192	0.01
Pds5a	0.274192135426371	0.711369508256126	1	0.141	0.085	0.056
Nck2	0.274878274840875	-0.275097710164435	1	0.258	0.292	0.034
C2cd2	0.275406652057538	0.2485037100098	1	0.196	0.146	0.05
Hipk1	0.275829580129786	-0.564418739782946	1	0.129	0.162	0.033
Sec24d	0.2775941958384	-0.531836390948448	1	0.086	0.1	0.014
Stam2	0.277927206468429	-0.366481147743267	1	0.092	0.1	0.00800000000000001
Atp10a	0.278546597913758	0.756797553738387	1	0.123	0.054	0.069
Tle1	0.279779491379283	-0.31620106187133	1	0.19	0.215	0.025
Fap	0.279978128592182	-0.684112051903469	1	0.245	0.369	0.124
Wdpcp	0.28021350893728	-0.701635123447623	1	0.104	0.138	0.034
Trmt9b	0.280338350441344	-1.52618517136451	1	0.055	0.146	0.091
Fchsd2	0.283164309202389	0.267144365267508	1	0.46	0.392	0.068
Rap1gds1	0.28329837759128	-0.647822391261731	1	0.055	0.1	0.045
Ube2i	0.285759576600607	1.33995085956955	1	0.129	0.054	0.075
Tbc1d4	0.286177947928666	-0.974301807751841	1	0.117	0.185	0.068
Pds5b	0.286822109525589	0.364063260512046	1	0.288	0.246	0.042
Cyth3	0.28741978467645	-0.152895738092399	1	0.405	0.415	0.00999999999999995
Ube2e2	0.287772404052005	-0.911064097707887	1	0.147	0.192	0.045
Cbfb	0.288931772692331	-0.356349691607645	1	0.092	0.123	0.031
Entpd1	0.2910274053983	0.636367997570528	1	0.178	0.108	0.07
Ctdspl	0.292120809579778	-0.160488292822469	1	0.528	0.577	0.0489999999999999
Gpbp1l1	0.293602425831452	-0.125504803256117	1	0.11	0.115	0.005
Dusp16	0.294748197833976	0.289915710992856	1	0.178	0.138	0.04
Dnajc3	0.295513166275501	0.316525900514504	1	0.184	0.138	0.046
Chchd3	0.29551894678471	0.624947214814205	1	0.135	0.092	0.043
Platr25	0.296389354508267	-0.486568653289686	1	0.061	0.1	0.039
Rabgap1l	0.297060787727166	-0.471366479299998	1	0.135	0.146	0.011
Kiz	0.298649184286542	0.772618148213413	1	0.104	0.069	0.035
Cdk8	0.300045070940876	-0.802065228917484	1	0.08	0.138	0.058
Grk3	0.300973569920552	0.491780446352559	1	0.117	0.069	0.048
Znrf3	0.301274678204153	0.328578668648328	1	0.276	0.208	0.068
Kank1	0.303141999818648	0.49840294089789	1	0.129	0.077	0.052
Hnrnpu	0.303146832015201	0.715445372807069	1	0.129	0.092	0.037
Zfp36l1	0.303153162801792	-0.701478588595969	1	0.067	0.108	0.041
Vgll4	0.304130408093154	-0.473421730486574	1	0.129	0.154	0.025
Cog5	0.304292196010081	-0.148833221796878	1	0.153	0.154	0.001
Jph2	0.304449461159618	1.23555748344777	1	0.104	0.054	0.05
Dennd1b	0.304960599458601	0.48445847253527	1	0.172	0.138	0.034
Dach1	0.306007267737064	-0.265374513775848	1	0.35	0.446	0.096
St6gal1	0.307166137598184	-0.333516548183157	1	0.368	0.438	0.07
Lsm14a	0.307622933926342	-0.614265593490022	1	0.104	0.123	0.019
Abtb2	0.308334537583728	-0.189614667868315	1	0.135	0.131	0.004
Add3	0.308425377279867	-0.495374290912571	1	0.178	0.269	0.091
Klhl23	0.30846775880157	0.167399890606489	1	0.35	0.3	0.05
R3hcc1l	0.308741377396407	-0.741652559437011	1	0.104	0.138	0.034
Rrbp1	0.309054604400874	0.23905749583159	1	0.221	0.177	0.044
Pde8a	0.309387287678949	-0.609698166586114	1	0.141	0.185	0.044
Jmjd1c	0.310021538595192	0.14550334167539	1	0.54	0.538	0.002
Pde1a	0.310724047845596	-0.185262738500581	1	0.221	0.308	0.087
Nrxn1	0.312264472768352	0.135351127178969	1	0.184	0.177	0.00700000000000001
Pias1	0.313774994188855	0.115205594106585	1	0.239	0.215	0.024
Itprid2	0.314994045365633	0.179654376863277	1	0.104	0.077	0.027
Fndc3b	0.31519088722188	-0.320408467887026	1	0.252	0.315	0.063
Xpo7	0.315687150958232	-0.17948808650049	1	0.117	0.108	0.00900000000000001
Eda	0.315832669132368	-0.739460753741625	1	0.117	0.154	0.037
Acadsb	0.317823951284074	0.38780776535772	1	0.135	0.108	0.027
Rb1	0.32070858807578	-0.696362306850769	1	0.117	0.185	0.068
Senp7	0.320868167946163	0.114152211770346	1	0.104	0.092	0.012
Nostrin	0.321083073252683	-0.830610460483161	1	0.086	0.123	0.037
Foxd1	0.323060366223972	-0.428503450297817	1	0.086	0.146	0.06
Ankrd44	0.324755314069584	-0.278017746533583	1	0.276	0.308	0.032
Bptf	0.327443568061814	0.211632231108704	1	0.147	0.131	0.016
Mfge8	0.327689544277304	0.261206396440238	1	0.184	0.138	0.046
Aebp2	0.328117493372924	0.795456486801017	1	0.123	0.077	0.046
Ace2	0.329315520698866	0.320860722827323	1	0.147	0.108	0.039
Lrrc8c	0.331228490922235	-0.843308176876946	1	0.074	0.131	0.057
Dzip1l	0.332249765256619	-0.837592588315437	1	0.074	0.115	0.041
Cpsf6	0.332448229145054	-1.27694467213031	1	0.067	0.123	0.056
Gkap1	0.334748227032186	0.469035278389782	1	0.135	0.108	0.027
Gja4	0.336441205899226	0.450220561443511	1	0.123	0.069	0.054
Tgfb1i1	0.336826361317182	-0.64588695429138	1	0.086	0.1	0.014
Atp2a3	0.33703959028036	-0.2985905177154	1	0.202	0.208	0.00599999999999998
Npepl1	0.33737763957503	-0.167539990494814	1	0.123	0.115	0.00799999999999999
Pde4d	0.338716401402503	-0.200168977680801	1	0.785	0.854	0.069
Myo6	0.339156766967895	-0.338513418535502	1	0.16	0.2	0.04
Carmil1	0.339294049310044	0.551401840912805	1	0.515	0.431	0.084
Mylip	0.339782762457304	-0.9266552318124	1	0.074	0.115	0.041
Ttc28	0.341726682833276	-0.305755350342598	1	0.479	0.485	0.00600000000000001
Prkd3	0.342012114244185	-0.329040172114323	1	0.117	0.131	0.014
Rgs3	0.342626310088572	-1.02410215580069	1	0.123	0.192	0.069
Rnd3	0.343036767300703	-0.595830173394012	1	0.086	0.108	0.022
Mxd4	0.344133829265694	0.818659039212283	1	0.135	0.077	0.058
Notch1	0.344143363474393	-0.242027541861231	1	0.215	0.223	0.00800000000000001
Setd5	0.344755793720873	0.220104497155707	1	0.448	0.4	0.048
Ercc6l2	0.347239283562032	-0.721597280839036	1	0.092	0.115	0.023
Atxn7	0.347836533367693	-0.309443266476992	1	0.166	0.192	0.026
Igf1r	0.349588512740274	0.494971470431421	1	0.564	0.469	0.095
Parp3	0.351767614302042	0.659948764867966	1	0.129	0.085	0.044
Gnb1	0.352811170458056	0.654771580242886	1	0.178	0.162	0.016
Maml3	0.3549784023252	0.278910236261495	1	0.276	0.269	0.00700000000000001
Smurf2	0.355471108165769	0.325112104700767	1	0.233	0.192	0.041
Ak3	0.355910624032791	-0.78110653451989	1	0.098	0.169	0.071
Gab1	0.357282602094832	-0.252641046305047	1	0.54	0.569	0.0289999999999999
Kdm5a	0.357615248904552	-0.248121591128443	1	0.11	0.115	0.005
Septin4	0.358288303462073	-0.184335687030868	1	0.429	0.508	0.079
Fgfr1	0.359356986502081	0.741940260475603	1	0.117	0.077	0.04
Mboat2	0.362987440205999	-0.180585566470151	1	0.276	0.377	0.101
Trpv2	0.363961820123681	0.151631440935284	1	0.123	0.1	0.023
Stxbp4	0.364022379661776	1.3882407144951	1	0.11	0.054	0.056
Lamp2	0.365176738865123	-1.42405798155151	1	0.043	0.115	0.072
Cachd1	0.369333988915364	0.651027501467501	1	0.104	0.062	0.042
Ganc	0.372198981093415	-1.5880905475801	1	0.055	0.131	0.076
Pnn	0.373317020693728	1.17899378914587	1	0.135	0.069	0.066
Cstf3	0.37471455631202	-0.461324892763617	1	0.086	0.1	0.014
Ets1	0.374757817821096	-0.368724226261107	1	0.288	0.323	0.035
Cald1	0.377406338088699	-0.119570972961608	1	0.963	0.962	0.001
Pum2	0.377415355530409	0.771983720863847	1	0.233	0.154	0.079
Agrn	0.3783086353349	0.446299342063139	1	0.202	0.138	0.064
Tcf7l1	0.378661688312087	0.577234027537587	1	0.209	0.154	0.055
Cfh	0.378784704572356	0.660759553041068	1	0.135	0.092	0.043
Plat	0.380898727221076	-1.1214592359757	1	0.08	0.138	0.058
Asb3	0.38130402779889	0.193234102140346	1	0.172	0.138	0.034
Eps8	0.381762819480607	-0.372387352629886	1	0.405	0.508	0.103
Dmxl1	0.383004691806129	-0.746085892252835	1	0.098	0.169	0.071
Itga7	0.383926556341756	0.603716648516068	1	0.16	0.115	0.045
Tanc1	0.386418997313559	0.296244701792075	1	0.123	0.085	0.038
Lonp2	0.387054420474302	-0.368746191381353	1	0.147	0.169	0.022
Cbx5	0.387368580168029	0.498512977991451	1	0.239	0.2	0.039
Cwf19l2	0.388718830993817	-0.245145959863348	1	0.172	0.192	0.02
Nfatc3	0.389696280834705	-0.199765060264468	1	0.117	0.123	0.00599999999999999
Tmem87a	0.393329725991902	0.670448842154521	1	0.172	0.115	0.057
Plpp3	0.393867909194961	0.735524612051907	1	0.221	0.138	0.083
Zcchc14	0.394459525449239	0.555351850873954	1	0.123	0.1	0.023
Arcn1	0.394583836780033	-0.878262587730926	1	0.098	0.162	0.064
Scarb1	0.396306175383449	-0.522121588676494	1	0.092	0.108	0.016
Palmd	0.396722407660247	0.169955614895874	1	0.098	0.1	0.002
Rasgrp3	0.399136644020641	-0.315583817118802	1	0.227	0.238	0.011
Egflam	0.399278484021862	-0.268368734914603	1	0.558	0.654	0.096
Ptk7	0.399810355451984	-0.673037136353211	1	0.074	0.1	0.026
Pot1b	0.402742858780312	-0.669499227622068	1	0.092	0.162	0.07
Umad1	0.402948121948098	-0.233754449951721	1	0.117	0.1	0.017
Dennd5a	0.403789373792912	0.85877211477548	1	0.209	0.123	0.086
Sparc	0.405889395307407	-0.38859097210478	1	0.196	0.208	0.012
Pacsin2	0.406482837039609	0.81651092613201	1	0.104	0.062	0.042
Mospd2	0.406722325172666	0.288587574449798	1	0.098	0.1	0.002
Pcdh18	0.406744440132559	-0.748894668790712	1	0.098	0.169	0.071
Epc2	0.406776030882899	-0.14139439414107	1	0.196	0.185	0.011
Myl6	0.406884907900495	0.2855955240869	1	0.202	0.169	0.033
Ptprm	0.410489528804289	-0.337453536222037	1	0.399	0.423	0.024
Crim1	0.411751345207816	0.346518983007627	1	0.497	0.415	0.082
Tnks1bp1	0.41514152377979	-0.167548422995359	1	0.117	0.146	0.029
Mapkap1	0.41663125064919	0.494443973956764	1	0.141	0.108	0.033
Sdc2	0.417002982535764	-0.445139038580427	1	0.485	0.569	0.084
Elf1	0.417520660501981	-0.25353927819287	1	0.123	0.138	0.015
Tmod3	0.417637053906799	0.145034027322373	1	0.423	0.4	0.023
Zfp609	0.417925136369304	0.355909827563302	1	0.172	0.146	0.026
Lrp5	0.41857904002887	-0.629267514659119	1	0.104	0.169	0.065
Igsf8	0.418875354573115	-0.458418664336856	1	0.209	0.292	0.083
Ubn2	0.41928980090849	0.25280142461311	1	0.245	0.215	0.03
Cul3	0.419827053037584	0.248679105696147	1	0.172	0.131	0.041
Thoc2	0.422186008634224	0.544335159120365	1	0.16	0.131	0.029
Tpcn1	0.423898725765441	-1.35625960863463	1	0.043	0.1	0.057
Xrcc4	0.426294812401055	0.834736940200704	1	0.123	0.077	0.046
Rap1a	0.426724769335658	0.452062416391235	1	0.528	0.454	0.074
Tax1bp1	0.429362028760618	0.10749443162184	1	0.172	0.162	0.00999999999999998
Rbfox1	0.431364171228732	0.342174323629754	1	0.147	0.123	0.024
Cert1	0.43453504701056	0.733990648372256	1	0.16	0.108	0.052
Snrk	0.434981131512391	0.306475539370237	1	0.417	0.408	0.00900000000000001
Rdx	0.435116359766844	0.439727003343685	1	0.141	0.108	0.033
Lims1	0.439630439926644	-0.111551262573461	1	0.681	0.685	0.004
Zfp950	0.441910271856367	-0.171643791852846	1	0.19	0.2	0.01
Atp1b2	0.442104216743993	-0.379768355910749	1	0.11	0.123	0.013
Zfp292	0.442234854306847	0.601419509201895	1	0.202	0.131	0.071
Nid1	0.443848236985111	0.280920357955012	1	0.344	0.269	0.075
Arhgef17	0.445733820199602	-0.210057798798379	1	0.288	0.323	0.035
Pibf1	0.446418589753965	0.903318061746783	1	0.147	0.085	0.062
Dennd2a	0.448066157251209	-0.310652150994524	1	0.307	0.346	0.039
Hmg20a	0.449975142651895	0.596848882821443	1	0.233	0.169	0.064
Abcd3	0.450375339007999	0.130158261153929	1	0.123	0.115	0.00799999999999999
Arhgap10	0.450470707996746	0.209002017882755	1	0.423	0.362	0.061
Naalad2	0.45158092013571	0.117925474905063	1	0.233	0.223	0.01
Col8a1	0.452096532981466	0.569494943598951	1	0.196	0.146	0.05
Cdk6	0.454620283716657	-0.422890232166197	1	0.227	0.262	0.035
Phf20l1	0.454953255239713	0.877461952385385	1	0.16	0.108	0.052
Uaca	0.459412912020686	-0.204510095924164	1	0.264	0.292	0.028
Stx18	0.459650639467387	-0.512598745739969	1	0.061	0.1	0.039
Myh11	0.459742130426142	0.295771357091134	1	0.331	0.238	0.093
Arhgap29	0.459779797288478	-0.114023995952511	1	0.632	0.662	0.03
Nbea	0.462362143499225	0.186908032378785	1	0.129	0.123	0.00600000000000001
Bcar3	0.463629044210021	-0.945562918097083	1	0.067	0.115	0.048
Ccar1	0.464627268002207	0.89567698071624	1	0.135	0.069	0.066
Ncor2	0.46528223193876	-0.668728345110247	1	0.092	0.138	0.046
Kpna4	0.468836121706979	-0.571228209703295	1	0.141	0.192	0.051
Heyl	0.469242524831439	0.30066751288045	1	0.215	0.177	0.038
Ythdf3	0.469479758606365	-0.275117952935046	1	0.184	0.2	0.016
Slc16a12	0.470131770138641	0.287855796274897	1	0.362	0.323	0.039
Cobll1	0.47085673307618	-0.23779694672873	1	0.681	0.746	0.0649999999999999
Lrrk1	0.471584105322089	-0.690318360745176	1	0.104	0.162	0.058
Copa	0.472047007672122	-0.395481583262735	1	0.086	0.1	0.014
Vangl1	0.473093090603673	-0.550630659502311	1	0.092	0.108	0.016
Bcar1	0.473734696381603	-1.10711888943707	1	0.055	0.115	0.06
Msn	0.474603300910091	0.517145581651929	1	0.178	0.138	0.04
Ppp6c	0.474734814876433	0.798329352967565	1	0.104	0.054	0.05
Usp47	0.476477754467985	0.184358696732055	1	0.215	0.169	0.046
Trappc8	0.47964329981895	0.698301781248153	1	0.104	0.069	0.035
Tpr	0.480442115300967	0.731675369558668	1	0.135	0.092	0.043
Mill2	0.482282141527199	-0.218089417775198	1	0.337	0.377	0.04
Nedd4l	0.484507060295407	-0.335932431140016	1	0.344	0.408	0.064
Atf7	0.486207920007139	0.126249863382509	1	0.288	0.269	0.019
Ago2	0.487405520052455	-1.24096184261932	1	0.055	0.108	0.053
Slc12a2	0.490191498255378	0.178303345091495	1	0.472	0.446	0.026
Nr2f2	0.490853865171101	0.286006884516276	1	0.356	0.308	0.048
Rnf213	0.493491549709968	-0.989495800318655	1	0.08	0.115	0.035
Slc7a2	0.494006545908174	-0.564054963963527	1	0.16	0.2	0.04
Pon2	0.494759557567421	-1.60322811155113	1	0.043	0.108	0.065
Ubr1	0.496412637672597	0.135261162327928	1	0.436	0.415	0.021
Rspry1	0.498220212621711	0.207991650531425	1	0.135	0.108	0.027
Mitf	0.500267410308868	-0.479375724986604	1	0.098	0.123	0.025
Rsrc1	0.503723323770892	0.13422091883528	1	0.233	0.215	0.018
Dyrk1a	0.508230123375067	0.413524266849744	1	0.196	0.146	0.05
Smarcc2	0.508707922879282	0.7228106935658	1	0.104	0.062	0.042
Ltbp1	0.509667869176054	0.309012740183528	1	0.258	0.169	0.089
Col4a4	0.510243825746275	-0.4857029717187	1	0.117	0.162	0.045
Foxp2	0.512393851575441	0.385982752234451	1	0.135	0.1	0.035
Phf20	0.515951909913161	-0.269914055030415	1	0.141	0.185	0.044
Frmd6	0.516393702365888	0.199564378620776	1	0.252	0.208	0.044
Tnfaip1	0.516454736405325	-0.498747306379356	1	0.233	0.3	0.067
Abcg2	0.517405780566169	-0.149089021538626	1	0.104	0.1	0.00399999999999999
Lbh	0.517554085197994	-0.195040088134957	1	0.184	0.2	0.016
Fut8	0.519754879740522	-0.228857279751448	1	0.184	0.2	0.016
Klhl5	0.52119706049169	0.44359379409738	1	0.123	0.092	0.031
Ano1	0.52277492536049	-0.344124356923765	1	0.552	0.646	0.094
Brd8	0.52485449280538	-0.932737641746876	1	0.055	0.108	0.053
Hspg2	0.52580613145347	0.702646549504545	1	0.147	0.1	0.047
Col4a6	0.525905882050806	0.629152760612838	1	0.178	0.138	0.04
Svil	0.526563727114159	-0.111306620535806	1	0.509	0.531	0.022
Mtus1	0.530700041357898	-0.207212404691774	1	0.153	0.146	0.00700000000000001
Ankrd50	0.530747688413315	-0.875109017710786	1	0.123	0.208	0.085
Ddx5	0.534145419994208	-0.130770061723937	1	0.601	0.608	0.00700000000000001
Map3k5	0.537319058704802	-0.149403570609258	1	0.202	0.192	0.01
Ywhae	0.541292554862749	0.615841658520943	1	0.202	0.169	0.033
Prkg1	0.542511444292821	-0.12437277016667	1	0.994	0.992	0.002
Zfp945	0.542554114014745	-0.924837573925315	1	0.067	0.115	0.048
Lrrc58	0.544307768943813	-0.229950152315348	1	0.129	0.138	0.00900000000000001
Prex2	0.545080519391354	-0.566180754945945	1	0.405	0.538	0.133
Ccnt1	0.546762185903698	-0.247278511535926	1	0.098	0.108	0.01
Ccnyl1	0.546874813003551	-0.845746125927881	1	0.055	0.123	0.068
Mpp7	0.547722903204758	0.132643074246339	1	0.215	0.2	0.015
Pam	0.549399728109648	0.115205717465533	1	0.092	0.1	0.00800000000000001
Aff1	0.551322987935371	0.324374734840235	1	0.307	0.246	0.061
Kdm7a	0.553079415690022	-0.575084988035228	1	0.067	0.1	0.033
Cp	0.553550028240244	0.343092349805091	1	0.436	0.4	0.036
Peli1	0.557645972254275	0.307426089381669	1	0.129	0.1	0.029
St3gal2	0.559498887819599	-0.406791999035995	1	0.08	0.115	0.035
Ppp2r3a	0.55996297306445	-0.696417864179732	1	0.196	0.269	0.073
Xrn2	0.561278292661893	-0.149094224263689	1	0.08	0.1	0.02
Pth1r	0.565084446804415	-0.3206062032043	1	0.221	0.269	0.048
Chd4	0.565752171104569	0.744779769550496	1	0.196	0.146	0.05
Calcrl	0.56632554390094	-0.498309312612307	1	0.08	0.1	0.02
Creb1	0.566774417481469	0.70456797777845	1	0.166	0.115	0.051
Tbxa2r	0.568198144124238	-0.477155949674209	1	0.11	0.138	0.028
Eng	0.569828915033071	0.186858310121208	1	0.202	0.192	0.01
Chst11	0.571191762025784	-0.861780459122757	1	0.074	0.1	0.026
Pou2f1	0.571863822220048	-0.529812189958336	1	0.123	0.169	0.046
Ano6	0.573656543202	0.147815614870479	1	0.337	0.331	0.00600000000000001
Pitpnm2	0.574349728440907	0.230667576081809	1	0.184	0.146	0.038
Tmem243	0.575453463568115	0.600280573010007	1	0.153	0.1	0.053
Rgma	0.579354419703556	-0.693858699537828	1	0.147	0.215	0.068
Bgn	0.583243879287751	0.804935218844013	1	0.11	0.077	0.033
Thsd7a	0.583485489315858	-0.330764578000087	1	0.153	0.177	0.024
Apobec1	0.584616040268388	0.157362590168647	1	0.141	0.115	0.026
Wapl	0.587520330059926	-0.377069826327543	1	0.153	0.208	0.055
Phc2	0.592307127038121	-0.205942685270571	1	0.092	0.108	0.016
Atrx	0.593246643150778	0.231193578637911	1	0.393	0.354	0.039
Cyp20a1	0.595479155164183	0.756770472508789	1	0.123	0.085	0.038
E130308A19Rik	0.596059362125865	-0.526979809583128	1	0.331	0.446	0.115
Hivep2	0.597481163295985	0.332885896291809	1	0.184	0.146	0.038
Cped1	0.598911665689152	0.20103446182282	1	0.613	0.615	0.002
P3h2	0.599230826215723	1.35116230633996	1	0.117	0.046	0.071
Abi1	0.600002786492669	-0.751757094699875	1	0.123	0.2	0.077
Usp24	0.60329221153924	0.199010926862718	1	0.172	0.138	0.034
Tra2b	0.603495460942979	-0.187050290823858	1	0.153	0.162	0.00900000000000001
Emcn	0.604645461209687	-0.439637989928891	1	0.184	0.269	0.085
Ubxn7	0.604659803526069	0.593777866367032	1	0.16	0.108	0.052
Fmnl3	0.607834631290023	0.376670432657431	1	0.141	0.115	0.026
Oaz2	0.61105681987435	-0.133095959543809	1	0.233	0.262	0.029
Elf2	0.611321846317199	0.117409675977916	1	0.11	0.092	0.018
Sltm	0.622558321577295	0.166573987954036	1	0.117	0.1	0.017
Pcbp2	0.62527550914138	0.558521341311304	1	0.141	0.115	0.026
Zfp608	0.626049654598271	0.599077070385481	1	0.129	0.092	0.037
Gsk3b	0.627508702831603	-0.275114702282921	1	0.166	0.192	0.026
Igf2r	0.629026595285724	-0.283566026780111	1	0.202	0.215	0.013
Nfib	0.629133249695009	0.363525124391859	1	0.184	0.185	0.001
Sfmbt1	0.629261701080165	-0.115983317546526	1	0.117	0.115	0.002
Atg10	0.630900157938624	-0.140290369947668	1	0.141	0.131	0.00999999999999998
St8sia4	0.632206658082351	0.336638962760058	1	0.209	0.215	0.00600000000000001
Itpkb	0.634592504191674	0.221007468922954	1	0.19	0.162	0.028
Thap3	0.634775516656793	-0.587337933623658	1	0.16	0.231	0.071
Ifi203	0.635219522338176	-0.311008862038743	1	0.117	0.169	0.052
Map3k1	0.637637397859768	-0.143184124136865	1	0.098	0.115	0.017
Lzts2	0.638417065945037	1.2148405922613	1	0.153	0.077	0.076
Bmp5	0.641020951766977	-0.538626377517696	1	0.19	0.254	0.064
Acap2	0.641086778926175	0.69646739812713	1	0.117	0.1	0.017
Tbx15	0.641465230558844	-0.145172227268048	1	0.215	0.2	0.015
Cyp4f13	0.643638173454449	0.107197373195302	1	0.123	0.108	0.015
B3galt1	0.644451507194991	-0.63290963500744	1	0.16	0.238	0.078
Kif13a	0.647272436101406	-0.199479606593011	1	0.135	0.138	0.003
Rab8b	0.648141616283669	-0.513204260875146	1	0.129	0.169	0.04
Dlg1	0.652788322469446	-0.23319606719076	1	0.117	0.123	0.00599999999999999
Wtip	0.654030432134985	0.106199281979948	1	0.166	0.146	0.02
Rreb1	0.655099155156979	0.482852554922941	1	0.245	0.223	0.022
Ncf2	0.658691208706488	-0.219330508559251	1	0.147	0.146	0.001
Dcbld1	0.660131307489137	-0.752258642666562	1	0.141	0.2	0.059
Tmem245	0.660996852925182	0.912371268464139	1	0.123	0.077	0.046
Brwd1	0.663337505237929	0.707385548702888	1	0.104	0.069	0.035
Ptprd	0.665253358308278	0.157767854498491	1	0.172	0.162	0.00999999999999998
Peli2	0.668607013331735	-0.385380353741464	1	0.331	0.4	0.069
Arhgef25	0.67079816732135	-0.599843873914857	1	0.08	0.123	0.043
Fgf14	0.67286058474291	-0.430920738366207	1	0.16	0.108	0.052
Phka1	0.673153829927162	-0.628955874985466	1	0.123	0.162	0.039
Kmt5b	0.674494291308122	-0.23306310200567	1	0.202	0.269	0.067
Ppfibp1	0.675021983159996	0.634192719690357	1	0.16	0.108	0.052
Stim2	0.680442824134933	-0.120714675800021	1	0.19	0.223	0.033
H3f3b	0.681726940325038	0.316779858700533	1	0.16	0.123	0.037
Myo9a	0.684363615702548	-0.399418238542467	1	0.11	0.154	0.044
Gjc1	0.685467473555764	-0.142619863069523	1	0.436	0.5	0.064
Shoc2	0.686444483177088	0.405253239359243	1	0.147	0.131	0.016
Itga4	0.687195486962702	0.253629293708614	1	0.294	0.315	0.021
Asap2	0.68865162767341	0.150180362104062	1	0.374	0.4	0.026
Ep300	0.689429630148763	-0.163880712482057	1	0.129	0.138	0.00900000000000001
Vcl	0.701945863993985	-0.192834773699266	1	0.528	0.538	0.01
Notch2	0.706889283159039	0.441476796045473	1	0.11	0.085	0.025
Nufip2	0.707391035083509	-0.347742316961081	1	0.117	0.146	0.029
Tgfbr2	0.707839828840705	-0.651218643766499	1	0.104	0.169	0.065
Slk	0.709985523659153	0.78710722894659	1	0.147	0.092	0.055
Ctnna1	0.711773814317111	-0.109915657415059	1	0.227	0.231	0.004
Sh3rf1	0.713030656686602	0.156819338079137	1	0.16	0.154	0.00600000000000001
Rbms2	0.713861560461978	0.13224851035628	1	0.166	0.169	0.003
Elk4	0.714905778274108	-0.531049500109115	1	0.086	0.1	0.014
Slc19a1	0.717055287782171	-0.412265464369844	1	0.147	0.169	0.022
Kcnq4	0.718453460613399	0.466390015204675	1	0.104	0.077	0.027
Tnrc18	0.718909302186635	-0.563841798376716	1	0.129	0.177	0.048
Lama4	0.724311143753449	-0.200585779207657	1	0.405	0.438	0.033
Alpk1	0.725472916954054	-0.159984778107733	1	0.141	0.177	0.036
Stk39	0.726088344475014	0.187625681327046	1	0.509	0.492	0.017
Kcmf1	0.728419493282617	0.446849593459762	1	0.178	0.154	0.024
Rnf216	0.728772608037289	0.305533954697729	1	0.178	0.146	0.032
Ifnar2	0.732804734278531	0.162941028763267	1	0.123	0.115	0.00799999999999999
Sgms1	0.734511384027978	0.401717935842081	1	0.215	0.192	0.023
Mndal	0.735163731381502	0.192761315446246	1	0.233	0.215	0.018
Cd2ap	0.736157321172194	-0.386175552358424	1	0.184	0.215	0.031
Ccr9	0.738932586014799	-0.250751694750538	1	0.104	0.131	0.027
Gnas	0.740251569475789	0.488356628803931	1	0.221	0.2	0.021
Stat3	0.741633635710997	-0.574816617010639	1	0.19	0.215	0.025
Pkd2	0.743167681097427	-0.111329206940829	1	0.239	0.246	0.00700000000000001
Trpc4	0.746051423198094	0.286831204937409	1	0.344	0.346	0.002
Il34	0.746853401365006	0.123312096980075	1	0.479	0.462	0.017
Atp11c	0.747760885454922	-0.380486082680685	1	0.196	0.262	0.066
Adgrf5	0.749835959926038	0.335378466503866	1	0.11	0.108	0.002
Osbpl8	0.752682345858122	-0.620295744830793	1	0.092	0.131	0.039
Dazap1	0.752753586813807	-0.524510939436073	1	0.074	0.1	0.026
Map3k3	0.753163663143774	-0.199535566063463	1	0.19	0.215	0.025
Stim1	0.754678255663195	-0.278737918819992	1	0.196	0.223	0.027
Ttpal	0.763393603429394	-0.503327537823695	1	0.08	0.1	0.02
Srsf4	0.764124560654491	0.280714080481366	1	0.123	0.1	0.023
Tbx2	0.765719617421545	-0.399902817111403	1	0.202	0.277	0.075
Zhx2	0.766159417293875	-0.423229272388456	1	0.172	0.223	0.051
Pacs1	0.771548826888629	0.426363974689479	1	0.166	0.146	0.02
Tmem164	0.771821856794434	-0.26559465362897	1	0.166	0.208	0.042
Col5a2	0.779400078572592	0.103630435771725	1	0.092	0.1	0.00800000000000001
Fnbp4	0.780170868612573	0.203052217473069	1	0.123	0.108	0.015
Sh3d21	0.782386216184637	-0.595430928821525	1	0.092	0.115	0.023
Srpr	0.782452808020315	0.308295226244012	1	0.104	0.085	0.019
Rassf3	0.786526443402073	0.103408207670639	1	0.153	0.162	0.00900000000000001
Iqgap1	0.787107111327097	0.415034540477139	1	0.178	0.154	0.024
Tor1aip1	0.787326836843823	-0.621042273030219	1	0.135	0.192	0.057
Garre1	0.794270927391116	0.333494998495193	1	0.264	0.262	0.002
Apbb2	0.796581373307961	0.240143610425998	1	0.761	0.754	0.00700000000000001
Phactr2	0.807913322137633	-0.222830723068068	1	0.215	0.269	0.054
Arglu1	0.810009741724862	-0.687018079348499	1	0.178	0.292	0.114
B3gnt2	0.814901273382567	-0.42960402824009	1	0.166	0.231	0.065
Rell1	0.815230059757942	0.30772780757783	1	0.11	0.1	0.01
Maml2	0.821675294676936	-0.123834018400609	1	0.816	0.823	0.00700000000000001
Arhgap31	0.821767423151979	0.147814494146369	1	0.258	0.262	0.004
Amn1	0.826392912415868	-0.209163456004257	1	0.123	0.108	0.015
Dcdc2a	0.827910560329206	-0.341869399994784	1	0.276	0.331	0.055
Ulk2	0.830958919039999	0.425026939440691	1	0.11	0.1	0.01
Gper1	0.833761907596987	0.250204551089423	1	0.117	0.115	0.002
Ahnak	0.834074646215738	-0.156343104294175	1	0.117	0.138	0.021
Specc1	0.838884506818495	-0.171103335768792	1	0.38	0.423	0.043
Tec	0.843475326170711	-0.608324079551141	1	0.135	0.2	0.065
Cab39l	0.843621408438514	-0.429573274128827	1	0.074	0.123	0.049
Sppl3	0.844304570644945	0.218902308867284	1	0.104	0.085	0.019
Arid2	0.846666561159879	-0.323834856980748	1	0.153	0.192	0.039
Eif4ebp2	0.847426643642474	-0.149205818070187	1	0.153	0.192	0.039
Yap1	0.849619310006366	0.145451783103966	1	0.184	0.185	0.001
Il1r1	0.84967107193426	0.532580482038114	1	0.123	0.092	0.031
Stx16	0.850973880061438	0.44673436304183	1	0.153	0.138	0.015
Daam2	0.857101174189054	-0.291387117044304	1	0.331	0.4	0.069
Mecp2	0.858222681144441	0.196514976669713	1	0.221	0.208	0.013
Stat5b	0.859589477276488	-0.239746296429732	1	0.086	0.131	0.045
Ddit4l	0.865478892428551	0.187905049531236	1	0.135	0.123	0.012
Tasor	0.865916703211704	0.207091523989412	1	0.325	0.285	0.04
Dusp11	0.866093968018834	-0.216586454920535	1	0.08	0.1	0.02
Pank2	0.868490929006582	0.126897655190249	1	0.11	0.108	0.002
Itm2b	0.869675760849874	0.127393281047605	1	0.221	0.231	0.01
Magi2	0.871533036661187	-0.420224665612187	1	0.147	0.177	0.03
Fam107b	0.875981110981119	0.189917563771592	1	0.196	0.169	0.027
Mpdz	0.882182429995355	-0.244265893131817	1	0.129	0.146	0.017
Ppp6r3	0.882354657431981	0.135731048213232	1	0.221	0.215	0.00600000000000001
Ncoa6	0.882954623104286	-0.336988546926415	1	0.086	0.115	0.029
Gna13	0.883123459217176	-0.993192240955096	1	0.049	0.1	0.051
Jag1	0.886580817308534	0.338470626030624	1	0.215	0.192	0.023
Uimc1	0.889167377336936	-0.6488095089868	1	0.067	0.1	0.033
Prkdc	0.891071998908385	-0.786853625379955	1	0.055	0.1	0.045
Rbpms	0.902770033432827	0.13857029514456	1	0.736	0.7	0.036
Cbfa2t3	0.908060081394742	0.359222810453875	1	0.11	0.1	0.01
Cast	0.915274165999038	-0.216775350168549	1	0.19	0.215	0.025
Ston1	0.9152903538199	-0.363629066115593	1	0.098	0.123	0.025
Lef1	0.9170839286443	0.735138573987183	1	0.117	0.1	0.017
Mat2a	0.917158851098613	1.84846175832554	1	0.117	0.038	0.079
Slc10a7	0.920659739001031	0.268164685349594	1	0.135	0.131	0.004
Col4a3	0.921260500870797	0.11811009394781	1	0.252	0.262	0.01
2900026A02Rik	0.922121942012123	0.718364000096878	1	0.129	0.085	0.044
Upf3b	0.922603177898169	0.323729360513569	1	0.123	0.123	0
Inpp4b	0.9274708712217	-0.10883653607066	1	0.755	0.8	0.045
Nab1	0.929517870013623	-0.591536429323931	1	0.092	0.108	0.016
Tjp1	0.933140846321719	-0.123070271957124	1	0.423	0.515	0.092
Ctcf	0.934294226965282	0.183160778678479	1	0.147	0.138	0.00899999999999998
Serinc3	0.934489751769034	0.542749884017509	1	0.147	0.123	0.024
Mtmr3	0.934569224741809	0.11730875596059	1	0.196	0.2	0.004
Pdlim1	0.93625131714245	0.213163004741549	1	0.141	0.123	0.018
Creb5	0.937408613731433	0.808763065235714	1	0.123	0.085	0.038
Axl	0.937671558497445	-0.481466406509569	1	0.16	0.192	0.032
Kdm6a	0.938492484544793	-0.574791479620712	1	0.141	0.208	0.067
Slco3a1	0.943061373316793	-0.211276509495396	1	0.626	0.669	0.043
Il17rd	0.94316224202299	-0.295843324905528	1	0.092	0.123	0.031
Arhgap42	0.953291012796628	-0.16322472954445	1	0.675	0.746	0.071
Stx8	0.955800760987622	0.591923369167444	1	0.129	0.092	0.037
Sec63	0.966065956083139	-0.312293894894519	1	0.123	0.146	0.023
Tmem51	0.966094813751997	-0.116790622984896	1	0.135	0.169	0.034
Ephx1	0.967147131293781	-0.210902830861215	1	0.117	0.146	0.029
Lrrfip2	0.968999517529608	-0.145303388539419	1	0.098	0.115	0.017
Kat2b	0.972985476686071	0.685362109152535	1	0.196	0.169	0.027
Polr2a	0.974490539640408	-0.469305846468037	1	0.092	0.131	0.039
L3mbtl3	0.979247816187227	-0.566358778743605	1	0.092	0.131	0.039
Anpep	0.986691532242063	-0.127758697457553	1	0.104	0.115	0.011
Adcy6	0.987191678525919	0.215810513810496	1	0.147	0.131	0.016
Tpk1	0.989825785907642	0.276306855447395	1	0.117	0.108	0.00900000000000001
Foxc1	0.995520691740598	-0.478957420059413	1	0.08	0.1	0.02
Bbs9	0.99556203285647	0.292887940108323	1	0.135	0.146	0.011
Zic1	0.996301549835277	-0.198637075963178	1	0.301	0.331	0.03
