gene	p_val	avg_log2FC	p_val_adj	percent_PS19	percent_WT	percent_difference
Brwd1	1.36094471199682e-05	-1.22351363940983	0.243854073495591	0.079	0.241	0.162
Ddx10	1.63674135928817e-05	-4.83487151403652	0.293271316757255	0.008	0.12	0.112
Gbf1	1.80065961148141e-05	-2.46796212548195	0.32264218918524	0.071	0.265	0.194
Atp2c1	3.60780936498265e-05	-1.51262004300871	0.646447282017592	0.102	0.265	0.163
Nr6a1	4.79338848336852e-05	-8.2123663159051	0.858879348449972	0	0.133	0.133
Cacna1c	0.000129843593168664	0.314963307283863	1	0.882	0.952	0.07
Ecpas	0.000228395084011195	-1.95811942712193	1	0.024	0.157	0.133
Prkar1a	0.000235985508926103	-4.4569908599415	1	0.008	0.133	0.125
Fam135a	0.000237074035475528	-1.42421530510233	1	0.094	0.193	0.099
Fbxo3	0.000399554430333455	-2.73850171652809	1	0.024	0.157	0.133
Ywhae	0.000402803644007714	-2.09596757719766	1	0.079	0.265	0.186
Notch3	0.000419867787926186	0.99823765988582	1	0.874	0.747	0.127
Tbl1x	0.000517792593801512	-1.34360278376407	1	0.165	0.361	0.196
Clip1	0.000569817326946104	-1.39522527877296	1	0.102	0.241	0.139
Il1r1	0.000613519183957617	2.9829455402743	1	0.11	0.012	0.098
Dcbld1	0.000875298476370819	-0.644278309498921	1	0.063	0.181	0.118
Rasa1	0.000992103638398486	-2.5046216067308	1	0.031	0.157	0.126
Ythdc1	0.00106300146888662	-2.09335340144407	1	0.087	0.277	0.19
Ncoa7	0.00115427201753089	-3.09650771800502	1	0.024	0.12	0.096
Amn1	0.00117819066901531	-1.81329688138093	1	0.087	0.229	0.142
Cst3	0.00125511043981732	0.687451463608989	1	0.26	0.12	0.14
Son	0.0012880377168672	0.529910782660723	1	0.748	0.663	0.085
Atxn7l1	0.00144773862692217	-2.17063883146251	1	0.047	0.181	0.134
Ubac2	0.00148697030125197	-2.90459066299006	1	0.016	0.12	0.104
Pcbd2	0.00156633994161295	3.6827438094444	1	0.15	0.012	0.138
Akap11	0.00166632103741323	-1.90747501841897	1	0.039	0.133	0.094
Psma3	0.00173824037034056	-1.3486269288384	1	0.063	0.181	0.118
Taf15	0.00175509061836957	-1.57536876050594	1	0.063	0.181	0.118
Ptgds	0.00176960718225524	-0.95437339757305	1	0.063	0.193	0.13
Rngtt	0.00178218390470395	-2.68981881588575	1	0.016	0.108	0.092
Tnxb	0.0019148323239149	0.952286130522015	1	0.315	0.205	0.11
Runx1t1	0.00194989158774588	-1.63436866738595	1	0.102	0.193	0.091
Hspa4	0.00195806761060272	-2.46769864371585	1	0.039	0.133	0.094
Pdss2	0.00206105957207359	-1.61820442235131	1	0.071	0.217	0.146
Myef2	0.00206786988342058	-2.40521338953788	1	0.024	0.108	0.084
Dnajc19	0.00224102603250674	-3.0320272561503	1	0.024	0.169	0.145
Rere	0.00225485235325568	0.917427291684186	1	0.646	0.458	0.188
Pkia	0.00238548716143898	-3.18823831750146	1	0.024	0.133	0.109
Prickle1	0.00245447791287697	-2.14162701492316	1	0.039	0.145	0.106
Spata5	0.00260005188794509	-2.48640102104799	1	0.031	0.12	0.089
Dstyk	0.00261640780569844	-2.20398992752667	1	0.039	0.12	0.081
Sec63	0.00278503683929028	-2.20372216732307	1	0.039	0.157	0.118
Sf3b2	0.00296638527573182	-2.40448429009547	1	0.031	0.133	0.102
Cep350	0.00304926412198301	-1.05003878148589	1	0.142	0.277	0.135
Zfp207	0.00309434263917288	-1.75492557841226	1	0.063	0.157	0.094
Zc3h7b	0.00310981663959455	-2.22359013981665	1	0.031	0.145	0.114
Bptf	0.00314871615324549	-1.84144082149231	1	0.055	0.205	0.15
Agtpbp1	0.00352828224142964	-1.97918611261608	1	0.039	0.12	0.081
Usp15	0.0035307222255869	-1.42444700910547	1	0.047	0.145	0.098
Phlpp1	0.00365795039375996	1.07823248505404	1	0.441	0.301	0.14
Srrm2	0.0036841097638726	-0.603356370184256	1	0.197	0.337	0.14
Pcdh9	0.00373713815886664	0.326752351615909	1	0.307	0.193	0.114
Ank2	0.00391888556498282	0.958229367848554	1	0.48	0.386	0.094
Rusc2	0.00392490342634709	-2.40058967132863	1	0.039	0.12	0.081
Med13	0.00395825788768109	-1.32368291636452	1	0.134	0.253	0.119
Rc3h2	0.00398088846987664	-2.56510475018149	1	0.047	0.169	0.122
Ube3a	0.00401617542940464	-1.68664052713272	1	0.063	0.181	0.118
Taok1	0.00402093498233295	-1.75259633854036	1	0.094	0.217	0.123
Ago3	0.00407407178777837	-1.86501321440773	1	0.047	0.108	0.061
Itsn2	0.00435063441503003	-1.52464909623344	1	0.055	0.181	0.126
Bnip3l	0.00444475507944114	-1.75582129048622	1	0.024	0.108	0.084
Eps15l1	0.00463002912360365	-2.46130217402385	1	0.031	0.12	0.089
Il6st	0.00475977353215908	0.677011411750012	1	0.142	0.036	0.106
Cask	0.00477940914557695	-0.513173181620234	1	0.11	0.217	0.107
Pten	0.00511983530425135	0.741159294683971	1	0.717	0.578	0.139
Ehmt1	0.00519197184305754	-1.29407649715326	1	0.118	0.265	0.147
Nup153	0.00533452409841307	-2.81656718586086	1	0.047	0.181	0.134
Msi2	0.00555210295374231	0.752843337637395	1	0.567	0.47	0.097
Prr5l	0.00564523170971143	3.26795470285904	1	0.15	0.012	0.138
Exoc4	0.00583258709296382	-0.257384447904399	1	0.228	0.361	0.133
Ube2e3	0.00610709542903188	-0.999329462643214	1	0.071	0.169	0.098
Syne1	0.00676670239846291	0.624479738413566	1	0.559	0.434	0.125
Cul1	0.00676858051797574	-1.70757397948757	1	0.094	0.229	0.135
Armc8	0.00723979092280724	-1.32781015062146	1	0.063	0.181	0.118
Wnk1	0.00733796427824074	-0.684220704506924	1	0.205	0.361	0.156
Cab39	0.00742174478208339	-1.45851716853181	1	0.063	0.193	0.13
Gucy1b1	0.00775402862510573	-0.86181671714857	1	0.37	0.554	0.184
Col18a1	0.00793609830084867	3.47087279162144	1	0.118	0.012	0.106
Fam117b	0.00805266735837359	-0.79542269209375	1	0.173	0.181	0.00800000000000001
Foxp1	0.00810459606412548	0.433792289350276	1	0.858	0.771	0.087
Nrxn1	0.0081971036591414	0.91332886319879	1	0.331	0.193	0.138
Pum2	0.00859665979249585	-1.01683651636187	1	0.142	0.241	0.099
Bclaf1	0.00866060092365613	-1.16817617777806	1	0.173	0.301	0.128
U2surp	0.00886502556010117	-1.77455218806973	1	0.024	0.108	0.084
Nfkb1	0.00910970881704625	-2.33242963935863	1	0.079	0.241	0.162
Fgfr1op2	0.00913226794525246	-1.89158629357941	1	0.047	0.145	0.098
Rps3a1	0.00918515939475968	-2.48572128412749	1	0.024	0.133	0.109
Pja2	0.00928964195598573	-1.62845034765708	1	0.039	0.133	0.094
Sh3d19	0.00942535776979864	1.78307280567309	1	0.283	0.12	0.163
Jam3	0.00950222836671587	3.01692933971321	1	0.11	0.012	0.098
Usp9x	0.00972469555571636	-1.17087015635192	1	0.173	0.265	0.092
Ptpn12	0.00996078516833243	-2.19921062973612	1	0.031	0.133	0.102
Myof	0.0101393334718655	1.74990360942738	1	0.102	0.024	0.078
Top2b	0.0101657453594901	1.64469281172121	1	0.22	0.108	0.112
Farp1	0.0102309859164587	0.206515943237494	1	0.598	0.699	0.101
Tmcc1	0.010418388249454	-0.361354997493829	1	0.323	0.458	0.135
Smim14	0.0105951361685467	-1.81650622679806	1	0.063	0.205	0.142
Zfp652	0.0106337838415903	-1.98330163364839	1	0.031	0.108	0.077
Acin1	0.0110565298953999	-1.07540401863612	1	0.118	0.169	0.051
Apba1	0.0113267294902186	-1.10862749856539	1	0.079	0.193	0.114
Numb	0.0114215856301829	-1.38083470851029	1	0.079	0.265	0.186
Top1	0.0116503804717468	-0.958560976380014	1	0.118	0.217	0.099
Ndst3	0.0116651732629508	-0.349792706864724	1	0.268	0.41	0.142
Thoc2	0.0121138617130902	-0.406841997327569	1	0.157	0.241	0.084
Aff4	0.0123941951867088	-0.979096602027258	1	0.181	0.301	0.12
Sptbn1	0.0124470583691656	0.212737848692727	1	0.764	0.819	0.0549999999999999
Atl3	0.0124596363686441	-1.25571593245045	1	0.071	0.193	0.122
Ptp4a3	0.0125238555833988	2.08005623082694	1	0.15	0.048	0.102
Lrrc8c	0.0127156454002283	-1.69320395159614	1	0.063	0.133	0.07
Spaar	0.0128951062516298	1.82525891674624	1	0.134	0.036	0.098
Septin8	0.0130189358015721	-0.708139344530574	1	0.157	0.181	0.024
Scfd1	0.0134347464799863	-2.21024811000152	1	0.024	0.108	0.084
Ncoa2	0.0134912999661689	-1.39760399036418	1	0.094	0.253	0.159
Cacnb2	0.0135181238211335	-0.141679154151131	1	0.37	0.47	0.1
Rab11fip2	0.0135193733939028	2.95515708693251	1	0.102	0.012	0.09
Ttpal	0.0135193733939032	2.84533736669412	1	0.102	0.012	0.09
Serbp1	0.0135202816545137	-2.48616206242028	1	0.031	0.157	0.126
Chn1	0.0139096497405378	-0.55856749164633	1	0.134	0.217	0.083
Dock6	0.0139585696247131	0.684503623074183	1	0.606	0.518	0.088
Qki	0.0142163217865766	1.00835434786279	1	0.402	0.301	0.101
Rnf169	0.0142629747313595	-0.963776251631972	1	0.11	0.253	0.143
Coro2b	0.0144930271212355	-0.990509948428583	1	0.079	0.169	0.09
Serpini1	0.0144996723416128	-0.311504475418974	1	0.268	0.41	0.142
2210408I21Rik	0.0145149062330178	-0.442515301894267	1	0.047	0.12	0.073
Insr	0.0149517358981259	0.956024123347448	1	0.291	0.205	0.086
Anapc1	0.0150326612747434	2.93242266280117	1	0.173	0.024	0.149
Ino80	0.015056997673178	-1.40908519832813	1	0.071	0.157	0.086
Prex2	0.0154672552256939	0.732562823566225	1	0.583	0.446	0.137
Rabgap1l	0.0157198190272815	1.74966396170704	1	0.189	0.072	0.117
Gnaq	0.0161469823746476	-2.03884024129504	1	0.071	0.193	0.122
Rasal2	0.0162637322064477	-0.503990158883373	1	0.354	0.518	0.164
Timp3	0.0164775944948356	1.18354425397916	1	0.181	0.084	0.097
Stard13	0.0165974721972044	0.628035899748241	1	0.457	0.41	0.047
Grk3	0.0166006347791798	1.96066193513758	1	0.22	0.084	0.136
Cdh4	0.0166485611453123	4.17879535003524	1	0.134	0.012	0.122
Ncl	0.0169064437803731	-0.87307531715592	1	0.087	0.169	0.082
Mast4	0.017163950623893	0.131825998847905	1	0.85	0.916	0.0660000000000001
Itpr2	0.0172373699023717	0.569380307019386	1	0.622	0.506	0.116
Notch1	0.0173448288381648	0.804103159901745	1	0.205	0.193	0.012
Rab11b	0.0175375303343282	1.82572726816943	1	0.118	0.024	0.094
Ube2g1	0.0183151513615805	-2.46639820803086	1	0.024	0.145	0.121
Dennd2b	0.0185109494475577	0.706441089781567	1	0.654	0.602	0.052
Vgll4	0.0185997008308029	-2.03320978427172	1	0.031	0.145	0.114
Atp13a5	0.0200035116850184	0.363599257730318	1	0.795	0.735	0.0600000000000001
Rora	0.0201340722629362	0.382159987634934	1	0.921	0.892	0.029
Actr2	0.0204330259867406	-1.40358294262514	1	0.047	0.12	0.073
Ubn2	0.0209168821134119	-0.701091950420226	1	0.173	0.301	0.128
Abl1	0.0212166705096599	0.432100382132768	1	0.197	0.084	0.113
Rapgef2	0.0213016821323626	0.677575170153614	1	0.551	0.53	0.021
Dip2c	0.0217430231017123	-0.271541135458505	1	0.22	0.349	0.129
Mtdh	0.0218156442061391	1.36595570352588	1	0.346	0.193	0.153
Ddx42	0.022138659262359	-2.12088024310344	1	0.031	0.133	0.102
Ptpra	0.0221463448056129	-2.1735323248166	1	0.039	0.12	0.081
Sf3b3	0.0222374645783442	2.28255355145694	1	0.15	0.036	0.114
Tnrc6a	0.0223876283022284	0.926755077170396	1	0.417	0.301	0.116
Fry	0.0225855454541983	0.495100781024523	1	0.921	0.928	0.00700000000000001
Cyp7b1	0.0226280114070748	0.184075427602672	1	0.291	0.386	0.095
Chd6	0.0226459231406279	-1.06939048224567	1	0.157	0.289	0.132
Slc22a8	0.0228283830200041	0.580243959634422	1	0.299	0.241	0.058
Ptbp2	0.0233089955466506	-1.53146290762437	1	0.071	0.157	0.086
Sltm	0.0235285229185529	-1.40724037483806	1	0.087	0.229	0.142
Matr3	0.0237508907163852	-0.873236891847842	1	0.118	0.217	0.099
Hltf	0.02425426147032	-1.51364932004343	1	0.031	0.108	0.077
Senp6	0.0243746237361281	-0.946404063727098	1	0.142	0.253	0.111
Ssh2	0.0247354610892704	0.443106608151975	1	0.409	0.398	0.011
Rad21	0.024980802618475	-1.67918240561321	1	0.047	0.133	0.086
Asb3	0.0256710257844577	-1.68718477816723	1	0.063	0.205	0.142
Cyfip1	0.0258941604945056	-2.52047307575314	1	0.024	0.108	0.084
Adam10	0.0260324917406852	-0.913616205703219	1	0.071	0.169	0.098
Stag1	0.0261965929389305	-0.783236114132829	1	0.276	0.373	0.097
Ulk2	0.0262557452760139	-1.59062254880124	1	0.087	0.145	0.058
Cr1l	0.026367581642603	1.07339464278906	1	0.22	0.12	0.1
Gabpb2	0.0265672536656189	-1.62907672547423	1	0.094	0.193	0.099
Fam133b	0.0272082794655849	1.05460907479357	1	0.15	0.06	0.09
Copg2	0.0275473300386569	-2.30767287035339	1	0.024	0.108	0.084
Ano10	0.0275867914174438	-3.45923021166642	1	0.016	0.108	0.092
Tspan4	0.0276587652238454	-1.41598496645239	1	0.039	0.108	0.069
Ipo8	0.0280015377757702	-1.51061215183599	1	0.055	0.12	0.065
Lrrfip2	0.0281841111611365	-1.05670510896363	1	0.079	0.169	0.09
Yy1	0.0287695212500593	-1.34284775768338	1	0.063	0.145	0.082
Rbpms2	0.0294308953687927	0.987020142127613	1	0.22	0.145	0.075
Rspry1	0.0308460317220875	-1.3142975943107	1	0.039	0.12	0.081
Myl9	0.0314563065779491	1.15141676481715	1	0.268	0.133	0.135
Wac	0.0321338800763703	-1.10764511749257	1	0.213	0.337	0.124
Tle1	0.0323155123499013	1.86807080150896	1	0.181	0.06	0.121
Map3k20	0.0325720946528602	0.595192086740363	1	0.567	0.458	0.109
Cdc37l1	0.0327395805458094	1.21011748206729	1	0.11	0.036	0.074
Dnajb6	0.0328626612751513	-1.94644985610393	1	0.039	0.12	0.081
Atf7	0.0329777354023518	1.01861115323478	1	0.276	0.193	0.083
Pam	0.0331063993969417	-0.905126386564261	1	0.079	0.157	0.078
Fam222b	0.0331180172617398	0.559995860406527	1	0.118	0.133	0.015
Emsy	0.0331586316759426	-1.6529545624794	1	0.063	0.133	0.07
Mrc2	0.033675415612838	0.542276491331144	1	0.228	0.241	0.013
Zfp407	0.0337763733867322	1.52655347743153	1	0.26	0.133	0.127
Atxn1	0.0340208189040146	-0.711833742866226	1	0.189	0.386	0.197
Pag1	0.0342363782802547	-0.917498518054786	1	0.11	0.193	0.083
Tmem51	0.0345053830026897	-1.45325173487562	1	0.11	0.253	0.143
Uri1	0.0352713337479382	-1.50372300059272	1	0.055	0.133	0.078
Brd8	0.0354604238029271	-1.31461735909678	1	0.055	0.108	0.053
Dis3l2	0.035463565036043	-1.07543946071696	1	0.102	0.205	0.103
Cenpp	0.0357328353519873	2.10815093025624	1	0.102	0.036	0.066
Il34	0.0368737332826767	1.07986617176834	1	0.472	0.386	0.086
Heca	0.037285076580749	-1.68277367575097	1	0.047	0.133	0.086
Spred2	0.0375926345984807	-0.670418935290954	1	0.102	0.157	0.055
Atp13a3	0.0376269430722465	-0.884719382342624	1	0.063	0.12	0.057
Ednra	0.0376833837471134	0.83976539997303	1	0.457	0.373	0.084
Dst	0.0377336546269795	0.698966159941983	1	0.346	0.301	0.045
Ext1	0.0392427226825572	-2.05194388734092	1	0.031	0.145	0.114
Rmdn1	0.0397417610951994	-1.47532551106889	1	0.047	0.133	0.086
Braf	0.0401375615493606	-0.760256064386301	1	0.252	0.349	0.097
Tnks	0.0401552106526483	-1.31923015280228	1	0.079	0.157	0.078
Tmem135	0.0401802661742083	-2.21220057903158	1	0.031	0.133	0.102
Nbeal1	0.0406300579027346	0.576300545214615	1	0.685	0.53	0.155
Pard3b	0.0409638505207979	-0.194599836284323	1	0.654	0.795	0.141
Phf3	0.0410250600683152	-0.928648609894813	1	0.142	0.229	0.087
Ewsr1	0.0411693484813782	-1.71558982507125	1	0.039	0.108	0.069
Acap2	0.0411698056704526	-0.584860700177512	1	0.173	0.229	0.056
Ccdc191	0.0413463893570026	-2.47391698016488	1	0.039	0.145	0.106
Tbc1d5	0.0414078516184087	-0.134335286924363	1	0.173	0.217	0.044
Pou2f1	0.0415059640069616	-2.63482094414752	1	0.024	0.12	0.096
Dmtf1	0.0419422044075612	1.93344168519941	1	0.165	0.048	0.117
Plekhg2	0.0420616708444146	0.409004980843843	1	0.291	0.145	0.146
Zfp638	0.0421540680550256	1.34735368403816	1	0.291	0.157	0.134
Pid1	0.0431635368386803	0.272616728419423	1	0.669	0.639	0.03
Abcc9	0.0435004948644136	0.441180877828077	1	0.583	0.566	0.017
Atp10a	0.0435348885297981	-1.67915981687253	1	0.071	0.157	0.086
Btrc	0.043614200862686	-0.495516274282666	1	0.189	0.289	0.1
Kmt2e	0.0436378787436707	-0.342037539373864	1	0.22	0.325	0.105
9930021J03Rik	0.0438025839300183	-1.71883286587491	1	0.039	0.133	0.094
Fgf14	0.0439350450804994	0.347183075119768	1	0.181	0.133	0.048
Ube2w	0.0442296180606488	-1.63758236622976	1	0.031	0.12	0.089
Lama2	0.0442632930539785	0.463620663176842	1	0.732	0.651	0.081
Psd3	0.0443956375557728	0.691424237643389	1	0.614	0.482	0.132
Rptor	0.0446641341373657	1.85748288909056	1	0.173	0.06	0.113
Rgs7bp	0.0451929190369727	-1.98667182043507	1	0.031	0.133	0.102
Esyt2	0.0457652385815851	-0.431423045168535	1	0.26	0.386	0.126
Rbpms	0.0466034329928241	0.12299630618049	1	0.756	0.855	0.099
Tm4sf1	0.0467266268778428	-1.3037359103515	1	0.047	0.133	0.086
Tasor	0.0469843084430226	0.428040264092833	1	0.283	0.277	0.00599999999999995
Dhx9	0.0490361762479936	-1.62254877743065	1	0.039	0.12	0.081
Adk	0.0491983051834008	-0.180509373231144	1	0.386	0.458	0.072
Cadm2	0.0492325047520145	0.798816335755741	1	0.157	0.096	0.061
Uty	0.0496639918690397	-0.823392043753777	1	0.055	0.108	0.053
Fam13c	0.0496662713338678	0.978189238517806	1	0.173	0.133	0.04
Nhsl2	0.0496917937556216	-1.55245736627643	1	0.055	0.145	0.09
Lclat1	0.0498448969181945	-1.46648408778266	1	0.055	0.157	0.102
Ext2	0.0500007861594408	2.38754940354057	1	0.11	0.036	0.074
Mxd4	0.0500753916293137	0.506723872695244	1	0.102	0.06	0.042
Sil1	0.0501716154763108	-1.66394741364317	1	0.039	0.12	0.081
Dtx3	0.050786184540823	0.874331191699787	1	0.268	0.241	0.027
Nsd3	0.0509342698958822	0.958636821528899	1	0.268	0.193	0.075
Nlk	0.0510949781784322	-1.02007656327351	1	0.055	0.145	0.09
Ano4	0.0513120933713775	0.249880146020309	1	0.48	0.53	0.05
C2cd2	0.052173461623102	1.92755576281851	1	0.197	0.06	0.137
Med14	0.052258868716392	-1.08561671612368	1	0.063	0.133	0.07
Kcnma1	0.0525938015262065	-1.31106018451085	1	0.134	0.169	0.035
Tcf4	0.0528554801796706	0.347519505368156	1	0.756	0.771	0.015
Cnot1	0.0533637498325065	-1.11717521413449	1	0.039	0.108	0.069
Ptpn9	0.0540497797302872	1.33614012109547	1	0.37	0.217	0.153
Abcg2	0.0545904138393615	0.894309781896715	1	0.157	0.072	0.085
Paxbp1	0.0545930694719068	-1.93587607586899	1	0.031	0.108	0.077
Bicc1	0.0548207272824159	0.714078984588928	1	0.346	0.277	0.069
Dbp	0.0548463529482694	0.310214514022979	1	0.213	0.133	0.08
Tbx15	0.0552039365145225	1.04024796376857	1	0.244	0.193	0.051
Col4a3	0.0558822565675397	1.35003775826232	1	0.331	0.181	0.15
Hnrnph1	0.056021832914502	-0.675949228636475	1	0.173	0.265	0.092
Nxn	0.0561224332580518	2.76027363525956	1	0.134	0.036	0.098
Nr3c2	0.0561649656015147	0.541445963372222	1	0.528	0.422	0.106
Rhbdd1	0.0564010903835308	-2.88100653229885	1	0.031	0.145	0.114
Rbm39	0.0571809343206934	-0.261502107743107	1	0.591	0.687	0.0960000000000001
Soga1	0.0581456994184846	0.877573881818392	1	0.165	0.084	0.081
Plxna2	0.0584652602823263	-0.991727304416457	1	0.031	0.108	0.077
Phkb	0.0586876213570405	0.769351002821235	1	0.165	0.145	0.02
Itga7	0.059871545415408	1.22880585389106	1	0.173	0.084	0.089
Fnbp1	0.0600471672544987	0.576504668997222	1	0.331	0.229	0.102
Lrp6	0.0604286909444542	-0.907254542997232	1	0.094	0.181	0.087
Pkd2	0.0605194890125667	0.585341801220405	1	0.283	0.193	0.09
Ppfia1	0.0606400725827384	-2.25774142260393	1	0.024	0.108	0.084
Numa1	0.06131435884336	-1.92936012977237	1	0.024	0.108	0.084
Morf4l1	0.0613361833040997	-1.42566383501529	1	0.063	0.133	0.07
P2ry14	0.0615873168553362	-0.700761491741009	1	0.102	0.181	0.079
Ktn1	0.0617171985590019	-0.739512553352801	1	0.142	0.241	0.099
Pla2r1	0.0622374366668438	1.00074165813967	1	0.354	0.205	0.149
Rab7	0.0622618535847084	-2.19423544443557	1	0.031	0.108	0.077
Ep300	0.0628330709026545	-0.563419419517786	1	0.071	0.145	0.074
Rbm6	0.0639431754567124	0.363414791837856	1	0.244	0.265	0.021
Slmap	0.064620670820956	-0.745528731362078	1	0.189	0.313	0.124
Csmd1	0.0649092276507248	1.29650137573698	1	0.15	0.096	0.054
Grm3	0.0653723295169349	0.503176525848661	1	0.732	0.627	0.105
Atp2a2	0.0654632526369458	-0.665608557521313	1	0.087	0.169	0.082
Xpr1	0.0655242018204228	-1.03765988875167	1	0.047	0.12	0.073
Atp2a3	0.0657028057602972	0.670038136619346	1	0.142	0.12	0.022
Large1	0.0660268806166149	0.695512955191956	1	0.197	0.181	0.016
Ube2k	0.0684574041938528	-0.665172336237047	1	0.094	0.169	0.075
Crebbp	0.0685403318818035	-0.567385915057494	1	0.307	0.349	0.042
Fam118a	0.0686118363746285	-0.101791576387713	1	0.134	0.181	0.047
Stard9	0.0686354063470589	0.854493785098402	1	0.283	0.169	0.114
Arid2	0.0686564797523812	-0.620301422757446	1	0.165	0.265	0.1
Apcdd1	0.0687556000521692	0.11851635739156	1	0.189	0.253	0.064
Cdk8	0.0702066396703467	0.71828691022005	1	0.22	0.108	0.112
Dlg1	0.0706306012188934	0.301761474887259	1	0.173	0.096	0.077
Vps13d	0.0707402095333554	-1.35434975473676	1	0.063	0.133	0.07
Spata6	0.0711819537863253	-1.16460864218773	1	0.071	0.157	0.086
Trip12	0.0713519114466509	-0.578369174730282	1	0.157	0.229	0.072
Tbx2	0.0715677009110017	0.752655456818095	1	0.315	0.205	0.11
Peli1	0.0722617020003956	-0.665749747303855	1	0.118	0.12	0.002
Actg1	0.0723172558374925	-1.7579824172213	1	0.055	0.145	0.09
Cdc42se2	0.0724270113072167	2.23418255808421	1	0.102	0.024	0.078
Rab2a	0.0724289161036254	-1.01306001186808	1	0.118	0.205	0.087
Wdr33	0.0726707032891716	1.1461940432196	1	0.236	0.145	0.091
Pias1	0.0726810019255251	0.298453915573979	1	0.299	0.289	0.01
Hnrnpa2b1	0.0729859586837402	0.692216045779585	1	0.402	0.313	0.089
Pth1r	0.0734083126565426	1.23131931900831	1	0.181	0.084	0.097
Fubp1	0.0736137180998699	0.444174881298502	1	0.228	0.205	0.023
Fyco1	0.0739761261883066	2.08825574332206	1	0.126	0.036	0.09
Rbbp6	0.0749646707044651	-0.660409835321722	1	0.134	0.157	0.023
Camk2g	0.0753869495212457	-1.1091191407078	1	0.142	0.205	0.063
Dnajc7	0.076008626628087	-1.42523657539567	1	0.079	0.169	0.09
Ppp4r2	0.0763522946190055	-1.13704602551884	1	0.071	0.12	0.049
Mecp2	0.0763974756520837	0.378948900384195	1	0.205	0.217	0.012
Cltc	0.0773553963911623	-0.706256883306527	1	0.094	0.157	0.063
Ppp2r5e	0.0776728123134438	-1.69798153990797	1	0.047	0.145	0.098
Art3	0.0787267726161614	0.831320089521602	1	0.394	0.313	0.081
Map3k7cl	0.0788962999758065	2.41105096882811	1	0.102	0.024	0.078
Ralgapa2	0.0796579560301195	0.392314058097924	1	0.11	0.145	0.035
Dyrk1a	0.0798246284753158	-0.701418720226191	1	0.126	0.217	0.091
Cbx5	0.0804642850963865	-1.03953808757167	1	0.189	0.337	0.148
Adap2	0.081013995520411	0.471828483968023	1	0.638	0.566	0.0720000000000001
Bbs9	0.0813313195342198	-0.281075499062098	1	0.126	0.181	0.055
Map2k5	0.0817744763539789	-1.85327371468298	1	0.055	0.169	0.114
Nrg3	0.081978559208519	0.567460514578963	1	0.15	0.108	0.042
Tfpi	0.0839522486986374	0.274348328398458	1	0.118	0.169	0.051
Mylk	0.0845794360714697	0.296938810856805	1	0.449	0.434	0.015
2610008E11Rik	0.0846088112964991	3.17487538291303	1	0.11	0.012	0.098
Zfp280d	0.0850964413026722	-0.60317803354069	1	0.189	0.265	0.076
Cspp1	0.0852901065070962	1.56437953591775	1	0.102	0.048	0.054
Sntb2	0.0854257384839365	-0.606202415898236	1	0.063	0.12	0.057
Fbxw11	0.0860593753124751	1.15910755239024	1	0.197	0.096	0.101
Prpf38b	0.0860754564061396	-1.55862846689784	1	0.055	0.108	0.053
Tut4	0.0863824429125406	-0.351282681816172	1	0.126	0.181	0.055
Arhgap31	0.0871188837295256	1.01732076787372	1	0.315	0.181	0.134
Cgnl1	0.0873074212692821	0.338753330752473	1	0.299	0.277	0.022
Kcnip4	0.0880051602947888	-0.353241478464159	1	0.15	0.12	0.03
Nostrin	0.088646707512637	1.32772073530397	1	0.181	0.096	0.085
Cdkal1	0.0893115453535313	-0.383841347026953	1	0.181	0.301	0.12
Itgav	0.0902358145636859	1.42447698124546	1	0.134	0.06	0.074
Pals1	0.0904602146156155	-0.920938365837793	1	0.11	0.169	0.059
Platr25	0.0905915673088031	-1.02076020351792	1	0.063	0.145	0.082
Gak	0.0927203406606792	-1.32125669970683	1	0.047	0.108	0.061
Tmem131	0.0927835286697564	-0.702703331614633	1	0.11	0.157	0.047
Rapgef6	0.0931550333084252	-0.620812067957402	1	0.157	0.193	0.036
Rab8b	0.0937208776528659	-1.12312135242479	1	0.063	0.133	0.07
Garre1	0.0943003345662178	0.415601174915391	1	0.315	0.289	0.026
Lrch1	0.0954845204516167	-1.00950437878013	1	0.181	0.337	0.156
Ss18	0.0957109788940921	0.945890348938584	1	0.173	0.072	0.101
Bdp1	0.0990083560955379	1.49093484618769	1	0.118	0.048	0.07
Gpc3	0.0995446835724089	-0.273662742471741	1	0.268	0.301	0.033
Mrtfa	0.099972006757441	-0.525790443659344	1	0.102	0.133	0.031
Slit3	0.100003138833696	-0.624461217048391	1	0.047	0.108	0.061
Rbms1	0.10024184884215	0.647645672589443	1	0.701	0.59	0.111
Arhgap10	0.100463270413008	0.149371994368472	1	0.378	0.41	0.032
Gcnt2	0.100810021697755	0.696416610565961	1	0.409	0.289	0.12
Cop1	0.102938063319498	-1.08031333023391	1	0.126	0.169	0.043
Crim1	0.103978478574196	0.164393046602348	1	0.449	0.53	0.081
Srsf2	0.104186642934242	-0.732684230887423	1	0.071	0.12	0.049
Ackr3	0.105081088697837	0.331652264500493	1	0.102	0.133	0.031
Daam1	0.105383387928516	0.199124086887427	1	0.331	0.337	0.00600000000000001
Exoc5	0.105857393709515	-1.53814085281216	1	0.039	0.108	0.069
Fli1	0.105890651018325	0.302919086370077	1	0.094	0.12	0.026
Phf20	0.105965609029448	0.528924968017135	1	0.157	0.169	0.012
Rbm33	0.106218727293352	-0.789444538308318	1	0.11	0.193	0.083
Kdm4c	0.106422904204727	-0.76189884896869	1	0.047	0.133	0.086
Eif4g2	0.10652066145999	-1.19234599812389	1	0.063	0.133	0.07
Sik3	0.106579179032999	0.575332522593793	1	0.339	0.229	0.11
Cbl	0.106619705900751	-0.708821242714463	1	0.094	0.169	0.075
Rac1	0.106735230781554	-2.11431591431369	1	0.031	0.12	0.089
Slc30a9	0.106886003124225	-1.05212548025542	1	0.055	0.133	0.078
Plscr4	0.106980730740691	-1.34166801398839	1	0.071	0.169	0.098
Cog5	0.107001519169035	-1.37647369416288	1	0.087	0.193	0.106
Cep112	0.107164164819542	-0.103905279112851	1	0.213	0.277	0.064
Rgl1	0.10760382068521	-0.359225700145004	1	0.134	0.193	0.059
Kank2	0.108108251191037	0.987619539290952	1	0.307	0.181	0.126
Hnrnpdl	0.108136125846752	-0.497199385589768	1	0.118	0.157	0.039
Zbtb16	0.108153433368096	-1.64392416701417	1	0.071	0.133	0.062
N4bp2l2	0.108467685807817	-1.00225170734047	1	0.071	0.169	0.098
Rbm5	0.108856826838653	-0.452103111124691	1	0.213	0.241	0.028
Il17rd	0.10949396948364	-0.988394022057167	1	0.063	0.12	0.057
Clybl	0.109980330068057	-0.102195513231066	1	0.134	0.181	0.047
Ssbp2	0.110328421830206	-0.340632720318158	1	0.118	0.181	0.063
Ptp4a2	0.111199658502497	-1.76133179655505	1	0.055	0.133	0.078
Wdfy3	0.112836330033468	-0.391966089619301	1	0.213	0.337	0.124
Osmr	0.112976835096373	0.509772401604881	1	0.22	0.205	0.015
Eps15	0.114328185133888	0.65650628925829	1	0.213	0.157	0.056
Ppp3cc	0.114366829214367	-0.123710710991503	1	0.126	0.169	0.043
Zfand3	0.114820680096888	0.244053392788041	1	0.591	0.627	0.036
Pitpnc1	0.115030965346237	0.260311951502493	1	0.819	0.783	0.0359999999999999
Mtmr3	0.115952084661385	0.803059592030869	1	0.323	0.229	0.094
Bmpr1a	0.116574618389027	-0.285637898960659	1	0.228	0.349	0.121
Rab10	0.116586094218009	-0.735850282546021	1	0.157	0.289	0.132
Ankrd12	0.117040419528229	0.131680329805949	1	0.402	0.446	0.044
Caap1	0.117543579555313	-1.26192727044381	1	0.055	0.108	0.053
Mbd5	0.118347160962021	-0.722113468650666	1	0.205	0.301	0.096
Tmem234	0.118370429694942	-1.56892407251894	1	0.055	0.108	0.053
Celf1	0.118774153323544	-0.901187406401049	1	0.126	0.157	0.031
Trio	0.119492877087035	-0.840650365852083	1	0.079	0.145	0.066
Akap10	0.121275938353428	1.63408623570179	1	0.189	0.06	0.129
Agap1	0.122702676959554	-0.283418184883928	1	0.157	0.217	0.06
Herc1	0.12306324742224	0.635564342394727	1	0.189	0.157	0.032
Glud1	0.123748652573251	0.425229736406178	1	0.213	0.205	0.00800000000000001
Uaca	0.12392061623282	0.946938816925423	1	0.213	0.169	0.044
Dek	0.124022490275237	-1.87764990868413	1	0.031	0.108	0.077
Rbfox1	0.12469991368355	0.222768460319348	1	0.157	0.145	0.012
Ggt5	0.126000948481681	0.460139138666227	1	0.236	0.169	0.067
Zic1	0.126375625063496	1.12067998396058	1	0.402	0.229	0.173
Bcam	0.127617265431047	1.17340838199448	1	0.165	0.072	0.093
Ikbkb	0.128359742045052	1.80251160671556	1	0.15	0.048	0.102
Ppard	0.128548025570838	0.505834545637605	1	0.22	0.193	0.027
Rab1a	0.12882472869516	1.93712840952363	1	0.126	0.036	0.09
Nexn	0.129561618207992	-1.09575414489415	1	0.071	0.145	0.074
Dennd5b	0.129637307192009	-0.713277076430934	1	0.094	0.157	0.063
Pip5k1b	0.131564036664389	-0.415976821644309	1	0.504	0.614	0.11
Tmem245	0.131971756960194	-0.659441006189658	1	0.079	0.133	0.054
Itpkb	0.132210403593778	0.575565048363495	1	0.228	0.181	0.047
Gucy1a2	0.13256081677721	0.241158845259576	1	0.661	0.699	0.0379999999999999
Ranbp2	0.132833034942338	-1.79215635762355	1	0.055	0.133	0.078
Nsd1	0.13334129815756	-0.324268479326597	1	0.417	0.494	0.077
Prpf6	0.133401082670987	-1.22743262844848	1	0.055	0.12	0.065
Elavl1	0.13501291292905	-1.25199326179116	1	0.055	0.12	0.065
Trpm7	0.135320727452923	0.371232062655722	1	0.244	0.277	0.033
Nrep	0.135376958637685	-2.39131878186218	1	0.024	0.108	0.084
Rmnd5a	0.135829813137739	-1.68969732622477	1	0.047	0.108	0.061
Ttyh2	0.136043850305948	0.510918708831535	1	0.11	0.096	0.014
Ntn4	0.136203548096642	-0.869691961706822	1	0.205	0.217	0.012
Agl	0.136244975449296	-1.52290691207242	1	0.047	0.133	0.086
Tmsb4x	0.13627107597421	-0.73310488902303	1	0.063	0.108	0.045
Dpp8	0.136599230143265	1.22679689300557	1	0.189	0.108	0.081
Mark3	0.136935073436895	-0.268461838944164	1	0.087	0.133	0.046
Mier1	0.137100769977142	-0.679521421535536	1	0.205	0.253	0.048
Thada	0.137785507110728	-0.874174332612194	1	0.142	0.241	0.099
Shprh	0.138122874570282	-1.82001599998499	1	0.047	0.133	0.086
Gphn	0.138221768107082	0.597677825373314	1	0.323	0.301	0.022
Arnt	0.138551217656323	-1.70550388642447	1	0.071	0.193	0.122
Usp6nl	0.138632109435921	-0.614887336313703	1	0.047	0.12	0.073
Tmem45a	0.138646715070899	-0.411191987015157	1	0.079	0.133	0.054
Rsu1	0.138661346893176	-0.447507546936238	1	0.283	0.301	0.018
Trim44	0.139199450141477	-1.05773488599901	1	0.11	0.169	0.059
Nbl1	0.140397030289208	1.30361249350513	1	0.134	0.06	0.074
Hnrnpf	0.140551187288346	-1.67640749133248	1	0.047	0.12	0.073
Slc30a10	0.141978723107884	0.808798434557397	1	0.37	0.301	0.069
Ppp2r3a	0.142028944517283	-0.483286658383901	1	0.173	0.253	0.08
Nsmaf	0.144650048515305	-1.41431301237647	1	0.055	0.108	0.053
Ptk7	0.144667693652458	-0.80940491765739	1	0.063	0.133	0.07
Itga8	0.145131701354722	1.14643434910423	1	0.134	0.12	0.014
Wapl	0.146892844157653	-0.398326552307049	1	0.244	0.313	0.069
Nktr	0.147497461151992	-0.855488153435149	1	0.118	0.193	0.075
Fars2	0.148055167184488	0.697784699643955	1	0.181	0.096	0.085
Rsbn1l	0.148184108555456	-0.109777139452828	1	0.157	0.217	0.06
Utrn	0.148251702670231	0.317476493554239	1	0.961	0.976	0.015
Rbm26	0.15085423995707	0.736494884681307	1	0.118	0.108	0.01
Snx6	0.150928993688464	0.714115891805375	1	0.142	0.096	0.046
Atf2	0.151116063838126	-0.933821065878944	1	0.087	0.133	0.046
Tpk1	0.151808060311872	0.980656607162559	1	0.126	0.072	0.054
Pitpnm2	0.15199731991267	-0.706930930735889	1	0.102	0.193	0.091
Pard3	0.152118807122504	-0.15293910804277	1	0.535	0.687	0.152
Zfr	0.152201235444341	-0.736786648439527	1	0.142	0.205	0.063
Sos2	0.152851407178426	0.203956265940732	1	0.307	0.349	0.042
Scaf11	0.154748874621417	-0.448312698448096	1	0.118	0.145	0.027
Rreb1	0.154760883549891	1.05652445235138	1	0.236	0.133	0.103
Vps35	0.155234805489585	-0.954931835162061	1	0.055	0.108	0.053
Rps27a	0.157411663024237	-1.32503223733339	1	0.047	0.12	0.073
Hnrnpr	0.157750876677717	0.471198421234664	1	0.354	0.253	0.101
Hmbox1	0.15822039290944	0.236458453317755	1	0.26	0.253	0.00700000000000001
Ubr3	0.158686752668153	-0.648742672052204	1	0.118	0.181	0.063
Tmem87a	0.158948817764789	-0.694811794783096	1	0.102	0.169	0.067
Rsbn1	0.160320472031563	-0.768775662683088	1	0.087	0.145	0.058
Dpysl3	0.160405374593469	0.118991007998604	1	0.142	0.084	0.058
Vamp4	0.162245092043017	1.75876911473047	1	0.142	0.048	0.094
Klhl24	0.162308747062146	-0.476432165537209	1	0.063	0.12	0.057
Supt20	0.163034818648895	0.99041326186222	1	0.165	0.096	0.069
Ppp4r3b	0.163049378572631	1.48291492384947	1	0.126	0.06	0.066
Specc1	0.163411519297189	0.662449585042545	1	0.441	0.422	0.019
Ddx6	0.163699200800258	1.088300750664	1	0.157	0.096	0.061
Ggt1	0.164950675080366	1.86293509934968	1	0.118	0.036	0.082
Trpc1	0.16498742719827	-0.4223349083857	1	0.102	0.12	0.018
Slc1a3	0.165030434952661	1.38612958281523	1	0.11	0.06	0.05
Lsm14a	0.166402689275795	-0.965948067563269	1	0.126	0.157	0.031
Rnf152	0.166693191682091	-0.908895052584254	1	0.205	0.337	0.132
Zcchc14	0.167213099209803	0.365776499995712	1	0.134	0.133	0.001
AW554918	0.167870822050768	0.250964245985592	1	0.354	0.349	0.005
Gsk3b	0.168161342931856	-1.21411907284257	1	0.134	0.181	0.047
Cemip2	0.168404868108286	0.293927806781751	1	0.268	0.229	0.039
Invs	0.1688543946908	-0.109485771341882	1	0.165	0.205	0.04
Zcchc8	0.170386539977758	2.65932337271965	1	0.118	0.024	0.094
Zfp346	0.171250904138371	1.06623355237015	1	0.213	0.133	0.08
Nr1d2	0.172331346110237	0.31723134684378	1	0.402	0.325	0.077
Immp2l	0.172510990542123	-0.483691856488761	1	0.213	0.181	0.032
Ptpn21	0.173131893041521	-1.37112364622238	1	0.039	0.108	0.069
Lnpep	0.173874904427686	-0.737309502766781	1	0.102	0.145	0.043
Tulp4	0.174426649033856	1.97300473006519	1	0.102	0.036	0.066
Crtc3	0.174501506663332	0.443195360437495	1	0.276	0.289	0.013
ENSMUSG00000121513	0.17555226572075	-0.659043538469057	1	0.307	0.434	0.127
Gper1	0.175640883289086	1.08675353679933	1	0.126	0.048	0.078
Itpr1	0.175781711821493	-0.199957831736239	1	0.685	0.554	0.131
Ctnnb1	0.175792319886082	-0.389034228425921	1	0.079	0.133	0.054
Lemd3	0.17583163651244	-1.01141075043367	1	0.047	0.108	0.061
Esam	0.176071755406691	0.60660618433856	1	0.181	0.157	0.024
Hipk1	0.176152383770894	0.497710107767946	1	0.189	0.108	0.081
Atp9b	0.17654509520925	-0.376724696783601	1	0.11	0.169	0.059
Xrn1	0.177065933945001	0.108267865725476	1	0.181	0.229	0.048
Ubr1	0.177105899669023	0.477840079418634	1	0.402	0.361	0.041
Pan3	0.177297745283691	0.642218005955725	1	0.394	0.253	0.141
Plce1	0.177321674198647	0.32484742067211	1	0.787	0.687	0.1
Arhgap32	0.177870214837246	0.939914978542104	1	0.102	0.084	0.018
Lhfp	0.177892502812756	-0.318520633275673	1	0.614	0.723	0.109
Tiparp	0.177945250683806	1.76557318472792	1	0.102	0.036	0.066
Clk1	0.178076032410671	0.730714335229721	1	0.402	0.301	0.101
Camk2d	0.179145469189305	-0.507709692035824	1	0.48	0.566	0.086
Vps13a	0.179249350334871	-0.508945653040999	1	0.15	0.205	0.055
Rgs3	0.181527917602429	-1.00436753959854	1	0.047	0.12	0.073
Plcb4	0.181959124095865	-0.265529432474652	1	0.394	0.349	0.045
Usp47	0.182405627920748	0.729014487704749	1	0.276	0.193	0.083
Itm2b	0.183069680765938	-1.02069690677288	1	0.181	0.349	0.168
Ptn	0.183920021908439	0.506586185185911	1	0.685	0.566	0.119
Atp1b2	0.185280616197479	-0.324782880849656	1	0.094	0.12	0.026
Zfp644	0.18536665482539	-1.13770795961333	1	0.102	0.157	0.055
Crlf3	0.185783395235696	1.3664112636867	1	0.291	0.145	0.146
Osbpl8	0.18627314358615	-0.913196188563056	1	0.094	0.133	0.039
Nudt13	0.186802010035606	-1.62384308924867	1	0.039	0.108	0.069
Rab3gap1	0.187690354201869	-0.770346200601	1	0.055	0.108	0.053
Plekhh2	0.187721266586828	0.844752044611903	1	0.189	0.157	0.032
Ntrk3	0.189133880089659	-1.1913681415814	1	0.079	0.145	0.066
Wars2	0.189357985746594	0.310662738093059	1	0.157	0.157	0
Pcca	0.189402038676095	0.473400948965049	1	0.465	0.361	0.104
Tnrc6c	0.189557490827009	0.426179711943687	1	0.339	0.301	0.038
Lsamp	0.189705765176889	0.273719053757682	1	0.764	0.627	0.137
Ash1l	0.189860076741953	-0.412204555331458	1	0.307	0.446	0.139
Grb10	0.190642191331515	-0.884352369786753	1	0.189	0.289	0.1
Fermt2	0.191182739270921	0.294295193344547	1	0.378	0.361	0.017
Hnrnph3	0.191188419574667	-0.791512826866774	1	0.11	0.181	0.071
Atp8b1	0.191794038900342	-1.1448161408382	1	0.157	0.193	0.036
Phactr4	0.19286434948931	-0.988662953805614	1	0.079	0.145	0.066
Mllt10	0.193593354943948	-0.148925159559954	1	0.394	0.482	0.088
Tmem164	0.195847270519787	-0.541775020980497	1	0.157	0.241	0.084
Gnas	0.196278317062297	-0.447106994639465	1	0.283	0.361	0.078
Hook3	0.196716266791079	-0.265143839842853	1	0.087	0.133	0.046
Axin2	0.197163199550873	-0.159525734772046	1	0.094	0.12	0.026
Phf20l1	0.197489714527612	-0.826142647423695	1	0.134	0.193	0.059
Trpv2	0.197547645950911	-1.75171557395717	1	0.047	0.12	0.073
Actb	0.197803934516269	0.120929738590369	1	0.173	0.205	0.032
Flt1	0.199526111836533	-0.123391727830478	1	0.26	0.193	0.067
Ints6	0.201361650027569	-0.544600963523368	1	0.063	0.108	0.045
Fbxl12	0.202503061194259	-1.45340004642354	1	0.039	0.108	0.069
Fam13b	0.203126796401489	-1.24096975182845	1	0.079	0.12	0.041
Lrch3	0.203232600087546	-0.585373986352439	1	0.142	0.241	0.099
Supt16	0.203459873090519	-0.269068145946624	1	0.087	0.12	0.033
Septin4	0.203614145752564	0.600218589620702	1	0.331	0.325	0.00600000000000001
Lonp2	0.205342214605536	-0.708721041430082	1	0.102	0.181	0.079
Ak3	0.206362230037075	1.87051983234947	1	0.118	0.036	0.082
Ptprm	0.208706038044983	-0.286581921395407	1	0.354	0.446	0.092
Uba2	0.209336295504434	0.383479070459798	1	0.142	0.145	0.003
Epn2	0.210036831180943	0.17171455542209	1	0.189	0.205	0.016
Ppp1cb	0.210238971192336	-0.65553752514105	1	0.157	0.253	0.096
Gtf2i	0.210643870851329	-1.38330405791611	1	0.063	0.12	0.057
Serinc3	0.210871462968618	-0.176539605877844	1	0.236	0.301	0.065
Fndc3a	0.211463087136076	-0.571865728763396	1	0.142	0.157	0.015
Arih1	0.212505632341759	-0.232816120355928	1	0.276	0.373	0.097
Drg1	0.213028002691421	-0.720944477787503	1	0.087	0.108	0.021
Aldh2	0.214014587116911	-0.439590094173738	1	0.094	0.145	0.051
Sfmbt1	0.21428105464939	-0.840238567461649	1	0.087	0.169	0.082
Luc7l3	0.214322157463832	0.46013673651819	1	0.134	0.133	0.001
Hif1a	0.214756555523998	0.359891859291772	1	0.142	0.072	0.07
Rasgrp2	0.215213509826312	0.443714957249959	1	0.213	0.169	0.044
Kansl1	0.216016030872095	0.334627148683093	1	0.504	0.422	0.082
Thsd7a	0.217510429342301	0.914427699164375	1	0.165	0.084	0.081
Pkd1	0.218406143618159	-0.616866093380989	1	0.134	0.205	0.071
Btbd7	0.218567136704656	-0.605134504579418	1	0.126	0.169	0.043
Ugp2	0.219992257244204	0.57633186091852	1	0.181	0.145	0.036
Gpbp1	0.220002435594392	-0.583990666173918	1	0.134	0.193	0.059
Pcdh19	0.221057351607123	0.456393565876926	1	0.236	0.229	0.00699999999999998
Septin7	0.222186845313923	-0.450689741386675	1	0.535	0.639	0.104
Ythdf3	0.222265506953169	-0.168688015247464	1	0.134	0.157	0.023
Akap8	0.222494813301726	1.04872745563897	1	0.142	0.084	0.058
Man2a1	0.222844319954073	0.871939627218714	1	0.213	0.12	0.093
Fth1	0.223443248722787	-0.763224900056695	1	0.079	0.108	0.029
Add3	0.223651207924231	0.541923976431149	1	0.236	0.193	0.043
Hspg2	0.223823078704728	0.8641506920254	1	0.15	0.108	0.042
Gprc5c	0.224448326343675	0.43247355947512	1	0.15	0.157	0.00700000000000001
Ccdc50	0.225188785134311	-1.6389478161321	1	0.055	0.133	0.078
Scmh1	0.225232598456267	0.292373135528857	1	0.189	0.217	0.028
Elf1	0.225242804102399	-1.24276854660431	1	0.071	0.157	0.086
Ogt	0.225267650005394	0.658791765194459	1	0.535	0.41	0.125
Dennd4c	0.225366560478048	0.920949241968929	1	0.197	0.12	0.077
Ppp2r2a	0.225973764311636	2.18754139579177	1	0.102	0.048	0.054
Rcsd1	0.226146733567149	0.669557094571055	1	0.291	0.253	0.038
Trappc9	0.227543842121164	1.61901590083363	1	0.142	0.06	0.082
Zzef1	0.227693501997078	-0.756745813044748	1	0.063	0.108	0.045
Mthfd1l	0.228383631902362	-0.904967491852445	1	0.079	0.12	0.041
Trappc8	0.230799596559711	-0.898653510973088	1	0.071	0.108	0.037
Inpp5a	0.23132312926065	0.486253465976131	1	0.236	0.217	0.019
Dctn4	0.23183434665612	0.800735724805946	1	0.126	0.084	0.042
Igsf8	0.232020338752735	-0.476971327694012	1	0.22	0.289	0.069
Lats2	0.232676149926186	1.09049607983036	1	0.15	0.108	0.042
Xiap	0.232803594758828	0.407817674757368	1	0.22	0.193	0.027
Med13l	0.234969187515474	-1.46063305340322	1	0.047	0.12	0.073
Pls3	0.235275553552007	-0.852341891433909	1	0.213	0.277	0.064
Rtn3	0.235501085063045	-1.80616356245192	1	0.047	0.133	0.086
Map3k3	0.236792468347609	0.181824109514601	1	0.165	0.193	0.028
Tcf7l2	0.236830770032858	1.27103542474144	1	0.236	0.133	0.103
Tpm4	0.237066637761571	0.279812194025089	1	0.11	0.096	0.014
Nrxn3	0.23824722043373	0.125272120394872	1	0.165	0.157	0.00800000000000001
Abhd2	0.239078315693206	0.193995389557428	1	0.181	0.193	0.012
Srsf4	0.239293432818092	0.393775025707497	1	0.189	0.205	0.016
Sesn3	0.239619657332564	2.20857637401545	1	0.134	0.048	0.086
Chd9	0.240342232075869	0.68749622962212	1	0.354	0.289	0.065
Heg1	0.240551882141736	0.318107903057472	1	0.386	0.337	0.049
Pde3a	0.240867403751518	-0.235568912580534	1	0.488	0.47	0.018
Prpf39	0.241929174936768	0.139751606703662	1	0.165	0.12	0.045
Brd4	0.242008686542395	-0.248294239425622	1	0.15	0.205	0.055
Srek1	0.242019254341517	1.48001638725268	1	0.157	0.06	0.097
Stk40	0.242160535383125	-1.03518973391572	1	0.055	0.108	0.053
Ptpn4	0.242873626923623	2.24061605221672	1	0.142	0.048	0.094
Scaper	0.243025446317808	-1.01134373220085	1	0.071	0.108	0.037
Ankrd50	0.243186986406885	0.924476163065744	1	0.213	0.12	0.093
Btbd3	0.243515979935277	0.544181868753943	1	0.205	0.181	0.024
Ggact	0.244589012899634	0.172602337110227	1	0.118	0.145	0.027
Pdzrn3	0.244849348078073	-0.577992134110686	1	0.252	0.313	0.061
Pds5a	0.245187338712524	-0.472611841774026	1	0.142	0.217	0.075
Irag1	0.24524767431879	0.493053563972503	1	0.528	0.446	0.082
Nsmce2	0.249814920392713	0.720362164151948	1	0.189	0.145	0.044
Peli2	0.250691192078362	-0.156069474519525	1	0.244	0.313	0.069
Pelo	0.251513620730692	-1.46585676710134	1	0.047	0.12	0.073
Rab14	0.253910752010886	-0.489704339218253	1	0.079	0.133	0.054
C1qtnf7	0.254192871168329	-0.103338219086108	1	0.236	0.289	0.053
Cblb	0.254523879796181	-0.29843606987414	1	0.236	0.301	0.065
Carmil1	0.255125071242102	-0.207316902945879	1	0.386	0.506	0.12
Synrg	0.255174534609041	-0.930743185461304	1	0.063	0.108	0.045
Ern1	0.255210715366573	-0.601505077320406	1	0.079	0.12	0.041
Sox5	0.255271004841349	0.132272841466878	1	0.866	0.867	0.001
Ece1	0.255548926759866	0.106893205292868	1	0.189	0.169	0.02
Lcor	0.256198898068979	-0.113843610802175	1	0.142	0.169	0.027
Clasp1	0.256311417124303	-1.8558398886013	1	0.047	0.12	0.073
Mpped2	0.256345114958889	0.723873856860846	1	0.157	0.133	0.024
Mertk	0.256349376899583	0.63230660825076	1	0.331	0.277	0.054
Tmod3	0.256930458285802	0.266580575765244	1	0.346	0.289	0.057
Cysltr2	0.256982350644621	0.666736426411083	1	0.118	0.096	0.022
Ankhd1	0.257692373950908	0.805665089756176	1	0.331	0.205	0.126
Dym	0.259048951395784	-1.23307627776015	1	0.071	0.157	0.086
Nid1	0.259625702500671	0.660668752855754	1	0.283	0.217	0.066
Pcm1	0.26243940577767	-0.168015618990951	1	0.165	0.229	0.064
Map3k1	0.263887705408596	0.917273257080785	1	0.11	0.084	0.026
Tbxa2r	0.264026522194098	1.68756150361145	1	0.134	0.06	0.074
Eif4h	0.26403681253966	0.240676790601888	1	0.094	0.108	0.014
Atrx	0.26413045111718	-0.394113187058007	1	0.323	0.398	0.075
Dgkd	0.264163472440168	-0.714511053426847	1	0.079	0.108	0.029
Zbtb46	0.264289405433732	0.462942506607149	1	0.118	0.06	0.058
Lamc1	0.264432547370999	0.209010137435945	1	0.528	0.554	0.026
Frk	0.264801724616438	0.777813346155541	1	0.205	0.217	0.012
Csnk1g1	0.264919220962564	1.1724394319461	1	0.291	0.169	0.122
Rictor	0.267671090966839	-1.18015935670252	1	0.079	0.157	0.078
Nrd1	0.26816294882784	-1.28674453285769	1	0.102	0.205	0.103
E130308A19Rik	0.268699887481931	0.447318977215747	1	0.394	0.386	0.00800000000000001
Ints8	0.268946126368092	1.39684879518165	1	0.11	0.048	0.062
Tgfbr1	0.269504226004815	-0.523536632917585	1	0.11	0.193	0.083
Fbxl20	0.269625819314509	0.680672105614516	1	0.102	0.048	0.054
Wtap	0.270813317744256	1.83456926089249	1	0.102	0.036	0.066
Srsf10	0.271138343716581	-1.63056352956563	1	0.047	0.12	0.073
Snd1	0.271541476500104	-0.50184181482352	1	0.173	0.217	0.044
Enox2	0.271799760507537	0.254557334887401	1	0.22	0.181	0.039
Tra2b	0.271944786445405	-0.116765114063612	1	0.205	0.241	0.036
Sipa1	0.272130080109293	1.21860296532675	1	0.15	0.072	0.078
Pakap	0.273090493998015	-0.386586599348461	1	0.094	0.12	0.026
Zeb2	0.273266843856512	0.128119855025491	1	0.535	0.53	0.005
Mbd2	0.273325986751276	1.02056603868189	1	0.15	0.096	0.054
R3hdm2	0.27468247778468	-1.08128571218364	1	0.079	0.145	0.066
Git2	0.274887117012439	1.13263730558698	1	0.134	0.072	0.062
Dazap1	0.275054217964567	1.60521272940808	1	0.126	0.048	0.078
Rock1	0.275163296493155	-0.343890045588827	1	0.488	0.458	0.03
Xrcc4	0.275902378276946	0.310437122761897	1	0.102	0.084	0.018
Psme4	0.276724984064453	-0.518119463916369	1	0.157	0.217	0.06
Csk	0.276931414867357	-0.494967522629906	1	0.11	0.145	0.035
Slc10a7	0.277346133835333	1.31478216226354	1	0.165	0.084	0.081
Pik3r1	0.277537508443181	0.739940721470195	1	0.378	0.253	0.125
Fndc3b	0.277970483053651	-0.27136400494737	1	0.22	0.289	0.069
Raf1	0.278458404326869	-0.413794001661287	1	0.102	0.12	0.018
Mapkbp1	0.279297590169998	-0.681258859316887	1	0.071	0.12	0.049
Sfpq	0.279405243297719	-0.217649766900786	1	0.213	0.277	0.064
Ccr9	0.280039695838808	0.911546467859902	1	0.094	0.108	0.014
Tmpo	0.280778840012874	0.468497660504549	1	0.11	0.108	0.002
Dnmt3a	0.281348494615765	-0.116129019796061	1	0.126	0.181	0.055
Sdc2	0.281485204843334	0.242898112503141	1	0.472	0.41	0.062
Ecm2	0.281536080276871	0.346783949651396	1	0.276	0.277	0.001
Klf13	0.281756744375878	0.849976770326432	1	0.157	0.096	0.061
Dock11	0.28306187062	0.645100022150536	1	0.157	0.145	0.012
Akap7	0.283220053020297	0.613268369906566	1	0.307	0.181	0.126
Wwtr1	0.283426833517988	0.546463281974333	1	0.26	0.217	0.043
Zfp326	0.283439999759321	-1.88174529702858	1	0.039	0.12	0.081
Fryl	0.283711448202775	0.532920168050285	1	0.157	0.133	0.024
Etv6	0.284793933358594	0.431756199551455	1	0.346	0.253	0.093
Yme1l1	0.285028287269182	-0.134188979886026	1	0.079	0.108	0.029
Pald1	0.286134352959249	-0.153329703717895	1	0.315	0.373	0.058
Cux1	0.286143275952858	-1.02050823595744	1	0.102	0.193	0.091
Cwf19l2	0.286645689584185	-0.240321407664593	1	0.157	0.145	0.012
Bltp1	0.287089677039698	-0.202462464815401	1	0.094	0.133	0.039
Smtn	0.287464686636663	0.467851107191691	1	0.15	0.145	0.005
Ifnar2	0.287621862931316	0.57984926111466	1	0.11	0.06	0.05
Hapstr1	0.288084596284545	-0.385322161109362	1	0.063	0.108	0.045
Rheb	0.28843015783264	0.221966415835004	1	0.102	0.072	0.03
Adcy6	0.288430322280317	1.18235655149046	1	0.134	0.084	0.05
Smurf2	0.289159542274487	0.216334505423974	1	0.213	0.229	0.016
Eif4ebp2	0.289655446781394	-0.70214827260217	1	0.087	0.133	0.046
Nt5c2	0.290185097493299	-0.417101535128867	1	0.165	0.181	0.016
Nup98	0.290592019436947	-0.465741828318694	1	0.102	0.145	0.043
Bod1l	0.291408651332737	-0.753129980311213	1	0.11	0.145	0.035
Glyr1	0.293419417062271	-1.24114443228835	1	0.047	0.108	0.061
Pcp4l1	0.295049235563058	0.853324265606841	1	0.157	0.133	0.024
Txndc11	0.295518924302139	1.42733777021196	1	0.118	0.06	0.058
Sf1	0.295767149031895	-1.19131640668824	1	0.087	0.169	0.082
Pdpk1	0.296582396628371	-0.838125816246805	1	0.087	0.12	0.033
Bmpr2	0.29698349134109	0.685955198073258	1	0.228	0.181	0.047
Npepl1	0.298612075996137	0.381556765019232	1	0.134	0.084	0.05
Tab2	0.299493026409716	-0.556998805268171	1	0.079	0.133	0.054
Kalrn	0.29982290770141	1.64854829906306	1	0.126	0.048	0.078
Ryk	0.300597778761398	0.797418626081979	1	0.22	0.145	0.075
Usp25	0.300795890437248	0.300495699458294	1	0.315	0.277	0.038
Sobp	0.301130125588259	-0.818521101976151	1	0.063	0.12	0.057
Stim1	0.301193786499538	0.497830343713269	1	0.26	0.193	0.067
Bmp5	0.301414654500861	0.59070920334705	1	0.236	0.205	0.031
Dhx15	0.301728992094546	-0.278586735875906	1	0.102	0.096	0.00599999999999999
Ptpn13	0.302220194756275	0.335758022724474	1	0.165	0.169	0.004
Extl3	0.3023986975729	0.306482008201918	1	0.291	0.253	0.038
Fmnl2	0.302607060878282	0.963120255580161	1	0.26	0.133	0.127
Camta1	0.302956579098129	-1.52000455483152	1	0.055	0.108	0.053
Atad2b	0.303878403062255	0.526941661142471	1	0.205	0.169	0.036
Tnpo1	0.305237751557609	-0.424630587029743	1	0.165	0.193	0.028
Appl1	0.305746867371193	-0.723202055613104	1	0.071	0.145	0.074
Prrc2c	0.30680508121743	-0.633169234387294	1	0.205	0.301	0.096
Mpdz	0.308171883437346	-0.492905503435351	1	0.142	0.169	0.027
Xrn2	0.308418793188905	0.186099082882143	1	0.102	0.072	0.03
Ccnl1	0.308908598483831	-0.60734716369792	1	0.118	0.169	0.051
Kcnab1	0.309126349325729	-0.774657156538196	1	0.181	0.241	0.06
Larp4b	0.309597580702463	-1.28186119515668	1	0.071	0.157	0.086
Zfp609	0.309724088216345	-0.830124553355485	1	0.118	0.157	0.039
Ccar1	0.310211784704746	-0.438473765877188	1	0.102	0.157	0.055
Rap1gds1	0.310480098081332	0.287785879062268	1	0.087	0.108	0.021
Tns3	0.310788560768699	0.603329532740847	1	0.142	0.084	0.058
Camk1d	0.31129952105255	1.29827897411313	1	0.134	0.096	0.038
Dusp11	0.311378545983333	-0.396145395700722	1	0.071	0.108	0.037
Ctcf	0.311384484439061	0.178530753139561	1	0.094	0.108	0.014
Snx18	0.311625811978353	0.479407532207339	1	0.11	0.084	0.026
Pde4c	0.311731680906629	0.672753876644511	1	0.126	0.108	0.018
Zup1	0.312755978271032	-0.450009375630536	1	0.11	0.169	0.059
Ccnyl1	0.31294371332618	-0.458652555913675	1	0.063	0.108	0.045
Phip	0.31424043255061	0.823004744434261	1	0.315	0.217	0.098
Arid1b	0.314626806267207	-0.34758005344873	1	0.252	0.301	0.049
Ggta1	0.316199305869725	0.75533244813196	1	0.157	0.133	0.024
Vtn	0.316744314127727	0.426639857351033	1	0.74	0.59	0.15
Kcnj8	0.317503029668035	0.699743413798481	1	0.165	0.12	0.045
Birc6	0.317873630873916	-0.190760390200846	1	0.323	0.289	0.034
Wasf2	0.318663386477823	0.590302168006372	1	0.283	0.253	0.03
Bsg	0.318731412319817	0.22289860539056	1	0.102	0.06	0.042
Sp3	0.318804016975552	0.118877533400417	1	0.205	0.205	0
Ppfibp2	0.318958771424257	0.320817376831456	1	0.228	0.241	0.013
Exoc2	0.319656564821173	-0.140078403830653	1	0.11	0.145	0.035
Fgf1	0.320028224530654	0.19778569338713	1	0.142	0.096	0.046
Ski	0.320390015816738	-1.01106878853729	1	0.118	0.217	0.099
Dennd1b	0.32091220425354	0.138819778005418	1	0.157	0.108	0.049
Higd1b	0.322627758572972	1.35937048321503	1	0.134	0.072	0.062
Asxl2	0.322975924828096	0.839714607889604	1	0.165	0.133	0.032
Actn1	0.323219545893861	-0.64076335408461	1	0.134	0.145	0.011
Fbxo11	0.325277244859781	-0.368046286166099	1	0.157	0.193	0.036
Ttc23	0.326675306940477	0.633126032539038	1	0.15	0.072	0.078
Ccnd3	0.327669799176291	-0.273815777612572	1	0.189	0.145	0.044
Axl	0.32767353852002	0.775705947557071	1	0.22	0.181	0.039
Rab31	0.328678331784786	-0.571607576168961	1	0.11	0.169	0.059
Slc16a12	0.329795785066258	0.551930474193241	1	0.457	0.386	0.071
Atxn7	0.329847947344128	0.230228178741276	1	0.157	0.169	0.012
Pde1a	0.329915688290048	-0.382814423327391	1	0.213	0.253	0.04
Umad1	0.330717859619657	-1.47545154133947	1	0.055	0.133	0.078
Gnb4	0.33205373479674	0.409408289072385	1	0.22	0.205	0.015
Sumo1	0.332547819091675	-0.329613899458311	1	0.118	0.108	0.01
Hlf	0.332595641479477	0.456595558858756	1	0.394	0.386	0.00800000000000001
Celf2	0.332752233749004	0.306566052212597	1	0.181	0.169	0.012
Cbfa2t3	0.333681812047462	-0.239110925535289	1	0.087	0.12	0.033
Osbpl9	0.33423278613882	0.471498724923652	1	0.346	0.277	0.069
Snx13	0.335153055734712	-0.658106477506351	1	0.079	0.133	0.054
Srsf11	0.335589738872656	-0.34478033141225	1	0.079	0.12	0.041
Agmo	0.335937808939605	0.703958102376271	1	0.173	0.169	0.00399999999999998
Prickle2	0.336760563668611	0.653161900605367	1	0.134	0.108	0.026
Hip1	0.337022802340854	-0.565017644001335	1	0.323	0.446	0.123
Tspan5	0.33718663992538	0.259260308322786	1	0.102	0.133	0.031
Lama4	0.337601246163275	0.137372491431366	1	0.409	0.422	0.013
Ptpn22	0.337632854115715	0.95563545734627	1	0.126	0.084	0.042
Smc1a	0.337636401411698	-0.409287118573995	1	0.126	0.169	0.043
Tet2	0.337778620881258	-0.989499707849955	1	0.071	0.145	0.074
Zfp704	0.338661352395034	-1.21683253060426	1	0.039	0.108	0.069
Usp8	0.33979592893832	0.916742235339664	1	0.102	0.084	0.018
Zfp467	0.340978947829878	0.977799330558218	1	0.126	0.06	0.066
Dmd	0.341495597388195	-0.285082197216831	1	0.772	0.711	0.0610000000000001
Ints9	0.34243912154937	0.449009100903946	1	0.142	0.084	0.058
Gng2	0.343026592287116	-0.617575526606847	1	0.126	0.145	0.019
St8sia4	0.34303126525531	0.278411914120409	1	0.244	0.229	0.015
Znrf3	0.343853966941982	0.364906179927802	1	0.268	0.265	0.003
Daam2	0.344844546658222	0.468491264876618	1	0.346	0.289	0.057
Lbh	0.347512383820602	-0.508316956399396	1	0.157	0.205	0.048
Jag1	0.349080298218324	0.364769894205419	1	0.173	0.096	0.077
Mrtfb	0.350272620195978	-0.450907954841119	1	0.11	0.181	0.071
Atxn2	0.350453955607394	-0.166249626081373	1	0.102	0.12	0.018
Marcks	0.351036380987021	-0.986782507925583	1	0.055	0.12	0.065
Cobll1	0.351625839618247	-0.212370375862351	1	0.772	0.723	0.049
Tnfaip1	0.354132594001609	0.847617436417427	1	0.244	0.145	0.099
Luc7l2	0.354280776708321	0.377639572903496	1	0.701	0.614	0.087
Mkln1	0.355506621744531	0.652754170279781	1	0.291	0.193	0.098
Arfgef1	0.355774520772943	0.921684542877157	1	0.157	0.108	0.049
Eda	0.355949026401791	1.07894586464442	1	0.118	0.096	0.022
Dennd1a	0.357355500463456	0.795939806003782	1	0.331	0.241	0.09
Il15ra	0.357501656205362	1.6666321444751	1	0.134	0.048	0.086
Mid1	0.357747103233134	-1.41799718422201	1	0.063	0.157	0.094
Ptprk	0.357844721148664	0.214694574516909	1	0.819	0.795	0.0239999999999999
Colec12	0.357847826241117	0.308235118252101	1	0.63	0.614	0.016
Marchf6	0.357931219288247	-0.357363143651212	1	0.22	0.265	0.045
Ncoa1	0.358590310220022	0.695827861044352	1	0.134	0.133	0.001
Adnp	0.359595161180423	0.141384794364684	1	0.11	0.12	0.01
Dcdc2a	0.360189667269381	0.347787299152555	1	0.252	0.229	0.023
Kif5b	0.360343558637494	1.21227911245756	1	0.126	0.06	0.066
Ano1	0.36200364235087	0.463747554040875	1	0.543	0.482	0.0610000000000001
Ncor1	0.362810215872583	-0.202300847794781	1	0.315	0.386	0.071
Bicra	0.363384764583384	0.610526910184112	1	0.126	0.096	0.03
Vti1a	0.364066735322484	-0.783153017054046	1	0.189	0.301	0.112
Ghr	0.364582268591455	-0.110713762577429	1	0.276	0.337	0.061
Ptpn14	0.364867377275163	1.07894316458407	1	0.181	0.12	0.061
Ptma	0.365156672976889	-0.329919953864784	1	0.087	0.12	0.033
Afap1	0.365862301726697	-0.372779222463618	1	0.126	0.157	0.031
Casc3	0.368533975934516	-0.590128425994235	1	0.079	0.108	0.029
Filip1l	0.369237414037334	-0.356114186476575	1	0.457	0.422	0.035
Wasl	0.369605360867732	1.00109570816507	1	0.126	0.06	0.066
Rbms3	0.370614284721146	0.330613943488975	1	0.787	0.759	0.028
Ptgis	0.370828741491055	-1.27943241109396	1	0.11	0.12	0.01
Nhlrc2	0.371182705536936	-0.766306862470234	1	0.071	0.108	0.037
Slc12a6	0.372073661053468	0.126823032786006	1	0.228	0.229	0.001
Tlk2	0.3722302289522	-0.642385765122498	1	0.11	0.169	0.059
Ddx50	0.372656630838008	-0.516980257527912	1	0.126	0.157	0.031
Col27a1	0.373403464404935	0.114198423406805	1	0.181	0.169	0.012
Rapgef3	0.373552328604692	1.14635446845111	1	0.126	0.06	0.066
Ddr2	0.374775648785585	0.763328494062668	1	0.22	0.133	0.087
Ctdspl2	0.374826197762467	0.762059551735271	1	0.181	0.145	0.036
Gpcpd1	0.375045383284151	0.270907875602714	1	0.465	0.41	0.055
Papola	0.375722184682866	-0.391775266296289	1	0.071	0.108	0.037
Comt	0.37594593485197	0.124073365869145	1	0.118	0.12	0.002
Jph2	0.376386839932379	0.352890796567622	1	0.079	0.108	0.029
Adgra2	0.37770426362579	0.633783203605353	1	0.142	0.108	0.034
Ap1g1	0.379455840330733	-1.03765805157707	1	0.079	0.145	0.066
Rhoa	0.379560710247422	-0.460561678720425	1	0.094	0.145	0.051
Zscan26	0.379898725096601	-0.707237071439047	1	0.087	0.108	0.021
Stau1	0.38003246743326	-1.33755398442631	1	0.063	0.145	0.082
Gng12	0.380044709204432	-0.105531480496621	1	0.165	0.241	0.076
Plac9	0.380429888293243	0.333889780464983	1	0.346	0.325	0.021
Lyn	0.380561786099179	-1.01174433814289	1	0.11	0.181	0.071
Arcn1	0.381172368818619	1.75256360238821	1	0.126	0.048	0.078
Fnip2	0.38272387444262	0.910427390553453	1	0.173	0.084	0.089
Lrp1	0.38299472545587	-0.224424041542704	1	0.173	0.169	0.00399999999999998
Pot1b	0.3831798394547	-0.750003484952501	1	0.102	0.12	0.018
Naalad2	0.383205750198254	-0.120921055393529	1	0.197	0.157	0.04
Parp12	0.384148319534082	0.902618222852593	1	0.126	0.06	0.066
Hmg20b	0.384678178044296	0.789319853077731	1	0.102	0.072	0.03
Pcmtd1	0.385231643135764	0.332534945130474	1	0.165	0.133	0.032
Synpo2	0.385244795413409	0.27995708879825	1	0.181	0.145	0.036
Syne2	0.38548383567696	-0.160094425591547	1	0.354	0.361	0.00700000000000001
Jarid2	0.385501524668572	-0.399851287716061	1	0.157	0.181	0.024
Sesn1	0.386570281398036	-0.203376757565923	1	0.118	0.157	0.039
Elp4	0.387150021975032	0.411806356770153	1	0.157	0.108	0.049
Tinagl1	0.387638937236441	-1.55046127332926	1	0.039	0.12	0.081
Wwox	0.388067866534282	-0.300297760271472	1	0.276	0.361	0.085
Uimc1	0.388350286972406	1.69345864039892	1	0.157	0.06	0.097
Adamtsl5	0.38862850274242	0.450628626890399	1	0.102	0.06	0.042
Dnm2	0.388946803251257	-0.353799956352055	1	0.094	0.12	0.026
Stxbp3	0.389011945435951	0.716244047252626	1	0.102	0.048	0.054
Gbe1	0.390216741771319	0.198427912077598	1	0.134	0.096	0.038
Septin11	0.391255754189583	0.149068006687891	1	0.535	0.566	0.0309999999999999
Esyt1	0.391772776546082	-1.18997740278346	1	0.071	0.12	0.049
Smc6	0.392013420945491	0.797988222465051	1	0.213	0.12	0.093
Cachd1	0.392408447860902	0.380565425417196	1	0.118	0.096	0.022
Csnk1a1	0.392641722320635	0.128017942682036	1	0.378	0.41	0.032
Usp34	0.392831607100409	0.262400724428574	1	0.425	0.41	0.015
Fbxl3	0.395243297638107	-1.16029254490636	1	0.055	0.108	0.053
Emcn	0.395687404568001	-0.620766092928315	1	0.165	0.205	0.04
Ppp3ca	0.396071106661803	0.345694375014772	1	0.268	0.241	0.027
Lef1	0.396249887022337	0.61952127478985	1	0.173	0.157	0.016
Kat6b	0.396757946634267	0.694041847300028	1	0.126	0.096	0.03
Golga4	0.397420229495355	-1.30240166501873	1	0.047	0.12	0.073
Nr3c1	0.397844835207772	0.164202406920917	1	0.173	0.193	0.02
Mib1	0.398051390111863	-0.509376849982078	1	0.126	0.181	0.055
Heyl	0.398949381583639	0.160532554400925	1	0.126	0.145	0.019
Mbnl1	0.399531660726754	-0.52723153395541	1	0.323	0.41	0.087
Tnks2	0.399627838734797	0.720752191939446	1	0.22	0.157	0.063
Tbx18	0.402325622556287	0.948256132095774	1	0.236	0.133	0.103
Tgfb2	0.403009430287692	0.408206603150961	1	0.165	0.108	0.057
Klhl23	0.404486826364981	0.69113592117853	1	0.299	0.193	0.106
Rell1	0.404873413556684	1.16482091797401	1	0.102	0.06	0.042
Nck2	0.405235343032836	-0.804091635786567	1	0.165	0.253	0.088
Zbtb20	0.40560528494808	0.118005340104613	1	0.992	0.988	0.004
Ubr5	0.405886523175638	0.191537141165452	1	0.213	0.229	0.016
Ppara	0.407340602067425	0.455005287549917	1	0.11	0.084	0.026
Dennd5a	0.407437316901786	0.812310017354679	1	0.126	0.096	0.03
Tns1	0.407484663160165	0.320030211512927	1	0.622	0.518	0.104
Plpp3	0.407725356879719	0.641091307185401	1	0.252	0.169	0.083
Ralgapa1	0.407773432922953	0.278066205479534	1	0.37	0.361	0.00900000000000001
Asap2	0.408851003010589	0.104171756647984	1	0.205	0.217	0.012
Sntb1	0.410194728278956	0.294775360985366	1	0.701	0.627	0.074
Chd1	0.410750496061005	-0.187811865004123	1	0.11	0.096	0.014
Kmt2a	0.410828265923175	-0.20034686072437	1	0.118	0.145	0.027
Tec	0.410832589847156	-0.316512620514205	1	0.189	0.217	0.028
Zmynd11	0.410850902622088	-0.715331798784436	1	0.079	0.108	0.029
Rc3h1	0.413215227735568	-0.250012428662167	1	0.165	0.181	0.016
Eif4a2	0.414426746089223	0.289609178785661	1	0.134	0.084	0.05
Tln1	0.414427511429702	0.230775197102654	1	0.165	0.12	0.045
Mpp7	0.415668186607733	-0.483247760937865	1	0.22	0.325	0.105
Arl15	0.416743256061466	-0.653429072152465	1	0.126	0.181	0.055
Cd63	0.417128350147388	-0.120123072287809	1	0.094	0.12	0.026
Wwc2	0.417240768426728	0.563762885136531	1	0.205	0.145	0.06
Agrn	0.417857137977169	1.06097283289735	1	0.22	0.108	0.112
Phka1	0.41859755175779	-0.683184838737269	1	0.079	0.12	0.041
Slc6a20a	0.418971343086429	0.298211605962121	1	0.614	0.53	0.084
Ddx17	0.419153281168937	0.222673305636919	1	0.433	0.373	0.06
Dysf	0.419761657731918	-0.149335817254769	1	0.142	0.157	0.015
Stag2	0.420939656043823	-0.509370897729496	1	0.307	0.361	0.054
Smg7	0.422344455574237	-0.713386841027202	1	0.094	0.145	0.051
Plcb1	0.423850807297944	-0.46399835893483	1	0.11	0.12	0.01
Slc38a9	0.426194266854306	0.411472723978876	1	0.094	0.108	0.014
Tmtc1	0.426872737417117	-0.831259947722435	1	0.126	0.181	0.055
Fcho2	0.427297749028702	-0.444772927000998	1	0.244	0.325	0.081
Zfyve9	0.429681179079958	0.751676760613664	1	0.118	0.084	0.034
Rrbp1	0.430595379720843	0.414998866650085	1	0.268	0.181	0.087
Afap1l2	0.43253705325271	0.657803945618883	1	0.276	0.217	0.059
Brd1	0.434908385686633	-0.751788181683169	1	0.11	0.169	0.059
Ankrd44	0.434946029286281	0.451853906000298	1	0.315	0.265	0.05
Cds2	0.435191590307943	-0.51918002562367	1	0.063	0.108	0.045
Ngly1	0.435307308045022	-0.951648876298928	1	0.063	0.12	0.057
Btbd9	0.435508152472873	-0.348083544209323	1	0.102	0.145	0.043
Terf1	0.435552653916798	-1.24391274843363	1	0.055	0.12	0.065
Zfp568	0.436154567664752	-0.972636198599146	1	0.055	0.108	0.053
Gpbp1l1	0.439382767490242	1.1807506947611	1	0.11	0.048	0.062
Pygm	0.439724316711722	1.52838599661541	1	0.102	0.036	0.066
Rhbdf1	0.440023234578967	0.317407214515368	1	0.11	0.108	0.002
Irf3	0.440956417045687	0.678865181480351	1	0.102	0.072	0.03
Tcf12	0.441804386834535	-0.160307753337301	1	0.717	0.783	0.0660000000000001
Capzb	0.442089166650658	0.703635721211214	1	0.11	0.048	0.062
Nufip2	0.442699983181128	-0.317519982535844	1	0.157	0.205	0.048
Sike1	0.443419196722789	1.83577071653206	1	0.142	0.048	0.094
Dcaf8	0.443491759774176	1.02390770454024	1	0.118	0.06	0.058
Dock10	0.444170953132357	0.590070959347716	1	0.504	0.349	0.155
Setd2	0.446328330548858	-0.747513213006771	1	0.094	0.145	0.051
Rabgap1	0.447070191008092	0.296435614378005	1	0.142	0.157	0.015
Zfhx3	0.447843154906823	-0.171143975041351	1	0.543	0.566	0.0229999999999999
Dennd6a	0.449105337014089	0.219115227152121	1	0.173	0.157	0.016
Gk5	0.450124764230837	-0.247306030113039	1	0.079	0.12	0.041
Ctnna1	0.450480782877614	0.448179179015602	1	0.299	0.193	0.106
Uhrf2	0.451246011783921	0.176964505948164	1	0.157	0.169	0.012
Cstf3	0.452541961976703	-0.42279394579705	1	0.094	0.145	0.051
Eva1b	0.452865286570304	-0.501668076705509	1	0.102	0.133	0.031
Chd4	0.455224448030436	0.337264291020976	1	0.252	0.181	0.071
Hipk3	0.456339339881401	0.352821368407152	1	0.118	0.084	0.034
Ccdc82	0.457073299017528	0.466892886361322	1	0.236	0.169	0.067
Frmd4b	0.457963228891084	-0.938833988785338	1	0.142	0.205	0.063
Map4k3	0.45843227578259	-0.46425660309837	1	0.165	0.181	0.016
Rassf8	0.458734188485421	-1.53214549478185	1	0.047	0.108	0.061
Prkaa1	0.45899107252493	-0.481592041676002	1	0.079	0.108	0.029
Tnip2	0.461278742866808	1.14393348960813	1	0.11	0.06	0.05
Magi2	0.461990669080983	-0.258824874651186	1	0.165	0.193	0.028
Lamb2	0.464049622072673	0.276051697628176	1	0.102	0.096	0.00599999999999999
Arap2	0.465788514303876	0.576109080328327	1	0.228	0.145	0.083
Phactr2	0.466102310965965	0.472808381202872	1	0.307	0.229	0.078
Pdgfd	0.468138037047832	-0.264740362343935	1	0.157	0.193	0.036
Nudcd3	0.46887968679961	-0.241150912580433	1	0.11	0.145	0.035
Akap8l	0.470180590571146	-0.511821872322914	1	0.094	0.145	0.051
Atp1a2	0.471550641031513	0.416204072449221	1	0.835	0.819	0.016
Zfp532	0.473142832034236	0.762472320135621	1	0.134	0.096	0.038
Oaz2	0.474418414943134	0.982315272139072	1	0.244	0.157	0.087
Cp	0.475469509037662	0.114116147024642	1	0.37	0.398	0.028
Cped1	0.475512006948769	0.58923923830547	1	0.693	0.578	0.115
Hnrnpu	0.476446906514657	-0.145448712834005	1	0.126	0.157	0.031
Mitf	0.476510932747938	0.620926350199576	1	0.157	0.133	0.024
Hectd1	0.476796924064906	0.191312355379958	1	0.189	0.181	0.00800000000000001
Hnrnpm	0.476981344082854	-0.190469134943765	1	0.157	0.181	0.024
Cdc42	0.478845537306857	-0.273638499048064	1	0.197	0.253	0.056
Cfdp1	0.48109146690114	-0.393881342579393	1	0.094	0.133	0.039
Inf2	0.483515764243282	1.04742469351616	1	0.134	0.072	0.062
Tor1aip1	0.483849166146961	0.231169763758267	1	0.165	0.133	0.032
Gulp1	0.484093138119962	-0.40887412910886	1	0.197	0.205	0.00799999999999998
Zbtb7c	0.487876875465759	-1.00654513953177	1	0.157	0.265	0.108
Rhot1	0.490294780466437	-0.689385313035228	1	0.087	0.12	0.033
Gcc2	0.490739912447215	0.246070040725821	1	0.126	0.12	0.00600000000000001
Ehbp1	0.493983793520227	0.372135486933469	1	0.189	0.133	0.056
Gpatch2	0.495030127039493	0.260019637952586	1	0.15	0.096	0.054
Baz1b	0.49790694507561	-0.54058680212837	1	0.165	0.241	0.076
Cnot4	0.498963901947041	-0.348279470725091	1	0.268	0.337	0.069
Phc3	0.499731121278426	-1.34501625295786	1	0.055	0.12	0.065
Zfp292	0.49985398719976	0.495761044694168	1	0.189	0.157	0.032
Akap13	0.500101355594261	0.287192412612353	1	0.394	0.301	0.093
Ksr1	0.500562977694508	1.05350750692745	1	0.11	0.06	0.05
Pibf1	0.501368659584871	0.432167378294529	1	0.157	0.096	0.061
Snrk	0.503049578995401	-0.688266372263489	1	0.315	0.386	0.071
Msl1	0.503395136155145	1.10058391039887	1	0.102	0.048	0.054
Lmod1	0.504983320572495	-0.830716299384958	1	0.15	0.169	0.019
Rbfox2	0.505700962511979	0.43075022401219	1	0.378	0.349	0.029
Arhgef6	0.506516857710141	-0.341507596433227	1	0.213	0.193	0.02
Ube2d2a	0.507119127343739	-0.868563617666964	1	0.063	0.12	0.057
Baz2b	0.507274409561683	0.492260124035148	1	0.394	0.301	0.093
Ahcyl1	0.509023632402186	-0.546604602810895	1	0.087	0.108	0.021
Ldlr	0.509462793010577	0.858344893030264	1	0.173	0.084	0.089
Mgp	0.510338061113986	0.676504207858997	1	0.118	0.072	0.046
Nacc2	0.510571592650242	-1.22535912213967	1	0.039	0.108	0.069
Rap1b	0.513191959342499	-0.17331618741284	1	0.102	0.12	0.018
Rlf	0.513396682806292	-0.2787493096699	1	0.142	0.145	0.003
Mdm4	0.515402797990389	0.119538478413108	1	0.173	0.169	0.00399999999999998
Vstm4	0.516207873266099	0.756018018204828	1	0.173	0.108	0.065
Rps6kb1	0.516280213126278	-0.187088777675682	1	0.11	0.108	0.002
Fgfr2	0.516483033671011	-0.544050066994018	1	0.118	0.169	0.051
Nrip1	0.517032700494934	-0.15836734526738	1	0.142	0.145	0.003
Zfp516	0.521100185448361	1.31088467024721	1	0.102	0.048	0.054
Etv1	0.522036933147266	-0.353898488410862	1	0.165	0.181	0.016
Smim3	0.523321035584161	1.42159466498545	1	0.102	0.048	0.054
Smurf1	0.523363317134321	-0.628280789773373	1	0.079	0.12	0.041
Lamc3	0.523388680400078	-0.17864810120817	1	0.276	0.337	0.061
Ccser2	0.525552941208209	-0.489364988158959	1	0.126	0.193	0.067
Pkn2	0.525611038363746	-0.208388811901512	1	0.11	0.157	0.047
Srgap2	0.526297608616244	-0.414337223960922	1	0.181	0.193	0.012
Palmd	0.527578009954004	-1.01678277641918	1	0.079	0.108	0.029
Sorbs2	0.529304843381005	-0.508303750508199	1	0.181	0.253	0.072
Lin7a	0.530053001744487	0.255963931748327	1	0.52	0.518	0.002
Rcan2	0.530680269223391	-0.564618613822594	1	0.181	0.229	0.048
Klf7	0.531493662682705	0.10535969992793	1	0.244	0.241	0.003
Mapkap1	0.53288437142885	-0.484381379447668	1	0.197	0.241	0.044
Krcc1	0.533789131528762	-0.352394689530707	1	0.087	0.145	0.058
Snapc3	0.534367120125334	0.546364954879219	1	0.197	0.145	0.052
Cfh	0.535632833223065	1.16447655159663	1	0.189	0.12	0.069
Sh3bgrl	0.536328497037015	-0.509255045020079	1	0.228	0.289	0.061
Apoe	0.537543464273698	0.169622302348608	1	0.205	0.193	0.012
Scaf4	0.538079378311218	-1.16227930204949	1	0.055	0.12	0.065
Ppp1r10	0.538105432107507	1.26966270497276	1	0.102	0.036	0.066
Phf21a	0.538772593579351	-0.119909239037352	1	0.323	0.349	0.026
Eng	0.539071596485072	-0.46067436818835	1	0.118	0.145	0.027
Syncrip	0.542991585669616	0.294030503521329	1	0.11	0.108	0.002
Gjc1	0.543008441909447	-0.358025634788369	1	0.386	0.422	0.036
Mtss1	0.543784988649399	0.467874307761993	1	0.102	0.096	0.00599999999999999
Ube2e2	0.543979850992823	0.402556976998433	1	0.181	0.157	0.024
Gkap1	0.543987120279126	-0.335492730452326	1	0.102	0.084	0.018
Eps8	0.545118611820901	0.373345358461934	1	0.354	0.313	0.041
Lyst	0.545938043610049	-0.169418919081373	1	0.102	0.133	0.031
Rnf38	0.546899291650787	-0.130953050414728	1	0.157	0.205	0.048
Pik3r3	0.548830849865745	1.4419396619267	1	0.134	0.072	0.062
Lima1	0.549131593378179	-0.236272913960521	1	0.11	0.133	0.023
Zic4	0.550291724009578	0.247883441944581	1	0.276	0.289	0.013
Pbx3	0.550599109565258	-0.226020240362573	1	0.165	0.145	0.02
Adcy9	0.551275603060034	-0.558318852933724	1	0.339	0.361	0.022
Arid1a	0.552456745777374	-0.169960925422715	1	0.189	0.253	0.064
Hnrnpa3	0.552730386806162	0.356327139170202	1	0.339	0.277	0.062
Sox6	0.553724995574074	-0.177181081647612	1	0.26	0.325	0.065
Wtip	0.554392924789012	0.570655142174012	1	0.213	0.205	0.00800000000000001
Pkig	0.555782743608472	-0.145857464635015	1	0.142	0.145	0.003
Snrnp70	0.556333331245573	-0.478206628304308	1	0.11	0.169	0.059
Arhgef1	0.558024137771446	0.335961836616297	1	0.118	0.084	0.034
Srsf3	0.558028976895336	0.846044810802549	1	0.15	0.084	0.066
Prr14	0.558405736435425	1.18359421971327	1	0.15	0.072	0.078
Per3	0.558641985295484	0.108667158001063	1	0.181	0.169	0.012
Pum1	0.559353913227101	-0.741484810570341	1	0.118	0.169	0.051
Ube2d3	0.559578534307704	0.288594664572008	1	0.157	0.145	0.012
Mysm1	0.560010853403633	0.510298049558296	1	0.134	0.096	0.038
Hdac9	0.560782172840285	-0.63713433267872	1	0.118	0.096	0.022
Raph1	0.56230109084943	-0.316436030288108	1	0.323	0.361	0.038
Yap1	0.562343878178521	-0.261192566120416	1	0.173	0.205	0.032
Mfge8	0.562392612305409	-0.457402948087079	1	0.15	0.217	0.067
Nckap1	0.562604453585525	0.737210924482836	1	0.157	0.096	0.061
Arhgap35	0.562798752129755	-0.422909621828885	1	0.079	0.108	0.029
Gucy1a1	0.563371837712023	0.556414549187307	1	0.402	0.325	0.077
Svil	0.563546974575958	0.1863957703828	1	0.512	0.506	0.00600000000000001
Tgfbr3	0.564047896216141	0.434483364393217	1	0.22	0.193	0.027
Gpatch8	0.564187968512568	0.37318060986849	1	0.189	0.157	0.032
Dnajc3	0.566065249575127	-0.214394870362463	1	0.126	0.157	0.031
Rps6ka5	0.568229050207197	-0.44096070288346	1	0.055	0.108	0.053
Scaf8	0.570386811691115	-0.655742162910924	1	0.126	0.181	0.055
Aspn	0.571409736629917	-0.629344573926289	1	0.189	0.253	0.064
Fstl1	0.572215403110815	0.845123292709648	1	0.157	0.12	0.037
Cd81	0.572955341582176	-0.235041859023869	1	0.11	0.133	0.023
Ncoa3	0.574314343586739	0.174230112805029	1	0.197	0.157	0.04
Fam241a	0.574482828254982	-0.689640799972749	1	0.094	0.12	0.026
Zfc3h1	0.575544803758062	0.393506884408095	1	0.11	0.096	0.014
Smg6	0.575762087465239	0.364917915214546	1	0.472	0.398	0.074
Pdzd2	0.575902104343623	0.432400932525605	1	0.583	0.47	0.113
Klf9	0.575959776954467	0.807325369626554	1	0.11	0.084	0.026
Col4a2	0.576155156798798	-0.218002713069149	1	0.157	0.181	0.024
Kirrel	0.576810366114545	0.400942768692704	1	0.244	0.253	0.00900000000000001
Tmem260	0.577558195299994	0.892458872289824	1	0.102	0.06	0.042
Rb1cc1	0.577782039426747	-0.19825033150407	1	0.11	0.108	0.002
Fam172a	0.57793643696905	0.463473188255076	1	0.465	0.386	0.079
Ddx5	0.582190448361258	0.101251875447459	1	0.646	0.554	0.092
Abtb2	0.582371070502023	0.496164073916818	1	0.126	0.108	0.018
Hlcs	0.582760287407478	-0.309481800497965	1	0.079	0.108	0.029
Csnk2a1	0.584042647760587	-0.305602988606046	1	0.11	0.157	0.047
Bcl2l1	0.584459185926918	-0.908478144995782	1	0.071	0.12	0.049
Thsd4	0.586067903486105	-0.330984611346425	1	0.134	0.181	0.047
Etfa	0.587373641069959	0.952813625606539	1	0.118	0.084	0.034
Mob2	0.588263669074284	-0.55820607504444	1	0.134	0.181	0.047
Bcas3	0.588388965536369	0.275536799053375	1	0.433	0.422	0.011
Atg4a	0.588878713192174	0.336348368689229	1	0.15	0.157	0.00700000000000001
Col4a6	0.589939844591053	-0.912631327336391	1	0.118	0.217	0.099
Rap1a	0.590417673297081	-0.155703522420366	1	0.378	0.337	0.041
Mia2	0.591172254224363	-0.240212701136964	1	0.157	0.181	0.024
Zfand6	0.591605938873549	-0.431634077349126	1	0.165	0.229	0.064
Myo6	0.591991248574299	-0.43207747151462	1	0.142	0.193	0.051
Klf12	0.593022875892642	-0.104866498265898	1	0.598	0.59	0.00800000000000001
Ppp1r12b	0.593631873011975	-0.19456059802565	1	0.213	0.289	0.076
Foxn2	0.595447254050183	0.598851434082859	1	0.102	0.084	0.018
Pbx1	0.595617482913536	-0.230815120102157	1	0.417	0.422	0.005
Mllt3	0.595871567368644	0.408799675872819	1	0.583	0.494	0.089
Rif1	0.596860001221817	0.307030266219478	1	0.134	0.12	0.014
Asph	0.597541085801289	0.151057949960093	1	0.142	0.145	0.003
Spidr	0.59939380180021	0.849193085201909	1	0.118	0.06	0.058
Zmym4	0.601570652444778	0.946570280390979	1	0.134	0.096	0.038
Gab1	0.601968916328367	-0.191734020199507	1	0.591	0.59	0.001
Arhgef40	0.603131911454577	-0.32214725950974	1	0.11	0.145	0.035
Myo1e	0.603212676893541	0.187303201176825	1	0.173	0.217	0.044
Mprip	0.603251982328526	0.153361283524598	1	0.496	0.47	0.026
Itch	0.604290322184185	-0.270382722265356	1	0.26	0.337	0.077
Tbx3	0.604505886028684	1.14530047947966	1	0.15	0.084	0.066
Ddx3x	0.604749418813611	-0.242535030587675	1	0.173	0.217	0.044
Chchd3	0.605052185596998	-0.810383861206866	1	0.118	0.169	0.051
Tgfbrap1	0.608559547967594	-0.351762523770049	1	0.102	0.133	0.031
Cnn3	0.609865091537617	-0.734682629743928	1	0.094	0.12	0.026
Smchd1	0.609905459375567	-0.305068838525718	1	0.157	0.205	0.048
Mboat2	0.610555810477492	-0.384963041012027	1	0.331	0.398	0.067
Ap2b1	0.61060265615133	0.656501372778052	1	0.118	0.096	0.022
Bcor	0.611650327398773	0.773189930627389	1	0.126	0.072	0.054
Cecr2	0.615420892600016	-0.697825386250163	1	0.094	0.108	0.014
Pik3c2a	0.621738717418704	-0.198601571439767	1	0.15	0.169	0.019
Ip6k1	0.621876328160422	0.846015625690149	1	0.181	0.096	0.085
Nf2	0.623144608900921	0.421342527724328	1	0.11	0.096	0.014
Ano6	0.623556027731453	0.335835203759827	1	0.323	0.277	0.046
Eml4	0.623560769383058	0.374587820672119	1	0.252	0.229	0.023
Anxa7	0.625453524515006	-0.771661340205796	1	0.071	0.108	0.037
Kat2b	0.628945263249899	-0.251245053536149	1	0.142	0.181	0.039
Ube2v2	0.629882947263374	1.11993840359311	1	0.102	0.06	0.042
Cap2	0.630101433229005	0.238850834465055	1	0.213	0.193	0.02
Zbtb38	0.630583480978732	-0.6718066437959	1	0.118	0.145	0.027
Cdc27	0.631540966857516	0.572076102503354	1	0.142	0.108	0.034
Zfp950	0.631567311008773	0.248941413320339	1	0.26	0.241	0.019
Kdm2a	0.632982702224682	-0.201139837041146	1	0.181	0.217	0.036
Tom1l2	0.633397706729339	-0.371638703289831	1	0.094	0.145	0.051
Rgs6	0.633776217254573	0.272093552474111	1	0.472	0.398	0.074
Itga1	0.634192733316439	0.241547101973313	1	0.795	0.723	0.0720000000000001
Pkn1	0.635983164688225	-0.137770628942638	1	0.126	0.12	0.00600000000000001
Abca8a	0.636383633872468	-0.116757959003711	1	0.15	0.181	0.031
Zfp362	0.63674877061433	-0.592871393527022	1	0.094	0.145	0.051
St6gal1	0.637427764518845	0.1236019669766	1	0.346	0.301	0.045
Ppp3cb	0.638195945106222	0.606651604939138	1	0.15	0.108	0.042
Atg10	0.640577861532229	-0.54911951497218	1	0.118	0.157	0.039
Ncor2	0.641607394935666	-0.515946774656834	1	0.11	0.181	0.071
Clic4	0.641669608904268	-0.585019004462645	1	0.118	0.193	0.075
Mob3b	0.643461796135831	-0.429665403837101	1	0.157	0.169	0.012
Swt1	0.643642223339922	-0.477976405299727	1	0.094	0.145	0.051
Khdrbs1	0.643849840865191	-0.317272983342285	1	0.157	0.181	0.024
Epb41	0.645045597371009	-0.448200199880091	1	0.087	0.108	0.021
Luzp1	0.645415627072336	0.218351563831115	1	0.331	0.253	0.078
Ccnt1	0.645977759064828	0.323778274015083	1	0.11	0.084	0.026
Ccny	0.647958675310742	0.195376509546453	1	0.173	0.181	0.00800000000000001
Msrb3	0.648680593900493	-0.349767068256098	1	0.244	0.301	0.057
Arid5b	0.649057574093436	-0.172652874805209	1	0.354	0.398	0.044
Wdpcp	0.651524420949951	0.442174217979125	1	0.102	0.072	0.03
Unc13c	0.652970565363235	0.30819640351899	1	0.268	0.229	0.039
Uvrag	0.654533445193791	0.60864671762347	1	0.181	0.133	0.048
Tmx3	0.655093006904642	1.35802385596357	1	0.142	0.06	0.082
Erbin	0.655488750867753	0.605639003165242	1	0.181	0.12	0.061
Mark1	0.656535970525302	0.356350737372559	1	0.283	0.253	0.03
B3gnt2	0.657538550797934	-0.13225985308868	1	0.22	0.229	0.00900000000000001
Cd2ap	0.659882350966307	0.491422129401697	1	0.181	0.133	0.048
Ppm1e	0.659983943237488	-0.567010003675102	1	0.268	0.349	0.081
Kmt5b	0.660549137167184	0.614333153216664	1	0.189	0.133	0.056
Ndufs4	0.66061601759261	-0.926454601505344	1	0.063	0.108	0.045
Phf2	0.661686075696066	0.94684494712275	1	0.142	0.096	0.046
Clint1	0.664434288900494	-0.47303754397662	1	0.094	0.133	0.039
Stam2	0.664600918974305	0.270277948487844	1	0.134	0.096	0.038
Dstn	0.664926850858539	-0.373275498978697	1	0.11	0.145	0.035
Pcdh18	0.664942909478437	-0.842616082795653	1	0.063	0.108	0.045
Fgf13	0.665239949109304	-0.991165451506217	1	0.071	0.145	0.074
Col4a5	0.66605182198748	0.701293452633407	1	0.181	0.145	0.036
Car4	0.666777660868579	0.705382568690729	1	0.118	0.084	0.034
Fbxl7	0.667485072508344	-0.42042802945848	1	0.142	0.157	0.015
Pde4d	0.668067165752275	0.2134908843183	1	0.701	0.639	0.0619999999999999
Cnnm2	0.668478247379528	-0.950940253827446	1	0.087	0.12	0.033
Mga	0.668854757333673	-0.226225655433962	1	0.087	0.108	0.021
Pak2	0.668978011128816	-0.19927564821058	1	0.165	0.205	0.04
Zhx2	0.669286922685153	0.183699714367542	1	0.205	0.205	0
Tra2a	0.670043923817195	-0.295945282382706	1	0.157	0.205	0.048
Adamts10	0.671412001589519	0.685623439041179	1	0.11	0.06	0.05
Myh11	0.673602331213349	-0.167779952400231	1	0.315	0.301	0.014
Pced1b	0.673934040125385	0.544094142189258	1	0.213	0.205	0.00800000000000001
Pcnx	0.674155813213181	-0.522850321893565	1	0.094	0.108	0.014
Jak2	0.677576391909263	1.09598057129314	1	0.205	0.12	0.085
Unk	0.678440417554919	0.806813403742326	1	0.134	0.084	0.05
Tmem243	0.679588724669642	0.175737509024357	1	0.11	0.108	0.002
Lactb2	0.681156228481554	-0.168481633578433	1	0.087	0.12	0.033
Naa16	0.682067476029709	0.10896594016416	1	0.118	0.12	0.002
Abcb7	0.682086333514524	0.288717808969476	1	0.165	0.12	0.045
Tead1	0.684380865333569	-0.35774247236625	1	0.228	0.229	0.001
Rsrc2	0.685819892051889	-0.317266612825871	1	0.118	0.133	0.015
Sgip1	0.686040792476631	0.295192561912047	1	0.543	0.53	0.013
Cbfa2t2	0.686662698187561	-0.446735524524024	1	0.11	0.108	0.002
Ubap2l	0.687670163160687	0.52991649118062	1	0.181	0.12	0.061
Ppp6r3	0.688763203614726	-0.265268785078318	1	0.15	0.169	0.019
Cpne1	0.690824268244045	0.654065906611733	1	0.165	0.096	0.069
Cpq	0.6918923244171	-0.31441018133879	1	0.299	0.325	0.026
Bicral	0.691998943454141	-0.171282095275639	1	0.102	0.096	0.00599999999999999
Asap1	0.692864915889479	-0.23829833535511	1	0.291	0.361	0.07
Pdgfrb	0.693356249699907	0.19910959586657	1	0.677	0.639	0.038
Phldb1	0.694280842699863	0.659392494872407	1	0.157	0.12	0.037
Cbx1	0.694419448023828	0.852814940917255	1	0.102	0.048	0.054
Otud7b	0.694817618556747	-0.269739383376744	1	0.118	0.108	0.01
Trip11	0.695540069399648	-0.532125303009206	1	0.11	0.145	0.035
Galnt1	0.695822021000643	0.162502938287568	1	0.15	0.145	0.005
Smg1	0.69652987484786	-0.209094862877012	1	0.142	0.181	0.039
Entpd1	0.696540919567636	0.114093898550845	1	0.094	0.133	0.039
Ambra1	0.696643014758791	-0.170393445335567	1	0.26	0.289	0.029
Nipbl	0.697346392345085	-0.10123780114652	1	0.441	0.494	0.053
Ptbp3	0.698407995575334	0.509634202591044	1	0.181	0.133	0.048
Cald1	0.699858285480198	0.125989501404429	1	0.937	0.952	0.0149999999999999
Ttc3	0.700038192438789	-1.37077686734851	1	0.047	0.12	0.073
Zc3h7a	0.70244245101419	0.25649986609815	1	0.157	0.157	0
Ints6l	0.703601923215403	0.252561817572098	1	0.22	0.181	0.039
Golim4	0.703894660430641	-0.614790084636472	1	0.126	0.169	0.043
Slc19a1	0.704866911752132	0.536168186686193	1	0.134	0.12	0.014
Atp11c	0.70558032048231	-0.548718991063144	1	0.157	0.193	0.036
Oga	0.705910041319572	0.690327152785222	1	0.157	0.12	0.037
Focad	0.708704129226244	-0.207738245221313	1	0.126	0.12	0.00600000000000001
Angpt1	0.711547186632302	-0.245386791201277	1	0.118	0.133	0.015
Map4	0.711821966373148	0.126937236556938	1	0.449	0.458	0.00900000000000001
Dmxl1	0.713237946696502	0.706258867688403	1	0.134	0.096	0.038
Tjp1	0.714586513050932	0.506123868662063	1	0.425	0.386	0.039
Tmem65	0.716066023110393	0.302359468272199	1	0.157	0.12	0.037
Prpf4b	0.716685641639609	-0.14379746146689	1	0.323	0.313	0.01
Polk	0.717545192388259	0.467985364196999	1	0.11	0.072	0.038
Hnrnpc	0.719678882728151	-0.179921990805114	1	0.173	0.193	0.02
Arhgap29	0.719971646024547	0.382936196384235	1	0.622	0.554	0.0679999999999999
Ascc3	0.720531926090475	0.331105417152094	1	0.11	0.096	0.014
Cul3	0.721185548458903	0.200383162948484	1	0.118	0.108	0.01
Dcbld2	0.721198207638276	-0.565572088882166	1	0.094	0.12	0.026
Asxl1	0.722821189508661	0.136021473837984	1	0.173	0.169	0.00399999999999998
Nisch	0.723509210182458	0.169315872298489	1	0.11	0.12	0.01
Rnd3	0.724166304387996	0.285838763198344	1	0.102	0.072	0.03
Foxo3	0.724892470905603	-1.88867529758769	1	0.047	0.12	0.073
Ubr2	0.725345175957283	0.214944241133048	1	0.197	0.205	0.00799999999999998
Rock2	0.726874297578482	0.277115813252811	1	0.52	0.398	0.122
Spop	0.728242031431781	-0.718145300977843	1	0.165	0.217	0.052
Mcam	0.730308525034966	-0.134371661500867	1	0.165	0.193	0.028
Aplp2	0.732820740877189	-0.590407223616057	1	0.087	0.133	0.046
Fut8	0.73333564377402	0.1980701281979	1	0.142	0.133	0.00899999999999998
Hmg20a	0.733478768242875	0.408798935782353	1	0.197	0.145	0.052
Sppl3	0.733946865654809	-0.560749960402405	1	0.11	0.169	0.059
Cpm	0.735265577715237	0.6393940640698	1	0.102	0.06	0.042
Stt3b	0.736267844524895	0.377213563868607	1	0.102	0.096	0.00599999999999999
Enah	0.736860602076008	-0.211003967942053	1	0.142	0.157	0.015
Sp1	0.738024480684483	0.408157874759888	1	0.142	0.12	0.022
Egfr	0.738470812640565	-0.286614585424795	1	0.063	0.108	0.045
Supt3	0.742168065817	-0.762025547952723	1	0.087	0.133	0.046
Creb5	0.742366316810647	0.376335497292211	1	0.126	0.108	0.018
Eif3a	0.742473624025551	0.802861933058402	1	0.102	0.06	0.042
Magi1	0.744251418387022	-0.27955249941862	1	0.173	0.217	0.044
Lama5	0.746350010143525	-0.776267402735587	1	0.079	0.12	0.041
Nr2f2	0.746932120381823	-0.139150446373358	1	0.307	0.277	0.03
Prrx1	0.747852421371438	1.04710362914888	1	0.165	0.108	0.057
Epc2	0.749331466908545	0.264252970534975	1	0.197	0.181	0.016
Arhgap24	0.749465176963332	-0.723104088147704	1	0.165	0.229	0.064
Krit1	0.750704757792477	0.114978210021021	1	0.102	0.108	0.00600000000000001
Xpo7	0.753129486859359	-0.503502138071314	1	0.102	0.133	0.031
Mylip	0.756624726044105	-0.786735366858279	1	0.079	0.108	0.029
Ccdc3	0.75724645251742	0.108016840454342	1	0.134	0.12	0.014
Trak1	0.759982859577313	0.235777379985421	1	0.283	0.229	0.054
Rapgef5	0.762017982756526	0.302602358890723	1	0.717	0.627	0.09
Rbpj	0.763795066475157	-0.37483777476602	1	0.165	0.181	0.016
Sarnp	0.764780415224808	-0.542450623493159	1	0.071	0.108	0.037
Sdccag8	0.764937416181785	-0.85482065303998	1	0.063	0.108	0.045
Maco1	0.765389140867733	-1.1668106291429	1	0.055	0.108	0.053
Shoc2	0.765694629083513	0.283016184795394	1	0.165	0.145	0.02
Atp10d	0.767137056854612	0.453143183058534	1	0.402	0.289	0.113
Slc12a2	0.76832314889621	0.133590751085942	1	0.465	0.458	0.00700000000000001
Suclg2	0.769037181158242	-0.123586220475536	1	0.079	0.108	0.029
Nedd4	0.769440302866432	-0.114629579059569	1	0.496	0.518	0.022
Plxnb1	0.770202016649086	0.528215712106168	1	0.118	0.084	0.034
App	0.770796548761389	0.317899033451651	1	0.252	0.229	0.023
Kcmf1	0.770916436579247	0.378905353411676	1	0.189	0.169	0.02
Adgrl2	0.771048340329171	0.754123246597305	1	0.11	0.072	0.038
Col4a4	0.771252867772253	0.241483104788178	1	0.197	0.169	0.028
Btaf1	0.772143284185406	0.670599736299158	1	0.126	0.072	0.054
Eln	0.772311930963502	0.124521553484698	1	0.118	0.133	0.015
S1pr3	0.773776770136474	0.733695164884092	1	0.197	0.12	0.077
Prdm5	0.775269217035058	0.273830896685236	1	0.173	0.133	0.04
Gatad2a	0.775743869814345	-0.441964073804633	1	0.079	0.108	0.029
Mbtd1	0.775763753905509	0.709377965816482	1	0.11	0.084	0.026
Erc1	0.775782035926043	0.290547618424268	1	0.11	0.084	0.026
Aopep	0.7769990832253	-0.399111020971391	1	0.362	0.41	0.048
Nab1	0.776999546532674	0.281893820365458	1	0.102	0.096	0.00599999999999999
Resf1	0.777338534124567	-0.135867961360307	1	0.118	0.133	0.015
Wsb1	0.778614076377004	-0.103390946092198	1	0.118	0.12	0.002
Capn2	0.778705055159301	-0.56253646313039	1	0.087	0.133	0.046
Arhgap5	0.778868055612791	-0.467575902095662	1	0.118	0.169	0.051
Myom1	0.779524104699008	-0.543571032630865	1	0.213	0.265	0.052
Foxn3	0.77990258432163	-0.220568696916882	1	0.189	0.229	0.04
Ptk2	0.781975686966169	0.299258840442801	1	0.472	0.446	0.026
Lims2	0.783623036478704	-0.159709884399331	1	0.087	0.12	0.033
Arhgap6	0.784142900293242	0.113153796185665	1	0.811	0.807	0.004
Prdm16	0.785637923599517	-0.547685323796342	1	0.087	0.12	0.033
Ldlrad3	0.786476719893096	-0.990675496610435	1	0.142	0.193	0.051
Flna	0.787619280199882	-0.439953985951052	1	0.283	0.289	0.00600000000000001
Samd4	0.788553340482409	-0.325696164857648	1	0.228	0.265	0.037
Nhsl1	0.789179281999192	-0.385584833967715	1	0.102	0.108	0.00600000000000001
Lzts2	0.790365755193894	-0.146355473735861	1	0.102	0.12	0.018
Cers5	0.79181066817869	0.750379092743591	1	0.126	0.084	0.042
Myl6	0.792029247181568	-0.265950040144072	1	0.213	0.241	0.028
Ric1	0.792512386867276	0.104081819067761	1	0.142	0.12	0.022
Wdr26	0.795764351536404	0.36370407783874	1	0.11	0.096	0.014
Map4k4	0.79599039191693	-0.246891412381258	1	0.228	0.277	0.049
Scarb1	0.796391108244996	-0.115095587909052	1	0.102	0.108	0.00600000000000001
Stk3	0.796959781871371	-0.284613628467781	1	0.362	0.41	0.048
Tagln	0.798386574594261	-0.384625672916806	1	0.118	0.169	0.051
Acsl1	0.798992284007234	0.142117075725523	1	0.189	0.169	0.02
Arhgef12	0.799972956761907	0.142953226147891	1	0.496	0.458	0.038
Cdc42bpb	0.800589526674797	0.586021391296304	1	0.134	0.096	0.038
Spaca6	0.802452037067401	0.597661621647216	1	0.134	0.096	0.038
Hey2	0.804875390750724	-0.402450441639412	1	0.094	0.133	0.039
Rybp	0.805150248669695	0.737100777766076	1	0.189	0.12	0.069
Rbms2	0.80600045101475	0.271651777143117	1	0.157	0.133	0.024
Plxdc1	0.806252826769024	0.421235600152434	1	0.283	0.217	0.066
Rgma	0.808005308704427	0.331055843875065	1	0.205	0.181	0.024
Gstt2	0.808891192484918	0.873262830247006	1	0.197	0.12	0.077
Lrba	0.809904359627924	-0.182572582786026	1	0.157	0.193	0.036
Slco3a1	0.810067633056453	-0.291417651806908	1	0.646	0.627	0.019
Gnb1	0.812963098531189	-0.106631733100558	1	0.134	0.145	0.011
Fbxo42	0.814237170452697	0.852490440866699	1	0.126	0.084	0.042
Stk38	0.814356032291538	-0.351977165988241	1	0.094	0.12	0.026
Dnajc5	0.81598533966831	0.953291804751599	1	0.11	0.072	0.038
Cpsf6	0.816252211344508	-0.189932925793039	1	0.094	0.12	0.026
Ube2h	0.817558084156793	-0.190769272862717	1	0.189	0.205	0.016
Bgn	0.819074716513983	-0.527825134049442	1	0.11	0.12	0.01
Baz2a	0.819842106451939	0.312689993596759	1	0.189	0.157	0.032
Marchf7	0.821633598118262	0.305389688395811	1	0.26	0.229	0.031
Xpo1	0.821892682044815	-0.454458062622104	1	0.102	0.133	0.031
Anapc5	0.823647327283591	-0.219681215063282	1	0.11	0.108	0.002
Arhgef17	0.823660986071728	-0.420446794589903	1	0.26	0.277	0.017
Akap12	0.823738323064314	0.564088575248883	1	0.22	0.157	0.063
Golgb1	0.824365591366377	-0.604369276667257	1	0.102	0.157	0.055
Tcf7l1	0.824956302431701	-0.673766330733453	1	0.181	0.265	0.084
Slc38a2	0.825378792956996	-0.70415245045902	1	0.063	0.108	0.045
Jak1	0.826201752707121	-0.155000525128836	1	0.228	0.205	0.023
Lims1	0.827008415983709	-0.100362052754435	1	0.717	0.735	0.018
Usp24	0.829774454189836	0.572017954578768	1	0.197	0.133	0.064
Itpk1	0.83078783347965	-0.489815577271749	1	0.094	0.108	0.014
Crk	0.831888447457875	0.276064707999474	1	0.118	0.084	0.034
Pbrm1	0.832708579793648	-0.267389027426212	1	0.189	0.241	0.052
Lrp5	0.833521342834115	-0.455342813437456	1	0.087	0.108	0.021
Alpk1	0.833747162684238	0.559118637247194	1	0.189	0.145	0.044
Snx24	0.833863865075424	0.331647265239499	1	0.15	0.108	0.042
Wnt5b	0.835060123516468	0.448053062943219	1	0.11	0.096	0.014
Ablim1	0.835277827756738	-1.47713301488395	1	0.079	0.169	0.09
Zmym2	0.836292271844572	-0.260822292886645	1	0.118	0.133	0.015
Slc1a5	0.8374121137616	0.331124707524451	1	0.189	0.145	0.044
Fam118b	0.83766417096229	0.491343670659948	1	0.283	0.229	0.054
Ttc28	0.83768254565042	0.167840007189914	1	0.457	0.446	0.011
Cuedc1	0.838298002073095	-0.468220563437866	1	0.165	0.157	0.00800000000000001
Desi2	0.839131102746157	0.587176878265185	1	0.134	0.084	0.05
Stim2	0.841531930000494	0.499347491851689	1	0.244	0.181	0.063
Sgms1	0.841652161089745	0.146143974893903	1	0.173	0.169	0.00399999999999998
Trpc3	0.842008316050739	0.136984613461665	1	0.614	0.602	0.012
Parva	0.84240524927832	-0.265437294523841	1	0.181	0.217	0.036
Rnf111	0.844662830577397	0.262281657394811	1	0.11	0.096	0.014
Rgs4	0.845168165353672	-0.392191279751509	1	0.323	0.301	0.022
Relch	0.846885765621859	-0.209964682667586	1	0.102	0.108	0.00600000000000001
Igf1r	0.850245156258894	-0.159022019975378	1	0.402	0.398	0.004
Epc1	0.851092847588589	-0.24742342576629	1	0.157	0.193	0.036
Ncf2	0.853768557275066	-0.306893330973248	1	0.181	0.181	0
Csde1	0.854451043236106	0.188117208543273	1	0.15	0.133	0.017
Zfx	0.854821242541246	-0.384700888378844	1	0.142	0.181	0.039
Slc38a11	0.856536503282553	0.165443197734665	1	0.795	0.783	0.012
Pdxdc1	0.856924838896303	0.18859887766255	1	0.165	0.157	0.00800000000000001
Arglu1	0.857751972171084	0.165394489177151	1	0.228	0.217	0.011
Arhgef11	0.857832575737247	-0.20153440084771	1	0.205	0.205	0
Creb1	0.85862632706883	-0.41693326369672	1	0.126	0.157	0.031
Gli3	0.859557183414909	0.680770268141345	1	0.15	0.108	0.042
Pik3ca	0.860012511336648	-0.244779398279803	1	0.252	0.265	0.013
Rftn2	0.860050275693734	0.101403414796629	1	0.15	0.12	0.03
Prdm2	0.860979816033744	-0.662938022463755	1	0.094	0.108	0.014
Ankrd11	0.862609381106852	-0.612415207714927	1	0.22	0.277	0.057
Prkd3	0.862688972852431	-0.534436204801408	1	0.094	0.12	0.026
Arfip1	0.863044224694878	0.225520907008754	1	0.157	0.133	0.024
Ubxn4	0.865784175616931	0.70405401250538	1	0.11	0.084	0.026
Pik3cd	0.865812654788	-0.460433362667893	1	0.071	0.108	0.037
Mical3	0.865957169374722	-0.170951055588389	1	0.118	0.145	0.027
Tns2	0.86706889241971	-0.556381847249426	1	0.157	0.181	0.024
Taf3	0.867507102362748	-0.155388339381489	1	0.157	0.181	0.024
Tnrc6b	0.870001117024354	0.300866845188302	1	0.402	0.349	0.053
Pwwp2a	0.870182810469765	-0.539263323543897	1	0.213	0.253	0.04
Nf1	0.870202906585878	0.642087379191513	1	0.307	0.229	0.078
Dag1	0.871047123780403	0.207610817409103	1	0.165	0.157	0.00800000000000001
Stat3	0.871250814057313	0.197925238513283	1	0.181	0.169	0.012
Cdyl	0.871372133483709	0.102672849128127	1	0.102	0.096	0.00599999999999999
Fam107b	0.871636068850123	0.252730717379824	1	0.126	0.108	0.018
Cbfb	0.87194871254566	-0.356232938242397	1	0.102	0.145	0.043
Ace2	0.873073771381037	0.422990109490696	1	0.15	0.108	0.042
Aff1	0.875122674840223	-0.12316033461546	1	0.244	0.277	0.033
Fchsd2	0.875318365447824	-0.259748260537687	1	0.386	0.398	0.012
D5Ertd579e	0.875361143779067	-0.418190991656717	1	0.197	0.181	0.016
Irf2	0.877513882082837	0.141456108662178	1	0.165	0.157	0.00800000000000001
Creb3l2	0.878722959161349	0.603544005445093	1	0.165	0.108	0.057
Babam2	0.880038504741536	-0.244551160945362	1	0.118	0.145	0.027
Mef2a	0.880145247338202	-0.190806872424936	1	0.425	0.47	0.045
Ccnt2	0.883845022748567	0.198774736206466	1	0.181	0.157	0.024
Pi4kb	0.884009152259241	0.622973302039716	1	0.102	0.06	0.042
Fnbp4	0.884571205997144	-0.397377307890205	1	0.094	0.108	0.014
Dab2ip	0.887385753297548	0.325720057428678	1	0.165	0.145	0.02
Ate1	0.888852481421005	0.126365319161903	1	0.11	0.096	0.014
A4galt	0.890153974786065	-0.365861577933798	1	0.213	0.241	0.028
Glg1	0.890194068203224	0.276641721504836	1	0.142	0.12	0.022
Parm1	0.890287023243348	-0.377809628698764	1	0.11	0.12	0.01
Dicer1	0.891826376430194	-0.499512441807947	1	0.102	0.133	0.031
Phf12	0.893779986037615	-0.262215017432895	1	0.126	0.145	0.019
Cast	0.89396603406057	0.152971631696048	1	0.118	0.096	0.022
Hivep2	0.898181594640352	0.187771833201821	1	0.205	0.205	0
Nudt4	0.899257931819256	-0.184081713099435	1	0.102	0.096	0.00599999999999999
Msantd2	0.899311320081433	0.415409730940961	1	0.189	0.145	0.044
Rsrc1	0.901723797858063	-0.214084497895364	1	0.252	0.253	0.001
Dock9	0.902621282424411	0.649827785197347	1	0.181	0.12	0.061
Smad2	0.905561757649728	0.136936941560561	1	0.118	0.108	0.01
Pank2	0.90798369847901	-0.112448564850408	1	0.118	0.133	0.015
H2az2	0.908540437085032	-0.235407588691216	1	0.094	0.108	0.014
Fap	0.910009327229671	0.377328817833926	1	0.268	0.205	0.063
Lrmda	0.910449506456865	-0.263373981957744	1	0.189	0.253	0.064
Plxdc2	0.911128934894239	0.19233105545518	1	0.748	0.723	0.025
Stk39	0.912513586312461	-0.191189800854015	1	0.457	0.458	0.001
Picalm	0.913132823450322	-0.275875405024461	1	0.354	0.373	0.019
Parp4	0.913158066562342	-0.134779452210371	1	0.126	0.145	0.019
Pdlim3	0.915540492200741	-0.5768827039772	1	0.094	0.12	0.026
Cep120	0.917199612118311	0.311498773131606	1	0.102	0.084	0.018
Ppp1r12a	0.918210137142245	-0.233301189855896	1	0.598	0.59	0.00800000000000001
Palld	0.918667973501968	0.503573866680248	1	0.165	0.133	0.032
Pde7b	0.921500858540579	0.164297880971703	1	0.378	0.301	0.077
Rsrp1	0.92299557256316	-1.10533432520668	1	0.126	0.193	0.067
Frmd6	0.924636347588713	-0.318914335510809	1	0.181	0.193	0.012
Epb41l2	0.924918106602521	0.162616366158506	1	0.559	0.542	0.017
Tgfb1i1	0.92665424820478	0.18656668978073	1	0.118	0.12	0.002
Dock1	0.927177058709539	-0.226742026537028	1	0.378	0.386	0.00800000000000001
Adgre5	0.927361738084656	0.675959991149206	1	0.173	0.12	0.053
Cdc40	0.92742036426055	0.567833257539328	1	0.118	0.096	0.022
H3f3b	0.928171435526084	-0.120577292763367	1	0.142	0.133	0.00899999999999998
Atp7a	0.928827624842163	-0.186423158936827	1	0.205	0.193	0.012
Ino80d	0.929382972574001	-0.254375770626884	1	0.11	0.108	0.002
Rerg	0.929953497965888	-0.263434630634039	1	0.11	0.133	0.023
Ctnna3	0.931068920188846	-0.615571895806359	1	0.213	0.265	0.052
Stk38l	0.931904512498971	-0.231340566641068	1	0.118	0.133	0.015
Cab39l	0.932389442547344	-0.16244008096036	1	0.102	0.108	0.00600000000000001
Thrap3	0.932418847250437	-0.114282584969203	1	0.134	0.133	0.001
Tdrd3	0.932643973749541	-1.08468696240275	1	0.079	0.12	0.041
Katnbl1	0.932772597244573	0.44093055054017	1	0.11	0.084	0.026
Arid4b	0.933410968720941	-0.526082851540173	1	0.102	0.12	0.018
Pnn	0.933929680912559	-0.317962479225297	1	0.11	0.12	0.01
Tbc1d4	0.934864145663377	-0.251846361245241	1	0.15	0.157	0.00700000000000001
Trpc4	0.935238064911149	0.203883455227525	1	0.504	0.398	0.106
Cdh2	0.937025488453975	-0.146875766347268	1	0.22	0.229	0.00900000000000001
Cert1	0.937207045344296	-0.640238643800624	1	0.142	0.145	0.003
Ccdc141	0.938909567665624	0.401521971454622	1	0.465	0.386	0.079
Sbno1	0.939796638910931	0.396677732589209	1	0.102	0.072	0.03
Zc3hav1	0.940128302950054	0.168200464348899	1	0.102	0.12	0.018
Tet3	0.941556498733575	-0.239534090224719	1	0.094	0.108	0.014
Zfp608	0.941786411543826	0.134010128554261	1	0.102	0.072	0.03
Trps1	0.94204365279413	-0.437057202836334	1	0.362	0.458	0.096
Traf5	0.944189676359015	0.598471871324051	1	0.102	0.072	0.03
Vps13b	0.944546378493535	-0.356568236037722	1	0.11	0.133	0.023
Nfia	0.94511054258737	-0.127483539007867	1	0.732	0.771	0.039
Acta2	0.945953132870214	-0.443637643889007	1	0.165	0.217	0.052
Kdm1a	0.946756171944395	0.522914724713645	1	0.126	0.096	0.03
Slc7a2	0.94695147181802	-0.124806989331247	1	0.197	0.205	0.00799999999999998
Calcrl	0.948254527731181	0.138996086508469	1	0.126	0.133	0.00700000000000001
Abi1	0.94971699252055	-0.293260642311445	1	0.142	0.169	0.027
Foxd1	0.951166976454487	0.263394573217438	1	0.11	0.084	0.026
Yes1	0.951233412515256	0.58056552144237	1	0.134	0.108	0.026
Atg3	0.951463704440642	0.525638771567108	1	0.102	0.072	0.03
P4ha1	0.952932384570824	-0.846813829296112	1	0.094	0.108	0.014
Rasgrp3	0.955431795928643	0.111439938231479	1	0.213	0.193	0.02
Nhs	0.955775488950543	0.267724378448599	1	0.205	0.169	0.036
Plekha2	0.95700881324316	0.124499712979882	1	0.11	0.096	0.014
Rb1	0.957678949397404	0.12880874312761	1	0.205	0.169	0.036
Srpr	0.95829995920302	-0.123070299235611	1	0.102	0.108	0.00600000000000001
Amotl1	0.95948671838673	-0.137973720152481	1	0.142	0.145	0.003
Mnat1	0.959618922644572	-0.29467844167771	1	0.142	0.157	0.015
Tpr	0.962503131807527	0.642207145606289	1	0.11	0.084	0.026
Ston1	0.9645590176028	0.462461297170499	1	0.189	0.145	0.044
Igf2r	0.965258460756535	0.436067746051687	1	0.205	0.157	0.048
Dennd2a	0.967706837079136	-0.439633940170936	1	0.315	0.325	0.01
Zmym5	0.969267588056678	0.475505833537522	1	0.173	0.12	0.053
Mfhas1	0.970497158110949	-0.270793118258517	1	0.11	0.133	0.023
Rhoj	0.971313178622542	-0.317054103462676	1	0.181	0.229	0.048
Diaph2	0.971676761749003	-0.108186779179007	1	0.795	0.783	0.012
Fkbp15	0.974361389371506	-0.24202255139196	1	0.118	0.133	0.015
Ddx3y	0.974485197452082	0.628719220163104	1	0.189	0.12	0.069
Kdm5a	0.976714973547228	0.107363189424397	1	0.157	0.145	0.012
Ephx1	0.976754719477056	0.139210540583243	1	0.15	0.133	0.017
Pld1	0.977717413694995	-0.223328142372629	1	0.472	0.542	0.0700000000000001
Stx16	0.978173658427764	-0.357134620261901	1	0.11	0.145	0.035
Setbp1	0.978316134749471	-0.174722389344571	1	0.205	0.229	0.024
Fmnl3	0.9805706207326	-0.630777066060465	1	0.079	0.108	0.029
Lamp2	0.981155560363615	0.601595010306552	1	0.11	0.072	0.038
Sulf1	0.983437609895432	-0.215735881004934	1	0.094	0.108	0.014
Gatm	0.983886877837301	0.288891098108863	1	0.189	0.133	0.056
Lrrc58	0.98424920196283	0.534884685114253	1	0.134	0.096	0.038
Tcf25	0.984252330895147	-0.137450950710355	1	0.126	0.133	0.00700000000000001
Pde8b	0.984403791420789	-0.111088966573243	1	0.787	0.735	0.052
Tpm2	0.986228249828619	-0.489435453384393	1	0.102	0.108	0.00600000000000001
Bcl2	0.986815033608437	-0.233112712450048	1	0.22	0.229	0.00900000000000001
Cdc73	0.986993516590371	-0.259493971049122	1	0.142	0.12	0.022
Acadl	0.987032110017163	0.292090546768029	1	0.102	0.084	0.018
Cyth3	0.990537907234728	-0.291489286258915	1	0.339	0.325	0.014
Nrf1	0.99274899801868	0.128213875869353	1	0.157	0.145	0.012
Fer	0.994249913871413	0.385529299142607	1	0.15	0.133	0.017
Nr1d1	0.994496132049851	0.316532912443309	1	0.15	0.12	0.03
Fzd6	0.997732473686766	0.288595084244497	1	0.378	0.337	0.041
Per2	0.997974376938107	-0.212185493925083	1	0.157	0.181	0.024
Msn	0.998597390067654	-0.475906789273526	1	0.134	0.181	0.047
Ltbp1	0.999762268966062	-0.156891246308719	1	0.213	0.229	0.016
