gene	p_val	avg_log2FC	p_val_adj	percent_PS19	percent_WT	percent_difference
Dpp10	3.52450664035944e-33	-6.25621600515034	6.31521099819604e-29	0.001	0.159	0.158
Dlgap1	2.92506051471892e-30	-5.88071942799253	5.24112343027336e-26	0.003	0.127	0.124
Cntnap2	8.03301636262853e-29	-5.97219985438202	1.43935587185578e-24	0.001	0.142	0.141
Lrrtm3	1.00887955737442e-27	-1.82197298619089	1.80771039090349e-23	0.058	0.174	0.116
Ntm	1.9618394490288e-27	-5.37635367354175	3.5152239247698e-23	0.001	0.124	0.123
Nrg1	3.9473840969414e-26	-5.98895199633948	7.0729228248996e-22	0.001	0.12	0.119
Snhg11	1.50036966143409e-25	-4.14193561345474	2.68836235935761e-21	0.005	0.153	0.148
Nalf1	4.18783815744936e-25	-3.80786447600403	7.50376841051776e-21	0.001	0.122	0.121
Kcnd2	2.08153360881138e-22	-3.73390563910954	3.72969192026824e-18	0.012	0.168	0.156
Son	3.84477262575612e-21	0.770388375543377	6.88906359082982e-17	0.657	0.452	0.205
Lrrtm4	5.71436684630854e-19	-4.74614871853448	1.02390025152156e-14	0.001	0.103	0.102
Scd2	2.90941920303319e-18	-0.735234397096435	5.21309732799486e-14	0.458	0.609	0.151
Ap2b1	1.81913710568809e-15	-1.42463787479581	3.25952986597192e-11	0.048	0.115	0.067
Ctnnd2	1.97317126897563e-15	-2.92318064547649	3.53552827975054e-11	0.02	0.143	0.123
Syt1	3.56726880781326e-12	-2.26100695451933	6.39183224983979e-08	0.036	0.188	0.152
Pacrg	8.13786404952825e-12	-0.482020756853086	1.45814248039447e-07	0.49	0.575	0.085
Srsf5	8.12420921383693e-11	-0.721766954081299	1.4556958069353e-06	0.149	0.209	0.06
Nrg3	2.65939888192822e-10	-0.835785259200843	4.76511091663899e-06	0.128	0.262	0.134
Fus	3.93925262797875e-10	-0.905065935754513	7.05835285881232e-06	0.089	0.169	0.08
Fbxw15	6.52140446971297e-10	-0.802128303213559	1.16850525288317e-05	0.104	0.174	0.07
Spred1	9.31988442874178e-10	-0.949312586180063	1.66993689194195e-05	0.086	0.143	0.057
Luc7l2	1.57908498729859e-09	0.368892018934999	2.82940448024162e-05	0.802	0.669	0.133
Tial1	1.9411080932955e-09	-0.927239795987611	3.47807748156688e-05	0.102	0.159	0.057
Nr6a1	2.18172975510971e-09	-0.966534263297628	3.90922337520558e-05	0.079	0.15	0.071
Eif4g3	2.81327785439928e-09	-0.931817691311278	5.04083125951263e-05	0.104	0.174	0.07
Adam22	4.18190582900676e-09	-0.694254592692391	7.49313886441431e-05	0.067	0.123	0.056
Zfhx2	6.73551205682003e-09	-1.00096594489939	0.000120686905034101	0.073	0.128	0.055
Nav3	1.79659870225275e-08	-1.07107862668604	0.000321914555469647	0.063	0.172	0.109
Parg	2.14283037872424e-08	1.00333871770501	0.00038395234725981	0.222	0.132	0.09
Rab11fip4	2.19157892838197e-08	-1.26675121438053	0.000392687112387482	0.071	0.137	0.066
Dgki	2.4720758272611e-08	0.264215482808053	0.000442946546728643	0.762	0.748	0.014
Negr1	2.49994899460436e-08	-1.78274806269392	0.00044794086085321	0.044	0.145	0.101
Rora	3.20451275127915e-08	-1.93280841921547	0.000574184594774198	0.031	0.113	0.082
Nlk	4.38526157943279e-08	-0.768651278266265	0.000785751169802768	0.124	0.204	0.08
Ank3	4.46065557237238e-08	0.244369296948098	0.000799260265457683	0.92	0.896	0.024
Ddx17	6.27862661820289e-08	0.508015224424316	0.00112500431744959	0.567	0.442	0.125
Ralgapa2	7.10347328575114e-08	-1.0628861714657	0.00127280034334089	0.053	0.108	0.055
Clasp2	8.57592722170583e-08	0.238793948440031	0.00153663463958525	0.877	0.823	0.054
Rfx7	9.70437188985658e-08	-1.21459845036235	0.0017388293552245	0.053	0.118	0.065
Adgrl3	1.08443046013567e-07	-1.64529941858202	0.0019430824984711	0.034	0.122	0.088
Ypel2	1.18366510126724e-07	0.268140725659164	0.00212089112845064	0.74	0.704	0.036
Tmem243	1.26176331622634e-07	-0.814336146477541	0.00226082751001435	0.096	0.148	0.052
Kansl1l	1.54581486447262e-07	-0.617968407539707	0.00276979107416204	0.173	0.244	0.071
Clcn3	1.55075676105956e-07	-1.05507234031149	0.00277864596446651	0.052	0.109	0.057
Xrcc6	1.67353507760657e-07	-0.582370618847124	0.00299864015205546	0.173	0.243	0.07
Gapvd1	1.77115884381488e-07	-0.941344485829062	0.00317356241634749	0.077	0.135	0.058
Nsmf	2.28686249752903e-07	0.823634653947194	0.00409760022307252	0.141	0.093	0.048
Elmo1	2.46378244468191e-07	0.315305326573657	0.00441460538438104	0.848	0.807	0.0409999999999999
Syt11	2.94857248337247e-07	-0.49358285652327	0.00528325217570679	0.276	0.362	0.086
Slc13a1	3.28608270726985e-07	-0.844961515099174	0.00588800299488612	0.085	0.137	0.052
Mobp	3.69029041256137e-07	0.292108239730415	0.00661226236122747	0.816	0.791	0.0249999999999999
Hsp90aa1	3.79517036245372e-07	-1.05824711293182	0.00680018625544457	0.095	0.162	0.067
Akt3	3.8453482312729e-07	-1.37985052854309	0.00689009496079479	0.056	0.113	0.057
Arhgef10	5.24316268775662e-07	0.491619069653596	0.00939469890392231	0.513	0.416	0.097
Fth1	5.31371111050731e-07	-0.742185544228896	0.00952110756780699	0.433	0.491	0.058
Ppp1cc	5.94417596919469e-07	0.624186241972945	0.0106507745016031	0.293	0.216	0.077
Zfand5	6.70920324651309e-07	-0.817609194822564	0.0120215503771022	0.085	0.147	0.062
Cryab	6.81313812604152e-07	-0.941988297203713	0.0122077808942412	0.103	0.173	0.07
Trpc1	7.66090086162719e-07	0.925847577587683	0.0137268021638636	0.167	0.104	0.063
Adipor2	7.95125793293946e-07	0.556755103189169	0.0142470639642409	0.634	0.496	0.138
Ptma	8.82247689548627e-07	-0.680164472410946	0.0158081141013323	0.178	0.257	0.079
Kcnab1	9.01422439410668e-07	-0.309655416677305	0.0161516872693603	0.284	0.312	0.028
Map7	1.0507297099901e-06	0.210634672992036	0.0188269749436026	0.943	0.914	0.0289999999999999
Reps2	1.30769568763059e-06	-0.822184368914998	0.0234312913309649	0.088	0.14	0.052
Sarnp	1.33479888670972e-06	1.2834561004829	0.0239169264520648	0.111	0.056	0.055
Pds5b	1.36121373960681e-06	-0.958387735596676	0.0243902277862747	0.056	0.107	0.051
Zfr	1.54000977888337e-06	-0.521004380578793	0.0275938952180323	0.156	0.207	0.051
Cdc42bpa	1.54379859095132e-06	0.265757467792813	0.0276617831526657	0.877	0.822	0.055
Dnajc6	1.63818275007793e-06	-0.727758581503615	0.0293529585158964	0.174	0.243	0.069
Chchd3	1.84113129600426e-06	-0.780926713863101	0.0329893905618043	0.088	0.132	0.044
Cnp	2.00245972780509e-06	-0.756688282265741	0.0358800734028115	0.194	0.288	0.094
Brd8	2.07901796454436e-06	-0.646049578681239	0.0372518438887059	0.077	0.1	0.023
Tanc2	2.24355771422124e-06	-0.61436675518237	0.0402000671234162	0.173	0.246	0.073
Mat2a	2.60667934284516e-06	0.620059617890767	0.0467064804650996	0.383	0.276	0.107
Psmd1	2.72072661883892e-06	-0.808503180192677	0.0487499795563557	0.08	0.123	0.043
Tmem132b	3.74632607528808e-06	-0.586469150482439	0.0671266706170119	0.099	0.142	0.043
Inpp5f	4.60433038130837e-06	0.201877047772662	0.0825003917722834	0.419	0.409	0.01
Afdn	4.99239329963276e-06	-0.624047451117401	0.0894537031428199	0.067	0.105	0.038
Sez6l2	5.20604252744792e-06	0.243554369064076	0.0932818700068117	0.394	0.381	0.013
Ptgds	5.36732292669075e-06	-0.339731371943894	0.0961716922004449	0.451	0.54	0.089
Rab40c	5.89265428417531e-06	0.449060951462557	0.105584579463853	0.458	0.361	0.097
Fxr1	6.52418152567417e-06	-0.519998083416459	0.11690028457703	0.158	0.199	0.041
Baz2b	6.79194988766114e-06	0.222332394056533	0.121698158087112	0.715	0.679	0.0359999999999999
2210408I21Rik	7.21055140738838e-06	-0.626301577202487	0.129198660117585	0.102	0.158	0.056
Ccnt1	7.84128263454851e-06	1.09160141007457	0.14050010224584	0.134	0.071	0.063
Kif1b	8.3361272532331e-06	0.140679381752137	0.149366728123431	0.863	0.84	0.023
Rbm39	8.97332482019439e-06	0.345594197576194	0.160784034128243	0.521	0.444	0.077
Smyd3	9.12667780653465e-06	-0.845419349569293	0.163531812937488	0.091	0.155	0.064
Opcml	9.66630401118724e-06	-0.841445500956032	0.173200835272453	0.181	0.31	0.129
Zfp638	1.17793245750728e-05	0.205511494935807	0.211061937736155	0.577	0.558	0.0189999999999999
Pnisr	1.23431540560517e-05	-0.2266895957358	0.221164634376334	0.308	0.362	0.054
Nrbp2	1.23835127999366e-05	0.522374177920128	0.221887782349265	0.469	0.377	0.092
Tubb4a	1.45548737050282e-05	-0.357816451168262	0.260794227046696	0.449	0.53	0.081
Arhgap32	1.46601485135717e-05	-0.730909174652877	0.262680541066177	0.067	0.105	0.038
Ddr1	1.52887225128765e-05	0.511016813864383	0.273943329985721	0.424	0.332	0.092
Zfand3	1.57634868694009e-05	-0.296084713336103	0.282450157725925	0.113	0.15	0.037
Snrnp70	1.68476130947639e-05	-0.230430925011182	0.30187553143198	0.296	0.308	0.012
Hace1	1.68588057566122e-05	-0.941265077757727	0.302076081546977	0.063	0.104	0.041
Tenm2	2.07040703245818e-05	-0.633001567688516	0.370975532075857	0.265	0.391	0.126
Crebrf	2.1002164804274e-05	-0.683835718036269	0.376316788962982	0.182	0.263	0.081
Ctnnal1	2.19875746448317e-05	0.947863545312155	0.393973362486095	0.124	0.076	0.048
Wapl	2.5766456528001e-05	1.21820901720319	0.461683368068722	0.173	0.085	0.088
Arhgap23	2.7221767748966e-05	0.212269702413658	0.487759634525973	0.819	0.792	0.0269999999999999
Phldb1	2.86733377337017e-05	0.232985078151626	0.513768865512467	0.722	0.653	0.069
Kcna1	2.89708808601855e-05	0.659641097079564	0.519100243252803	0.352	0.248	0.104
Tcf7l2	3.35374374780552e-05	1.05116969133724	0.600923804731793	0.103	0.063	0.04
Dop1a	3.37536046194462e-05	0.718088403663194	0.604797087571236	0.148	0.103	0.045
Stmn1	3.72851506109316e-05	-0.684301450354439	0.668075328646673	0.179	0.242	0.063
Kndc1	3.79388668722593e-05	0.374999414641127	0.679788616617143	0.432	0.372	0.06
Dcaf8	3.88571154347994e-05	-0.718821331744723	0.696241794360736	0.119	0.169	0.05
Anks1b	3.93723428857906e-05	-0.144297666633539	0.705473639827596	0.497	0.573	0.076
Dyrk1a	4.00575155304265e-05	-0.514380856923544	0.717750563274182	0.165	0.211	0.046
Ptbp2	4.01794499148859e-05	-0.540174105244039	0.719935383574925	0.135	0.187	0.052
Ktn1	4.08663541351774e-05	-0.608536013777517	0.732243333394109	0.111	0.165	0.054
Xrn2	4.2750499814391e-05	-0.452294763717488	0.766003455674257	0.124	0.164	0.04
Zfhx4	4.54407189235805e-05	1.23069234071443	0.814206801672715	0.114	0.046	0.068
Lpgat1	4.72890188770737e-05	0.349925678247449	0.847324640239407	0.648	0.578	0.0700000000000001
Celf2	5.20391561609391e-05	-0.715976807067093	0.932437600091707	0.15	0.276	0.126
Eif4g1	5.21129192342647e-05	1.08822876213306	0.933759286839554	0.148	0.079	0.069
Naa15	5.21436062567556e-05	-0.582132658421397	0.934309136908547	0.08	0.102	0.022
Parp8	5.50000665259408e-05	0.523878028645796	0.985491192011807	0.17	0.14	0.03
Pdcd6ip	5.56085452998807e-05	0.735863589930581	0.996393914683262	0.22	0.137	0.083
Zbtb20	6.12520628069831e-05	0.159820479193984	1	0.895	0.904	0.00900000000000001
Numa1	6.79733852102806e-05	-0.653743688520311	1	0.075	0.1	0.025
Nipbl	6.80763504068728e-05	0.190044419013609	1	0.346	0.328	0.018
Gtf3c2	6.82732647169642e-05	0.533715275495658	1	0.156	0.125	0.031
Adgrv1	6.86094428483968e-05	-0.686881694268884	1	0.075	0.11	0.035
Sgce	6.93521526277474e-05	-0.756860656458768	1	0.105	0.15	0.045
Rictor	7.1999365925269e-05	0.646355816401203	1	0.188	0.145	0.043
Klf9	7.57979298071172e-05	1.00139196734652	1	0.172	0.103	0.069
Thoc2	8.00687119007391e-05	0.663778138637813	1	0.186	0.134	0.052
Ankrd12	8.87589564038157e-05	-0.315127534153992	1	0.197	0.249	0.052
Hapln2	8.89317588578472e-05	0.414893799297694	1	0.445	0.366	0.079
Reep3	9.37696330882282e-05	-0.666187189807097	1	0.118	0.154	0.036
Cdh19	9.37916258533181e-05	0.401949522655487	1	0.567	0.479	0.088
Mbp	9.85910507491757e-05	0.169876961822213	1	0.98	0.979	0.001
Tcf20	0.000100383282121837	-0.566051961927976	1	0.123	0.167	0.044
Daam2	0.000113943911159735	0.347345428001054	1	0.579	0.499	0.08
Ufl1	0.000122405817534918	1.10170198722155	1	0.119	0.064	0.055
Ewsr1	0.000123580570403189	-0.580234413796242	1	0.081	0.123	0.042
Usp54	0.000130082177526665	0.270289920000327	1	0.604	0.55	0.0539999999999999
Arid2	0.000138240293985595	-0.711711029558722	1	0.091	0.125	0.034
Abhd12	0.000145153370962033	-0.857034622341922	1	0.069	0.12	0.051
Cxxc5	0.000147977386439901	-0.644678948523965	1	0.09	0.145	0.055
Nup98	0.000152415480235852	-0.590783610525158	1	0.094	0.128	0.034
Nedd4	0.00015343386537185	-0.392652921839707	1	0.177	0.218	0.041
Limch1	0.000156394088249189	0.206890006129434	1	0.821	0.771	0.0499999999999999
Mau2	0.000158420252931454	-0.617647364262745	1	0.11	0.149	0.039
Galnt5	0.000168789614436085	-0.296837277688086	1	0.102	0.134	0.032
Kansl1	0.000169105729652082	0.446194788331644	1	0.333	0.277	0.056
Slc1a3	0.0001701727223257	0.576020317330276	1	0.253	0.193	0.06
Macrod2	0.000172242478755906	-0.51452696838697	1	0.169	0.257	0.088
Nrxn3	0.000174789228233761	-0.814745151562356	1	0.143	0.276	0.133
Eef1a1	0.000176207109154291	-1.28433472950133	1	0.072	0.138	0.066
Fa2h	0.00017828743422185	0.2498066491861	1	0.656	0.573	0.0830000000000001
Sptbn1	0.000178957668563159	0.338756594894303	1	0.365	0.279	0.086
Nfasc	0.000184326172360618	0.259439613646012	1	0.658	0.608	0.05
Grik2	0.000184635343546174	0.205302745421363	1	0.725	0.667	0.0579999999999999
Dlg1	0.00018522207278969	0.207671308407312	1	0.753	0.694	0.0590000000000001
Atxn2	0.000188226576911521	-0.599202750207299	1	0.157	0.214	0.057
Zfp438	0.0001915985325756	0.771847443746137	1	0.18	0.114	0.066
Rere	0.000205853160809245	0.155511615644459	1	0.711	0.672	0.0389999999999999
Rbm5	0.000213050702067903	0.526137376327618	1	0.328	0.239	0.089
Csmd1	0.000213677730095037	-0.849149782928169	1	0.129	0.253	0.124
Lrch3	0.000213924551642974	0.312798533773602	1	0.371	0.331	0.04
Spns2	0.000214972750170726	0.620960486032777	1	0.221	0.149	0.072
Add1	0.000218331649566216	0.281536200525825	1	0.414	0.37	0.044
Mycbp2	0.000226174576345276	0.291773848890487	1	0.632	0.521	0.111
Sash1	0.000247968786571875	0.139839304119163	1	0.254	0.259	0.005
Kazn	0.000254102055683389	0.476678380680751	1	0.353	0.281	0.072
Stx8	0.000267036370812163	-0.368556727697606	1	0.102	0.11	0.00800000000000001
Sema6d	0.000280405002732056	-0.340242409491414	1	0.357	0.444	0.087
Senp2	0.000287928472868236	0.699046103517263	1	0.143	0.091	0.052
Fgf14	0.0002948924201264	-0.927621507677523	1	0.125	0.256	0.131
Pcyt2	0.000312653923260851	0.28214132516728	1	0.238	0.221	0.017
Slc8a1	0.000334274553261736	-0.315095788172053	1	0.754	0.798	0.044
Plekha1	0.000342142483330776	0.374901626446636	1	0.493	0.429	0.064
Ecpas	0.000347104131720159	-0.527308735065351	1	0.096	0.14	0.044
Hdac8	0.000378898605512088	-0.417821580434177	1	0.074	0.105	0.031
Rufy3	0.000405522010479178	-0.389354882906439	1	0.125	0.144	0.019
Mag	0.00041619777695328	0.184093326960559	1	0.784	0.734	0.05
Adk	0.000426942061555647	-0.185004147653979	1	0.232	0.238	0.00599999999999998
Usp32	0.000430981569647208	-0.609333356327174	1	0.114	0.153	0.039
Ints6l	0.000450600569842566	0.765146255737245	1	0.178	0.103	0.075
Dicer1	0.000481718103627098	0.543347294322496	1	0.167	0.118	0.049
Cdc37l1	0.000483441753881809	0.318240373612941	1	0.762	0.673	0.089
Npepps	0.000500911592471019	0.336926690167999	1	0.388	0.322	0.066
Rabep1	0.000505375041460362	-0.585715376226333	1	0.068	0.1	0.032
Rab11fip3	0.000508577603415198	-0.567062741867538	1	0.102	0.134	0.032
Msl2	0.000509262541581072	-0.946709115436393	1	0.062	0.11	0.048
Bin1	0.000518046650736588	0.259671300003835	1	0.758	0.713	0.045
Dock9	0.00053487221710264	0.120680827987377	1	0.588	0.578	0.01
Pgap1	0.000535639761014507	-0.401744735324855	1	0.102	0.123	0.021
Arpc1a	0.000536028815818681	0.907307620282873	1	0.117	0.075	0.042
Otud7b	0.000544780856785654	0.284423778785871	1	0.694	0.604	0.09
Mindy3	0.00059069869850047	-0.623549259479104	1	0.078	0.107	0.029
Btbd9	0.000591368062876194	-0.50929903080083	1	0.123	0.169	0.046
Spock3	0.000599709986773983	0.103318732822344	1	0.708	0.704	0.004
Ppfibp2	0.000602489872328565	0.331932777383098	1	0.46	0.415	0.045
Cyrib	0.000608213330664732	-0.429095286015683	1	0.159	0.188	0.029
Krit1	0.000611754879373431	0.427649493522541	1	0.219	0.183	0.036
Trim35	0.000647232927902667	0.472104129513993	1	0.239	0.194	0.045
Atg4c	0.000696299486936597	0.466201776481831	1	0.343	0.266	0.077
Far1	0.000707292506268317	-0.410751898402417	1	0.139	0.163	0.024
Stmn4	0.00071485112526442	-0.151593780527503	1	0.319	0.365	0.046
Smad7	0.000745166724586163	0.382821384060358	1	0.317	0.251	0.066
Insr	0.000757608502885929	0.414240100146177	1	0.319	0.261	0.058
Ankrd17	0.000759944328488026	-0.420088270970089	1	0.121	0.159	0.038
Epb41l3	0.000772031011783531	0.337382929958967	1	0.475	0.402	0.073
Pou2f1	0.000786217706819307	-0.579606965969954	1	0.083	0.115	0.032
Zfyve9	0.000794121317500621	1.00457297438377	1	0.11	0.061	0.049
Rsrc2	0.000811133188252353	-0.555894626202195	1	0.098	0.125	0.027
Ankrd13a	0.00081367118690115	0.951313295321139	1	0.129	0.068	0.061
Dync1li1	0.000838653774855559	0.619862596662954	1	0.121	0.083	0.038
Tcf25	0.000847294526382113	-0.3512083179425	1	0.18	0.216	0.036
Myo9a	0.000850315666956679	-0.356191745399113	1	0.3	0.336	0.036
Ino80d	0.000864099725030685	0.881018703103616	1	0.156	0.094	0.062
Sec14l5	0.000867522425125083	0.283753036403295	1	0.705	0.638	0.0669999999999999
Nr3c1	0.000884436086661556	-0.516054308224274	1	0.215	0.297	0.082
Ash1l	0.000891371308501432	-0.381794497081138	1	0.173	0.216	0.043
Robo1	0.000942837973769566	-0.418040451164222	1	0.505	0.609	0.104
Adcy5	0.000993251160692953	0.963235648820502	1	0.143	0.079	0.064
Nrf1	0.00101967485922707	-0.6433356768485	1	0.116	0.165	0.049
Dock10	0.0010743814830128	0.148382067765619	1	0.978	0.955	0.023
Rab14	0.00107821726815862	-0.764821445385683	1	0.063	0.107	0.044
Chd9	0.00109029379577481	-0.607995674507904	1	0.068	0.103	0.035
Rbfox1	0.00110128575864682	-0.803722306575756	1	0.129	0.253	0.124
Herc1	0.00110446364835446	-0.393128204063728	1	0.116	0.148	0.032
Rabgap1	0.00110966661139121	-0.339398869770468	1	0.242	0.276	0.034
Klf13	0.00112870155294134	0.337459379544737	1	0.359	0.305	0.054
Acbd5	0.00117290759808712	-0.515880749136809	1	0.086	0.103	0.017
Zfp182	0.0011841431116432	0.619796549924537	1	0.193	0.132	0.061
Babam2	0.00121949872042061	0.36512490758031	1	0.314	0.256	0.058
Chd7	0.00122687625638259	0.325645652904059	1	0.406	0.335	0.071
Adgrb3	0.0012284879336815	-0.50235512561334	1	0.291	0.434	0.143
Zdhhc17	0.00126220684837899	-0.510649818759311	1	0.08	0.103	0.023
Cpsf7	0.00128743324248257	0.690138180489398	1	0.113	0.079	0.034
Bcl2l1	0.00130915646169797	0.39401598112992	1	0.456	0.367	0.089
Ep300	0.00131406513834233	-0.541300981491164	1	0.088	0.127	0.039
Rbm33	0.00137063221660149	-0.153902243161018	1	0.124	0.119	0.005
Itsn2	0.00137419077387796	0.297590053574605	1	0.554	0.482	0.0720000000000001
Kdm3b	0.00138061140334473	-0.355334216649723	1	0.082	0.102	0.02
Kmt2a	0.00141218545240666	-0.60086557918374	1	0.074	0.117	0.043
Wdr33	0.00142558389124053	0.536319777545507	1	0.203	0.157	0.046
Sh3kbp1	0.0014262583986227	0.237013967372158	1	0.431	0.395	0.036
Crebbp	0.00148771900134932	-0.280976737605944	1	0.263	0.297	0.034
Ano4	0.00149323774517532	0.116358965195884	1	0.904	0.902	0.002
Klhl2	0.00152176460913429	0.188022119896385	1	0.737	0.682	0.0549999999999999
Ckap5	0.0015952327086655	-0.247289653839752	1	0.19	0.195	0.005
Umad1	0.00163706754607071	-0.502578112946903	1	0.146	0.203	0.057
Tmem87a	0.00167634354572097	0.750268900001247	1	0.12	0.08	0.04
Gnaq	0.00167803736115349	-0.282200376548048	1	0.309	0.361	0.052
Ext1	0.0017615621077119	-0.374975438416353	1	0.188	0.239	0.051
Usp47	0.0018234635607236	-0.530142831275031	1	0.094	0.118	0.024
Eri3	0.00184781149425833	-0.587403659896629	1	0.17	0.223	0.053
Nfatc3	0.00190191072605096	-0.481892481847699	1	0.133	0.149	0.016
Pcolce2	0.00197452681644199	0.716035128400348	1	0.184	0.125	0.059
Zcchc7	0.00202052635413118	0.323558672272289	1	0.605	0.51	0.095
Dync1li2	0.0020866673352035	0.344054595151177	1	0.3	0.228	0.072
Birc6	0.00208975088268543	0.556808114258392	1	0.292	0.208	0.084
Trim24	0.00209787846853324	0.765724016861675	1	0.151	0.098	0.053
Immp1l	0.00209882639173607	-0.380886774349746	1	0.172	0.212	0.04
Ankhd1	0.00212499454718776	0.437847827066148	1	0.253	0.194	0.059
Thsd4	0.00219197215151833	-0.393019973125464	1	0.178	0.229	0.051
Lcor	0.00221031517333675	-0.366185240475949	1	0.175	0.201	0.026
Ippk	0.00221167074123529	0.784778696382032	1	0.107	0.068	0.039
Rttn	0.00222227650973784	0.575616824985153	1	0.132	0.098	0.034
Uty	0.00224996105677824	0.200600581654935	1	0.128	0.094	0.034
Inpp5a	0.00233480362283096	-0.285911428961282	1	0.114	0.122	0.00799999999999999
Papola	0.00236394016832286	-0.327631604306936	1	0.099	0.118	0.019
Ube2k	0.00245172125343213	-0.345584030858542	1	0.118	0.145	0.027
Phf20l1	0.0025260228989597	-0.580642710417376	1	0.088	0.129	0.041
Kif3c	0.00255803248104002	0.584190595310754	1	0.221	0.154	0.067
Ccnl1	0.00258283669261471	0.322685742494666	1	0.167	0.15	0.017
Coro1c	0.00258672182821089	0.479367133128546	1	0.183	0.15	0.033
Aatk	0.00266756780212807	0.236434818636901	1	0.576	0.52	0.0559999999999999
Rap1gds1	0.0026753909046044	-0.437722151922339	1	0.155	0.198	0.043
Epdr1	0.00268697264017365	-0.811546669978027	1	0.088	0.14	0.052
Ak3	0.00281195594572513	0.626550094985963	1	0.131	0.085	0.046
Acox1	0.00286192013877844	0.600161730403065	1	0.214	0.155	0.059
Cyth1	0.00286574745468554	0.200661774548852	1	0.396	0.367	0.029
Tulp4	0.00286606203654665	0.218798823128936	1	0.685	0.647	0.038
Ubl3	0.00291466126622329	0.159885626578997	1	0.107	0.112	0.005
Supt3	0.00294397461271134	-0.363854037471499	1	0.152	0.178	0.026
Tnrc6a	0.00296754621067252	0.397762511840751	1	0.308	0.262	0.046
Zmat1	0.00300746370128452	0.437671206827843	1	0.2	0.15	0.05
Nrd1	0.00320043902992326	0.485857014844144	1	0.288	0.221	0.067
Abhd17b	0.003230932275669	0.338675856022703	1	0.509	0.446	0.063
Arfgef1	0.00323950857124106	0.662683073479468	1	0.113	0.076	0.037
Arhgap39	0.00325800527044029	0.243303815167382	1	0.365	0.311	0.054
Gria4	0.00326692416584289	0.257003122663285	1	0.183	0.174	0.00900000000000001
Ppp4r3b	0.00346270126084011	-0.528535021940954	1	0.094	0.129	0.035
Il18	0.00371304446690072	0.307092209188687	1	0.308	0.233	0.075
Ift43	0.00371875487467209	0.398890415110156	1	0.216	0.177	0.039
Rsbn1	0.00377858378468312	0.853920703578214	1	0.107	0.068	0.039
Acaca	0.0038393503473773	0.143573227370475	1	0.59	0.554	0.0359999999999999
Ptn	0.00394009086647365	-0.146918508680554	1	0.488	0.539	0.051
Bicd2	0.00399079909983299	0.611701470461783	1	0.124	0.079	0.045
Slk	0.00401011058719791	0.469855840092627	1	0.275	0.214	0.061
Phactr3	0.00402840014391044	-0.336260633106269	1	0.154	0.192	0.038
Elf2	0.00409321076477534	0.297465009077902	1	0.32	0.246	0.074
Marf1	0.00411713408955987	0.480399622216013	1	0.146	0.113	0.033
Zfp148	0.00413927855771458	-0.429490845616327	1	0.072	0.102	0.03
Rtkn2	0.00422045226038816	-0.267206983799066	1	0.165	0.201	0.036
Ccp110	0.00426942081218614	0.353830906699726	1	0.416	0.366	0.05
Kcnk13	0.0043027341350391	-0.251076045652913	1	0.382	0.437	0.055
Zfp771	0.00436915759241808	0.651759310471898	1	0.114	0.079	0.035
Myo6	0.00438042909127092	0.166436981569317	1	0.648	0.6	0.048
Sbf2	0.00456972615253671	-0.223752598899222	1	0.23	0.262	0.032
Rtkn	0.00458204334884204	0.516197446571711	1	0.178	0.127	0.051
Rnf220	0.00467121935021524	0.10919206935173	1	0.915	0.893	0.022
Ablim2	0.0047059199937346	0.280038006362975	1	0.339	0.302	0.037
Rhou	0.00484940229881935	0.554558773087729	1	0.31	0.232	0.078
Lgi3	0.00487181440273416	0.370474906230885	1	0.284	0.209	0.075
Amph	0.00491833168508467	-0.314013653915237	1	0.218	0.258	0.04
St7l	0.00492399452355524	-0.343471529798587	1	0.119	0.147	0.028
Asxl1	0.00496365043316745	-0.16630179016545	1	0.126	0.124	0.002
Lrig2	0.00510935125860075	-0.381449720509238	1	0.152	0.177	0.025
Tspan5	0.00519808022248928	0.143205983111849	1	0.456	0.421	0.035
Ctif	0.00522336726836013	-0.58322440444544	1	0.113	0.147	0.034
Itprid2	0.00522538379514962	0.227751761788438	1	0.209	0.192	0.017
Frmd8	0.00524134999692581	0.511411693828708	1	0.167	0.119	0.048
Mast3	0.00540841432612237	0.298369973154701	1	0.53	0.462	0.068
Cep350	0.00560239795588151	-0.357714700947899	1	0.167	0.187	0.02
Nbeal1	0.0056474068985011	-0.266652987190188	1	0.178	0.198	0.02
Zdhhc20	0.00577038347217237	0.128546406596749	1	0.653	0.629	0.024
Tent4b	0.00579573760184067	-0.692055516040244	1	0.105	0.144	0.039
Slc16a7	0.00600304465193039	-0.277227783479115	1	0.133	0.145	0.012
Huwe1	0.00600411763446652	-0.321661696361504	1	0.229	0.249	0.02
Actb	0.00604323823044505	-0.649454237098043	1	0.257	0.33	0.073
Ralyl	0.00615852240320102	-0.643705989957543	1	0.113	0.142	0.029
Ggnbp2	0.00631072885133882	-0.356342498980625	1	0.096	0.125	0.029
Gtdc1	0.00643213104552492	-0.13497188407008	1	0.234	0.257	0.023
Fryl	0.00648415359064004	0.162051614532521	1	0.542	0.494	0.048
Klc1	0.00657621819948631	-0.340992353252322	1	0.098	0.112	0.014
Gpbp1l1	0.00662371919237735	-0.636007943347967	1	0.078	0.103	0.025
Dip2b	0.00664526638065576	0.187624280804644	1	0.625	0.551	0.074
Dram2	0.00664796952446136	-0.223548718802643	1	0.086	0.105	0.019
Psmd14	0.00672290357943062	-0.359755652620755	1	0.091	0.114	0.023
Rb1cc1	0.00685398262953594	-0.370859046438519	1	0.09	0.119	0.029
Cpeb3	0.00697416996940786	-0.315012323839682	1	0.212	0.246	0.034
Ermn	0.0070323884072813	-0.192556457230902	1	0.322	0.355	0.033
Dnajc7	0.00724425693480885	0.626586020033144	1	0.164	0.11	0.054
Ppp3cc	0.00738338445104728	-0.343543725029404	1	0.091	0.123	0.032
Gbf1	0.00746645533108559	0.560320139472376	1	0.197	0.14	0.057
Macf1	0.00765301585340188	0.18272125213484	1	0.347	0.313	0.034
Cep85l	0.00767905552862917	-0.363788963181767	1	0.094	0.109	0.015
Rubcn	0.0077865654055824	0.466818816348546	1	0.111	0.091	0.02
Prdx1	0.00786387094684031	-0.383457474748869	1	0.159	0.195	0.036
Agps	0.00787864349991656	0.420845144371446	1	0.177	0.145	0.032
Tbc1d23	0.00799429685595177	-0.570870273113053	1	0.094	0.125	0.031
Padi2	0.00810853507693404	0.454297835819409	1	0.128	0.094	0.034
1700025G04Rik	0.00825931607949258	-0.390441622073121	1	0.144	0.165	0.021
Tmem63a	0.00830714371727794	0.238027011198739	1	0.368	0.323	0.045
Atg10	0.0084215701054311	-0.333723583851342	1	0.103	0.118	0.015
Gigyf2	0.00858777822320596	-0.203835019243458	1	0.189	0.227	0.038
Dnajb6	0.00861065165051369	-0.253038676935404	1	0.153	0.159	0.00600000000000001
Gnao1	0.00875286301416708	0.147190696925489	1	0.764	0.698	0.0660000000000001
Jam3	0.00875698539239719	0.111379973059762	1	0.342	0.342	0
Sbf1	0.00882814052844688	0.429592343508977	1	0.234	0.19	0.044
Kpna4	0.00885432872068775	0.524513996434229	1	0.191	0.148	0.043
Gpatch2	0.00886337719210764	-0.460957718674145	1	0.085	0.112	0.027
Nsd2	0.00915333327712913	-0.317625670918129	1	0.094	0.109	0.015
Jarid2	0.00924733786477395	-0.271410229457236	1	0.217	0.247	0.03
Fggy	0.00935921697411574	0.418265567532514	1	0.222	0.185	0.037
Abl1	0.00941907747750337	0.192636091754914	1	0.292	0.261	0.031
Rhoj	0.00951649685488539	0.765053812874661	1	0.112	0.065	0.047
Lrba	0.00952968615803779	-0.244022608844053	1	0.212	0.253	0.041
Rnf141	0.00961049402101565	0.439351532905463	1	0.214	0.165	0.049
Sltm	0.0099028474118553	0.169036416622663	1	0.406	0.381	0.025
Dock3	0.00998233047969536	-0.357533700169941	1	0.204	0.238	0.034
Fam219a	0.0100529194306324	0.94070116696209	1	0.114	0.061	0.053
Gmds	0.0101281004533157	0.150144774754455	1	0.132	0.133	0.001
Elavl1	0.0102279301748097	0.311065718852783	1	0.123	0.11	0.013
Extl3	0.0103444787237961	0.236224832643976	1	0.154	0.142	0.012
Fnbp1	0.0103716873124948	0.122324201315135	1	0.948	0.949	0.001
Ephb1	0.0103824000405986	-0.100841195378833	1	0.561	0.608	0.0469999999999999
Rasa3	0.0103923708300989	0.321442814359044	1	0.241	0.19	0.051
Pcbp4	0.0104361506088285	0.37834019701125	1	0.212	0.162	0.05
Samd4	0.0105554574752409	0.296482370742989	1	0.412	0.36	0.052
Ambra1	0.0109272485844631	0.322393267759159	1	0.324	0.276	0.048
Pik3r1	0.0109400873838332	0.162138694208144	1	0.458	0.447	0.011
Slc44a1	0.0110534931537857	0.154526318050033	1	0.654	0.595	0.0590000000000001
Eml1	0.0110958544257069	0.254980615834442	1	0.411	0.368	0.043
Dcaf6	0.0111128402341235	-0.282466371119205	1	0.171	0.197	0.026
Pdss2	0.0112060873520369	-0.346359578908559	1	0.086	0.103	0.017
Mvb12b	0.0114857523011819	-0.234714925100131	1	0.191	0.223	0.032
Slc38a6	0.011520117766104	0.47966966412587	1	0.141	0.098	0.043
Fech	0.0116184917509961	0.343633312153893	1	0.132	0.115	0.017
Dot1l	0.0117137774177749	0.636221360867461	1	0.147	0.091	0.056
Pias1	0.0117388724885889	-0.422613669279424	1	0.108	0.138	0.03
Tmem260	0.0119356197270058	0.422410721115019	1	0.243	0.189	0.054
Glul	0.0119654988824989	-0.282455434207941	1	0.278	0.312	0.034
Rcan2	0.0121493889966634	0.549910419569462	1	0.398	0.308	0.09
Il1rap	0.0123943209196524	0.164210681182369	1	0.654	0.617	0.037
Rab31	0.0124065243284136	0.181826668349983	1	0.586	0.551	0.0349999999999999
Sytl2	0.0124751086359533	0.34356306312431	1	0.615	0.543	0.072
Nfe2l3	0.0124954543692724	0.425549314936279	1	0.265	0.217	0.048
Fto	0.0125873368890296	-0.347708875684184	1	0.378	0.4	0.022
Ip6k1	0.0126762689345222	-0.286105790781845	1	0.113	0.133	0.02
Vps8	0.0129124943240095	0.251829256022792	1	0.45	0.386	0.064
Ccnd3	0.0129761684126307	-0.563321600579991	1	0.072	0.109	0.037
Ube3c	0.0130040137146774	-0.622831766444971	1	0.121	0.152	0.031
Phf20	0.0130763016298323	0.31786488379338	1	0.2	0.173	0.027
Wnk1	0.014201066343248	0.168089206635453	1	0.797	0.764	0.033
Dnmt3a	0.0142160539525649	-0.384892682790853	1	0.163	0.195	0.032
Tacc1	0.0144480678535212	0.226190079935761	1	0.27	0.221	0.049
9330159F19Rik	0.0144568767840649	0.861026710387446	1	0.176	0.109	0.067
Stxbp3	0.0146131066498971	0.218428670755328	1	0.335	0.306	0.029
Map4k4	0.0146316500484694	0.187324785808347	1	0.499	0.457	0.042
Kif13a	0.0147223396109079	0.228243002502554	1	0.671	0.609	0.0620000000000001
Thada	0.0148002655147292	0.613712782245307	1	0.194	0.128	0.066
Slc38a2	0.0148481864670845	0.155575461922131	1	0.293	0.283	0.01
Ccar1	0.0148840548478762	0.117771744296171	1	0.133	0.134	0.001
Hnrnpm	0.0149572515156173	-0.309534724166773	1	0.156	0.178	0.022
Bfsp2	0.0150659217376487	-0.20583372516496	1	0.115	0.139	0.024
Invs	0.0150947256150229	0.441887774896556	1	0.148	0.11	0.038
Trip11	0.0151259503341921	0.408168127156787	1	0.261	0.214	0.047
Plekhm2	0.0153358470128113	-0.603302052977197	1	0.092	0.134	0.042
Efnb3	0.0154214153025153	0.290541294690825	1	0.317	0.283	0.034
Phactr4	0.0154333252620742	0.420536402286169	1	0.223	0.164	0.059
Dst	0.0156002985072625	0.138103153722007	1	0.723	0.663	0.0599999999999999
Atp9b	0.0156090423673657	0.122169168818956	1	0.094	0.1	0.00600000000000001
Bche	0.0157443621814705	0.108953938677761	1	0.128	0.132	0.004
Pum1	0.0159059710002491	-0.271700619332905	1	0.152	0.178	0.026
Hapstr1	0.0159516086125799	-0.455033464225924	1	0.121	0.145	0.024
Rffl	0.016246551413513	0.204828186524136	1	0.555	0.496	0.0590000000000001
Ube2d3	0.0162628733092609	-0.333343500803579	1	0.115	0.147	0.032
Numb	0.0163841050848613	0.489198120199785	1	0.157	0.125	0.032
Tex2	0.0165678232031456	0.366688945306508	1	0.23	0.177	0.053
Dstyk	0.0166150240093015	-0.364282597229635	1	0.178	0.199	0.021
Mal	0.016646607545948	-0.147085146686727	1	0.36	0.392	0.032
Baz1b	0.0166999714655674	0.549834091003155	1	0.131	0.099	0.032
Pde1c	0.0167580957272679	-0.242850094141384	1	0.32	0.356	0.036
Rsrp1	0.016813203425899	0.332435803140126	1	0.464	0.38	0.084
Strn	0.0168971112632901	0.150137168575918	1	0.262	0.248	0.014
Pde8a	0.0169206568431281	0.230426473049842	1	0.683	0.653	0.03
Atad2b	0.0169343150172537	0.208336947822331	1	0.319	0.289	0.03
Cdc73	0.0169598288043818	-0.319920648407204	1	0.1	0.122	0.022
Pstpip2	0.0169957182881408	0.175953737802492	1	0.527	0.499	0.028
Tkt	0.0171238956508481	-1.05926376408365	1	0.067	0.118	0.051
Ankrd44	0.0173821111615082	0.327137190022925	1	0.262	0.222	0.04
Itgb3bp	0.0174144564640807	-0.179648255410599	1	0.092	0.109	0.017
Kif21b	0.0178658163521688	0.15767507502793	1	0.11	0.113	0.003
Arid4b	0.0178836784148686	0.132924992864222	1	0.512	0.475	0.037
Gnb4	0.0181816727380937	0.398856205162025	1	0.106	0.093	0.013
Kmt5a	0.0182123267220316	0.447499578682427	1	0.11	0.089	0.021
Vps41	0.0185364309033965	-0.355333126564117	1	0.134	0.16	0.026
Ppp3ca	0.0187390274688245	-0.260427272791425	1	0.21	0.246	0.036
Cyld	0.0188468277649846	0.583550924852538	1	0.181	0.132	0.049
Pla2g4a	0.0190356744115514	-0.252242881624562	1	0.129	0.162	0.033
Pak1	0.0195385604354509	0.11484220953866	1	0.771	0.762	0.00900000000000001
Usp9x	0.0196796454859722	-0.339054467171691	1	0.132	0.159	0.027
Maml2	0.0199640726640695	0.714619178627147	1	0.113	0.068	0.045
Kcnj10	0.020186891693084	-0.389031672482118	1	0.141	0.183	0.042
Kcnip4	0.0205495773720478	-0.970227378964694	1	0.126	0.252	0.126
Cmip	0.0206341815265222	-0.45073592390237	1	0.125	0.143	0.018
Tent2	0.0211966341911582	-0.341053694436248	1	0.086	0.105	0.019
Zkscan3	0.0215135441943515	-0.573496202308333	1	0.079	0.108	0.029
Tmcc3	0.0217110817875723	0.156314776319558	1	0.508	0.49	0.018
Polr3e	0.0218447742370601	0.498454566857252	1	0.155	0.119	0.036
Usp31	0.0220025024355378	-0.18905683446715	1	0.343	0.386	0.043
Nipsnap2	0.0222498413385924	0.125499319276401	1	0.107	0.081	0.026
Prrg1	0.0222938946511895	-0.221484640446837	1	0.245	0.281	0.036
Tmcc2	0.0226049334395454	0.13929714480495	1	0.172	0.162	0.00999999999999998
Itfg1	0.0231996747627196	-0.231555225016248	1	0.12	0.149	0.029
Btaf1	0.0233738160968287	0.592826582799213	1	0.137	0.098	0.039
Gpr37	0.0236306517214227	-0.20408065764176	1	0.219	0.247	0.028
Prkn	0.0238472568399738	-0.240554470639052	1	0.653	0.706	0.0529999999999999
Zfand6	0.0238502441994863	-0.114146656885296	1	0.26	0.282	0.022
Tuba1a	0.0239098303160375	-0.994645955440189	1	0.083	0.13	0.047
Zfp644	0.0241722714826028	-0.142604232720992	1	0.143	0.137	0.00599999999999998
Mthfs	0.0243530314793368	0.389331650383226	1	0.154	0.125	0.029
Tmod2	0.0245659902581203	0.168643605802552	1	0.527	0.5	0.027
Igf1r	0.0249153393118921	0.133102179511677	1	0.332	0.306	0.026
Ube2d2a	0.0249380849507823	-0.126273486562812	1	0.164	0.185	0.021
Akap6	0.0249919150964437	0.145924015677157	1	0.332	0.311	0.021
Ubr3	0.0256002245465303	-0.1025100221975	1	0.176	0.193	0.017
Fbl	0.0261895053762872	-0.420752002856457	1	0.078	0.102	0.024
Med13	0.0262093969963804	-0.238477715463957	1	0.096	0.118	0.022
Zranb1	0.0262883251610712	0.407668678784461	1	0.208	0.163	0.045
Tle1	0.0263326770540943	0.431776902320302	1	0.129	0.103	0.026
Hipk2	0.0263561548129971	0.166418834869144	1	0.674	0.614	0.0600000000000001
Dazap1	0.0264292183707891	0.320470630544977	1	0.113	0.094	0.019
Spsb1	0.0271827915782176	0.546654896092408	1	0.114	0.084	0.03
Ubr1	0.027192972950195	0.365518861783643	1	0.197	0.162	0.035
Bclaf1	0.0273650344300582	0.586370508673179	1	0.155	0.104	0.051
Josd2	0.0275048423360132	0.268682385308647	1	0.32	0.262	0.058
Snx29	0.0276485529613983	0.167810122347035	1	0.379	0.338	0.041
Armh3	0.0280895479255915	0.512084061879989	1	0.155	0.113	0.042
Man2a2	0.0291682183711648	0.682185342089198	1	0.112	0.075	0.037
Srebf2	0.0291746213153446	-0.132647187373085	1	0.137	0.145	0.00799999999999998
Arhgef12	0.029210174070175	0.44582829664031	1	0.211	0.177	0.034
AW554918	0.0301279540722805	-0.223335014268568	1	0.257	0.267	0.01
Fam133b	0.0301719267229857	-0.357496530591074	1	0.093	0.122	0.029
Serinc5	0.0306857358245572	0.138063660967036	1	0.269	0.256	0.013
Kctd3	0.030720026043468	0.260548297607029	1	0.4	0.348	0.052
Pde4dip	0.0308184155732755	-0.134949220190972	1	0.133	0.148	0.015
Gabpb2	0.0312452360123338	0.567329927046326	1	0.139	0.093	0.046
Scaf11	0.0314494187406465	-0.400670156608703	1	0.137	0.163	0.026
Ldah	0.0314929905842311	-0.526973845876697	1	0.102	0.127	0.025
Atp1b3	0.0320344252158472	-0.313708403840696	1	0.165	0.182	0.017
Bpgm	0.0322829951420155	-0.301491228913242	1	0.12	0.143	0.023
Ptpn11	0.0324107396644459	0.234226111495162	1	0.302	0.241	0.061
Ppm1b	0.0324541894328055	0.635684632401546	1	0.177	0.118	0.059
Phf3	0.0329211742878446	0.21599257631399	1	0.202	0.185	0.017
Cbfb	0.0329877946510191	0.229065367288186	1	0.105	0.104	0.001
Cert1	0.033009161087165	0.433306700434024	1	0.175	0.142	0.033
Cnot2	0.0333279654240387	-0.144777865258831	1	0.113	0.127	0.014
Zfc3h1	0.0344674922278776	-0.174398073702243	1	0.098	0.103	0.00499999999999999
Snrnp48	0.0346988907616873	0.323250240479104	1	0.192	0.163	0.029
Fam168a	0.0353919182140109	-0.360169282814228	1	0.202	0.247	0.045
Tnni1	0.0354504991848217	0.433899117709252	1	0.246	0.177	0.069
Rhot1	0.0358476659215206	-0.296562437320177	1	0.1	0.119	0.019
Appbp2	0.0358947863116628	0.271541602646183	1	0.183	0.164	0.019
Slc6a1	0.0362967456623569	0.708708089025922	1	0.109	0.064	0.045
Copg2	0.0366070386684227	-0.223515505990081	1	0.107	0.122	0.015
Tjp1	0.0370391434276419	0.537594058865019	1	0.254	0.183	0.071
Fam117b	0.0370420787725489	-0.353804633952115	1	0.083	0.104	0.021
Fgfr2	0.0375325469244258	0.11132493209195	1	0.828	0.816	0.012
Scaf8	0.0381034372490108	0.341465364586121	1	0.154	0.137	0.017
Fam135a	0.038177401774229	0.550047715164331	1	0.113	0.076	0.037
Rasal2	0.0381961573400239	-0.105678365831917	1	0.133	0.148	0.015
Phc3	0.0385762636923281	-0.227979530729794	1	0.148	0.16	0.012
Tasor	0.0392545585620362	0.221409714754263	1	0.454	0.396	0.058
Cadm1	0.039735109354894	-0.127186579597261	1	0.166	0.188	0.022
Ppp6r3	0.0401542040852074	0.354946510073312	1	0.183	0.154	0.029
Rbm26	0.0402604467677635	-0.244654936510103	1	0.136	0.158	0.022
Pgap2	0.0408289082879167	0.405745717180333	1	0.144	0.122	0.022
Retreg1	0.0410662747360566	-0.225390914477097	1	0.379	0.41	0.031
Ehbp1	0.0411627789528017	0.291124896386262	1	0.125	0.112	0.013
Aatf	0.0416992621916474	-0.395430793857835	1	0.107	0.145	0.038
Slc20a2	0.0418310663593668	0.17433171907744	1	0.275	0.258	0.017
Tmem151a	0.0420848448264324	0.269822313304096	1	0.308	0.272	0.036
Plekhh1	0.0427146811005328	0.175544025219388	1	0.617	0.578	0.039
Mllt10	0.0441342967430247	0.181459310697397	1	0.183	0.172	0.011
Lrrc1	0.0442138576936574	-0.284914700955599	1	0.165	0.194	0.029
Gpm6b	0.0447951805356453	-0.17677644972852	1	0.779	0.817	0.0379999999999999
Rab11fip2	0.045674138885431	-0.313940277962233	1	0.156	0.17	0.014
1110059E24Rik	0.0467381395198257	0.302855281695031	1	0.123	0.103	0.02
Tnrc6b	0.0473179826573319	-0.131336468473841	1	0.282	0.305	0.023
Tspan14	0.047686450332321	0.211706931263602	1	0.185	0.178	0.00700000000000001
Pcca	0.0481442883616838	0.476727854713892	1	0.176	0.13	0.046
Itch	0.0482813499315169	0.104239517545024	1	0.548	0.536	0.012
Tpd52	0.048653164927096	0.179814285257297	1	0.14	0.132	0.00800000000000001
Hid1	0.0486654543486549	0.345437567562535	1	0.24	0.199	0.041
Irf2	0.0489536889387827	-0.490805964335936	1	0.117	0.148	0.031
Cacnb4	0.0496062974729739	0.427041534087326	1	0.158	0.135	0.023
Pakap	0.0497173997865141	0.129537836107934	1	0.683	0.653	0.03
Sort1	0.0507681447262452	-0.383629191613964	1	0.346	0.402	0.056
Wdr26	0.0508185974760953	-0.178598013685818	1	0.159	0.17	0.011
Prdm5	0.0508522947592591	0.363439254387855	1	0.148	0.127	0.021
Erbin	0.0508748354428608	0.210261215814215	1	0.798	0.761	0.037
Ulk2	0.0509594685818542	-0.284983329284653	1	0.126	0.159	0.033
Ptpra	0.0512906032599789	-0.301316758167894	1	0.336	0.363	0.027
Atp8b1	0.0513616120391443	0.257747616748122	1	0.3	0.254	0.046
Ccnt2	0.0513716788546236	-0.142565477653089	1	0.106	0.11	0.004
Sgk3	0.0520896682834474	0.157948759301488	1	0.194	0.167	0.027
Pak2	0.0522435100092023	-0.539224939664688	1	0.146	0.185	0.039
Synrg	0.0522756913473036	-0.302750443153434	1	0.12	0.13	0.01
Gpd2	0.0523046986151166	0.24550525917685	1	0.178	0.167	0.011
Cwf19l2	0.0525900187774261	0.496385798511621	1	0.131	0.1	0.031
Hycc1	0.0530351815658896	0.189274388715708	1	0.251	0.239	0.012
Kif3a	0.0531723697231429	0.324075167447047	1	0.233	0.182	0.051
Agpat4	0.0537599844827534	0.159740406301272	1	0.336	0.331	0.005
Smarca2	0.0538590053619736	0.301799850648775	1	0.145	0.133	0.012
Pacs2	0.0546107787181284	0.118980672942964	1	0.458	0.419	0.039
Etnk1	0.055144748249797	0.107967038757705	1	0.099	0.1	0.001
Septin7	0.0551717112496834	0.135156161217836	1	0.89	0.868	0.022
Cnot4	0.0554564490385629	-0.269435217817849	1	0.175	0.197	0.022
Rnf38	0.0558495491021166	0.38416340130548	1	0.132	0.091	0.041
Arnt2	0.056010252679524	-0.316060113535537	1	0.333	0.375	0.042
Bptf	0.0560387894216949	-0.211973639389649	1	0.189	0.206	0.017
Ttll5	0.0563948378602593	0.194897514056004	1	0.531	0.485	0.046
Msh3	0.0565644079009839	-0.49943875284047	1	0.107	0.139	0.032
Sf3b1	0.0567223465414786	0.427901331456538	1	0.145	0.113	0.032
Git2	0.0571069557949958	0.338974413103025	1	0.192	0.159	0.033
Chd2	0.0574090666991269	-0.372072564630055	1	0.094	0.119	0.025
Ube2e3	0.0574371861369753	-0.208742011668405	1	0.17	0.19	0.02
Vapa	0.0575541627567079	-0.175143886266062	1	0.096	0.104	0.00799999999999999
Gsk3b	0.0579197788789916	0.237574261061569	1	0.115	0.108	0.00700000000000001
Ctnna2	0.0580682430747446	-0.120527620960455	1	0.768	0.816	0.0479999999999999
Kctd13	0.0581435152129515	-0.133339497823824	1	0.243	0.259	0.016
Clip2	0.0582506790814461	0.176157024791048	1	0.167	0.144	0.023
Septin8	0.0583225759365871	-0.151384736770095	1	0.128	0.142	0.014
Pls3	0.0583312642106648	-0.149655510774607	1	0.108	0.122	0.014
Fkbp1a	0.05881879462606	0.106804118074106	1	0.129	0.132	0.003
Rsu1	0.0591130439252164	-0.205822567895648	1	0.132	0.148	0.016
Eps15	0.0598551600708517	0.167302369031249	1	0.412	0.373	0.039
Atrx	0.0601826809138707	-0.253107433894096	1	0.25	0.282	0.032
Rprd2	0.0617713656713495	-0.315647143620507	1	0.088	0.103	0.015
Fscn1	0.0637544429698705	-0.134404967464721	1	0.089	0.104	0.015
Rasal1	0.0647375827791359	0.561668450504092	1	0.118	0.083	0.035
Nipal4	0.064941409115726	0.358710653636342	1	0.136	0.113	0.023
Ep400	0.0650992457480788	0.485884225428888	1	0.137	0.094	0.043
Arid5b	0.0652277549435355	0.523145064217409	1	0.132	0.096	0.036
Hip1	0.0656580063364793	0.131496055358803	1	0.32	0.296	0.024
Pik3c2a	0.0661512539372354	-0.106087073435639	1	0.122	0.142	0.02
Heatr3	0.0663450101181414	0.326591557726826	1	0.179	0.148	0.031
Ubap2l	0.0671362096300959	0.538664592364301	1	0.129	0.095	0.034
Mfsd6	0.0677812256196353	-0.484342827326169	1	0.146	0.187	0.041
Oga	0.0682903311138938	0.444348679068653	1	0.117	0.09	0.027
Pibf1	0.0688097306566709	0.28570318222219	1	0.224	0.175	0.049
Zfp276	0.0688201670039119	0.252885293138018	1	0.11	0.08	0.03
Tmed10	0.0690510290776022	0.498161322987299	1	0.11	0.081	0.029
Amy1	0.0690822568371856	0.634511437869559	1	0.184	0.122	0.062
Pxk	0.0692742595911991	-0.460699330173094	1	0.129	0.16	0.031
Zfp740	0.0694069583263024	0.262286651965715	1	0.159	0.119	0.04
Fam171b	0.0702280656324631	0.138175585812837	1	0.115	0.113	0.002
Zbtb16	0.0702561109181234	-0.585245400966731	1	0.172	0.229	0.057
Lzts2	0.0702591846049375	0.17476439533922	1	0.214	0.197	0.017
Glrb	0.0707893099071701	-0.195732052428207	1	0.14	0.143	0.00299999999999997
Creb5	0.0715197729654616	0.136991805332893	1	0.547	0.518	0.029
Ptprk	0.0715272139762412	0.108399632444822	1	0.801	0.784	0.017
Erbb4	0.0716105427051914	0.116203412133275	1	0.787	0.761	0.026
Kidins220	0.0717088218380314	-0.213728257845258	1	0.103	0.118	0.015
Nek1	0.0720727500060424	-0.188877412928873	1	0.097	0.107	0.01
St3gal3	0.072236868635357	0.133179082699764	1	0.322	0.291	0.031
Igsf11	0.0722605148896964	-0.243528808783151	1	0.284	0.322	0.038
Epc1	0.0730856905256002	-0.202704528385454	1	0.236	0.267	0.031
Abca2	0.0733460647491973	0.201183562425979	1	0.361	0.308	0.053
Marchf5	0.0734513062366068	-0.502478071488623	1	0.081	0.104	0.023
Mecp2	0.0734706485907311	0.100205476712788	1	0.196	0.193	0.003
Plxdc2	0.0747164756017656	0.103814125778844	1	0.886	0.863	0.023
Il1rapl1	0.0747913497708962	-0.200157497152078	1	0.591	0.657	0.0660000000000001
Nkain1	0.074850629110449	0.107279703068534	1	0.374	0.355	0.019
Sp4	0.075353781570354	0.343727865149814	1	0.204	0.157	0.047
Grb2	0.0756482287160009	-0.492931950910263	1	0.087	0.108	0.021
Stag1	0.0756797890190975	-0.129674746639852	1	0.247	0.262	0.015
Clmn	0.0761420435391321	0.175617779383552	1	0.552	0.516	0.036
Hltf	0.0766261466505339	-0.172837598593336	1	0.105	0.1	0.00499999999999999
Tesk2	0.0766413852580702	0.349731599108872	1	0.258	0.203	0.055
Aim2	0.0766743445578544	-0.204799924921906	1	0.099	0.115	0.016
Pcdh15	0.0766747350861167	0.344208491349433	1	0.137	0.118	0.019
Swt1	0.0777220268559959	-0.361726976021182	1	0.094	0.114	0.02
Myo1d	0.0788798989500054	0.143537966349258	1	0.621	0.586	0.035
Prickle1	0.0792746374167837	-0.108023147258127	1	0.221	0.247	0.026
Uhrf2	0.0797306186729092	0.41812787895049	1	0.123	0.086	0.037
Mtus1	0.0799080177979365	-0.253731651112543	1	0.203	0.237	0.034
Arhgef28	0.080411944223714	-0.10340452713827	1	0.468	0.486	0.018
Pls1	0.0806876824314489	0.342255909576691	1	0.407	0.362	0.045
Elovl6	0.0813912029379055	0.531654942535588	1	0.191	0.128	0.063
Ythdf3	0.0818744727426055	-0.287854550928504	1	0.118	0.134	0.016
Rtn3	0.0830377287410464	-0.475745992515693	1	0.099	0.129	0.03
Cdkal1	0.0834730260261675	0.12294241359829	1	0.27	0.261	0.00900000000000001
Mtmr2	0.0837438141098223	0.359902273446431	1	0.301	0.249	0.052
Rrbp1	0.0850662904342339	0.45035115613797	1	0.166	0.124	0.042
Snx15	0.0853786297348718	0.52985941078612	1	0.141	0.105	0.036
Ube2h	0.0860019951866271	-0.180433120481659	1	0.193	0.193	0
Dnm2	0.0861546235828116	0.258561757900955	1	0.284	0.252	0.032
Cdk13	0.0864246350263988	-0.149962200798909	1	0.143	0.149	0.00600000000000001
Map1a	0.0865978483317849	-0.726218908807413	1	0.075	0.114	0.039
Prr14l	0.0867273334646231	-0.265198455640853	1	0.159	0.16	0.001
Lamc1	0.0880434495959857	-0.245528288423096	1	0.101	0.113	0.012
Wdr70	0.0881495028112413	-0.393630512920698	1	0.088	0.107	0.019
U2surp	0.0890693605882063	0.354834695517882	1	0.164	0.14	0.024
Usp34	0.0894960683649679	0.35090781103569	1	0.254	0.214	0.04
Heg1	0.0897392858511245	0.274211674901949	1	0.335	0.294	0.041
Bcas1	0.0898448687106121	0.16259046432298	1	0.694	0.652	0.0419999999999999
Actn4	0.0902512047261247	0.345307780401422	1	0.227	0.182	0.045
Zhx3	0.0905438245324288	0.372552106577363	1	0.178	0.144	0.034
Sp1	0.0914908880359428	-0.436870491227479	1	0.099	0.125	0.026
Pafah1b2	0.0924234395996217	-0.368238721216691	1	0.114	0.128	0.014
Ibtk	0.0926086280097701	-0.347283259285433	1	0.096	0.103	0.00699999999999999
Tnks2	0.0926641939984598	-0.245747301134311	1	0.11	0.123	0.013
Spop	0.0929331086439751	0.355189256128109	1	0.26	0.204	0.056
Magi1	0.0929441011870428	-0.13357519359993	1	0.499	0.53	0.031
Tmem167	0.0936741989060759	0.503996237664529	1	0.107	0.076	0.031
Slc25a13	0.0944609902603278	0.151438114041273	1	0.391	0.358	0.033
Tbl1xr1	0.0950633310593129	0.126653913475862	1	0.237	0.221	0.016
Soga1	0.0952921350632153	0.391853861876586	1	0.155	0.117	0.038
Kif6	0.096321089794794	0.199977606475239	1	0.304	0.282	0.022
Lsamp	0.0966782454319421	-0.236734399117859	1	0.35	0.444	0.094
Mpdz	0.0973469074597609	-0.395610758220338	1	0.116	0.139	0.023
Fbxl20	0.0976501880075645	-0.25748609995626	1	0.099	0.113	0.014
Prag1	0.0990026385952041	0.215148987593771	1	0.179	0.145	0.034
Ube2g1	0.0992510524847373	0.146491586283279	1	0.203	0.194	0.00900000000000001
Snx30	0.0995096172480575	0.215569318052921	1	0.341	0.302	0.039
Spag9	0.0995210825745981	0.273389822032931	1	0.349	0.301	0.048
Pogk	0.100209397363604	0.286481522294308	1	0.116	0.104	0.012
Tbc1d5	0.1003677264244	0.118290522755722	1	0.87	0.863	0.00700000000000001
Cuedc1	0.101667255014727	0.213367190613729	1	0.25	0.211	0.039
Rock1	0.103799610308456	-0.205197517270842	1	0.197	0.207	0.00999999999999998
Gpr137c	0.104491056214736	0.413964743878338	1	0.18	0.124	0.056
Vps4b	0.106603602397583	-0.185482735559943	1	0.101	0.107	0.00599999999999999
Tanc1	0.10705475649314	0.148121667369409	1	0.343	0.294	0.049
Snd1	0.110055512967362	-0.237165853464907	1	0.129	0.143	0.014
Tnks	0.110059697665657	-0.124112183244873	1	0.135	0.134	0.001
Glt8d1	0.110757149907366	0.611619384686394	1	0.105	0.073	0.032
Dcps	0.110836905449986	-0.189710827229485	1	0.118	0.135	0.017
Clk1	0.111408004136292	0.351912540210295	1	0.284	0.236	0.048
Acaa1a	0.111959862886202	0.275721785695074	1	0.11	0.084	0.026
Bcorl1	0.112241365363831	0.523028936305895	1	0.101	0.076	0.025
Creb3l2	0.11271767165296	0.329371792738291	1	0.129	0.107	0.022
Thoc2l	0.113236894742659	0.77057963749198	1	0.149	0.095	0.054
Ldb3	0.113760060955591	0.191935247385183	1	0.137	0.127	0.01
Shroom2	0.113988485491142	-0.297789226271732	1	0.127	0.134	0.00700000000000001
Nrxn1	0.114568572174422	-0.907070266710411	1	0.208	0.356	0.148
Zfp462	0.114989126132161	-0.185977821701216	1	0.232	0.247	0.015
Pde7a	0.115536224277813	-0.155115137647782	1	0.113	0.108	0.005
Ubc	0.115600243984756	-0.353129572457465	1	0.095	0.118	0.023
Glcci1	0.116547854953612	-0.237726885879965	1	0.216	0.237	0.021
Krcc1	0.116637189260687	0.36290393672391	1	0.102	0.086	0.016
Sik3	0.116646927839165	0.100008288053571	1	0.827	0.811	0.0159999999999999
Plekhg3	0.116691741797493	0.162092186518012	1	0.368	0.331	0.037
Gosr1	0.117092838324307	-0.500243967517279	1	0.09	0.114	0.024
Atosa	0.11712736312861	0.439363548043626	1	0.171	0.127	0.044
Dnajb2	0.117157595468666	0.245757379762412	1	0.27	0.243	0.027
Smc5	0.1173117626974	0.755433930113054	1	0.145	0.09	0.055
Fgf1	0.118857439464577	-0.135457043959824	1	0.096	0.105	0.00899999999999999
Depdc5	0.118932118550015	-0.180731317137291	1	0.122	0.125	0.003
Cldn14	0.11894642745142	0.271922358035553	1	0.172	0.129	0.043
Rhobtb3	0.119470886241114	-0.192962951597044	1	0.132	0.147	0.015
Abca8a	0.121345593156106	0.166252976565852	1	0.39	0.368	0.022
Sil1	0.122224248474186	-0.174486212367801	1	0.131	0.135	0.004
Ninj2	0.122467169840297	0.171250845624202	1	0.512	0.474	0.038
Braf	0.123324441834205	0.120663986888203	1	0.133	0.129	0.004
Ube2b	0.124429683828369	0.128620478066495	1	0.15	0.143	0.00700000000000001
9930021J03Rik	0.124670766016779	-0.319715887747714	1	0.115	0.139	0.024
Tmem163	0.124726180183532	-0.234807971179957	1	0.118	0.139	0.021
Srrm1	0.125764209088424	0.343025128700307	1	0.256	0.198	0.058
5031439G07Rik	0.126015543873769	0.224777905953062	1	0.483	0.434	0.049
Mettl25	0.126142397662163	0.501689928424015	1	0.136	0.098	0.038
Nckap1	0.126251321766996	-0.209303830408636	1	0.202	0.211	0.00899999999999998
Fbxl17	0.12814930771595	-0.156890048834665	1	0.162	0.179	0.017
Mettl7a1	0.129027735575561	0.340441486353803	1	0.216	0.174	0.042
Sema4d	0.129071864809328	0.21264972306009	1	0.213	0.183	0.03
Lrig3	0.130138142881047	-0.529326360493301	1	0.088	0.117	0.029
Atp11a	0.131125141445724	0.173849089850568	1	0.304	0.282	0.022
Fan1	0.13114908310736	0.578730984239147	1	0.134	0.086	0.048
Fktn	0.131176867521394	0.229527808734668	1	0.17	0.153	0.017
Tafa5	0.131296744628087	0.303528509229383	1	0.314	0.259	0.055
Scaper	0.131747315101913	0.289914814803504	1	0.231	0.206	0.025
Il33	0.131926258173862	0.125195101830109	1	0.467	0.459	0.00800000000000001
Diaph2	0.132255658057643	0.343202115761835	1	0.105	0.09	0.015
Daam1	0.133190731291509	0.107789841609121	1	0.605	0.576	0.029
Ppp1r16b	0.133330241219649	0.103622625104969	1	0.77	0.722	0.048
Arhgef2	0.133597508710398	0.180160204471833	1	0.271	0.237	0.034
Mbd5	0.135122076802312	0.327799001668927	1	0.272	0.231	0.041
Phkb	0.135468799686176	-0.353672552483311	1	0.131	0.16	0.029
Ccser1	0.135523781456353	-0.114871920522219	1	0.126	0.13	0.004
Snx1	0.136354359346118	0.241236549604416	1	0.24	0.218	0.022
Pphln1	0.136533823328914	0.477574765141744	1	0.102	0.075	0.027
Tmem165	0.136664726191878	-0.408014313864482	1	0.11	0.132	0.022
Cyp20a1	0.137207302361202	-0.318009803802255	1	0.105	0.107	0.002
Ubac2	0.138994146931213	0.110845372959514	1	0.118	0.098	0.02
Hmgcl	0.139286384876639	0.387669012030124	1	0.113	0.088	0.025
Arhgap24	0.139523238613225	-0.12483076652298	1	0.091	0.112	0.021
Lap3	0.140094261499981	0.174816246583046	1	0.121	0.094	0.027
Fat1	0.140150092237832	0.273503372968142	1	0.104	0.094	0.01
Marchf8	0.140319786600455	-0.289727429430249	1	0.234	0.254	0.02
Magt1	0.141580987285476	-0.136174123126092	1	0.095	0.108	0.013
Tmbim1	0.141980506524367	0.133830255120723	1	0.185	0.174	0.011
Evi5l	0.142486212160761	0.17851300237665	1	0.202	0.187	0.015
Mtmr10	0.143651400863222	0.21662812207136	1	0.188	0.165	0.023
Kif1a	0.143777161942835	-0.314841458325238	1	0.105	0.123	0.018
Bicra	0.144235350751717	0.27403879381739	1	0.179	0.15	0.029
Arsg	0.144354874759431	-0.169805433666459	1	0.35	0.376	0.026
B3galt5	0.145842010585082	0.216182950151744	1	0.239	0.204	0.035
Stard13	0.146414115858542	0.287435062103329	1	0.529	0.465	0.064
Aff4	0.149188261706171	0.247994643117599	1	0.198	0.174	0.024
Mdm2	0.149218809411615	0.310210724604743	1	0.162	0.13	0.032
Plxnb3	0.151630787979009	0.131017963326027	1	0.187	0.162	0.025
Cblb	0.151670755585584	-0.24589367146683	1	0.11	0.123	0.013
Ncoa6	0.151757850975121	0.337527941080194	1	0.222	0.165	0.057
Dusp11	0.151875751559051	-0.347778502360405	1	0.167	0.199	0.032
Pot1b	0.151969845826519	0.239357741369158	1	0.125	0.108	0.017
Ndufaf2	0.152598751062468	-0.342521105076149	1	0.104	0.132	0.028
Sec24b	0.152627687035803	0.333890180588122	1	0.109	0.093	0.016
Fermt2	0.15279945886201	0.354299380413951	1	0.203	0.165	0.038
Selenop	0.153551572115878	-0.352345325677077	1	0.107	0.13	0.023
Cobll1	0.154616405589445	0.159618906073316	1	0.443	0.41	0.033
Prima1	0.15480418735166	0.219097832159541	1	0.192	0.167	0.025
Pbrm1	0.156745478358426	0.161865603365281	1	0.301	0.277	0.024
Dip2c	0.157268194229041	-0.150962213857951	1	0.167	0.175	0.00799999999999998
Fez1	0.157352101400206	-0.180161231711113	1	0.252	0.277	0.025
Prkca	0.157493069546053	-0.147398446213621	1	0.525	0.551	0.026
Klhl4	0.160029957324327	-0.307238674463816	1	0.215	0.247	0.032
Adamtsl4	0.161337441693955	0.25258297520373	1	0.147	0.117	0.03
Fars2	0.161418178433908	-0.16594839642614	1	0.119	0.118	0.001
Strn3	0.16184574067222	-0.12329956237571	1	0.252	0.267	0.015
Cradd	0.163505593259129	-0.349734420651157	1	0.103	0.119	0.016
Mier1	0.163612162712317	0.452861388531778	1	0.126	0.094	0.032
Gng11	0.164482318879715	-0.268727176352277	1	0.094	0.114	0.02
Snx6	0.165287045537298	-0.191268941663231	1	0.116	0.127	0.011
Top2b	0.1671093014227	-0.148284896039289	1	0.096	0.108	0.012
Pik3ca	0.167365531705164	-0.181960641452341	1	0.109	0.128	0.019
Atp9a	0.167597524992584	-0.206898848535223	1	0.18	0.197	0.017
Slc43a2	0.167993271754096	-0.180898263223619	1	0.114	0.107	0.00700000000000001
Tbl1x	0.168759209029581	0.361550447086757	1	0.181	0.137	0.044
Creb1	0.169233783103642	0.146043270468322	1	0.231	0.217	0.014
Slc8a3	0.169959885736193	-0.24982852028468	1	0.194	0.219	0.025
Srsf3	0.17203398229142	0.250480453658777	1	0.107	0.096	0.011
Tsc22d2	0.173389506075865	-0.345343791152191	1	0.095	0.114	0.019
Mon2	0.173535222021655	0.257218106513975	1	0.191	0.163	0.028
Cerk	0.17404993117561	0.268628314869182	1	0.231	0.199	0.032
Srsf2	0.174958823678445	-0.195158289744567	1	0.236	0.246	0.01
Prox1	0.175227683661878	-0.147648870785879	1	0.317	0.348	0.031
Sh3d19	0.175723858988983	0.12327541223497	1	0.528	0.509	0.019
Stk39	0.176262413983321	-0.269907723081244	1	0.27	0.312	0.042
Ubxn7	0.17770603253386	-0.34636823333152	1	0.089	0.1	0.011
Bltp1	0.179674153637372	0.184091942497053	1	0.148	0.143	0.005
Cdc42se2	0.179733673970729	-0.321967858244096	1	0.293	0.317	0.024
Efhd1	0.180230433112714	0.154392531382013	1	0.11	0.109	0.001
Zcchc24	0.181719915919498	0.215671438296142	1	0.144	0.123	0.021
Arfgef2	0.182305536768158	0.199044789774964	1	0.242	0.198	0.044
Tom1	0.182362002483056	0.254889946122409	1	0.126	0.104	0.022
Spata5	0.182781429474292	-0.206621852598809	1	0.107	0.119	0.012
Eml6	0.182988468103854	0.367587988896633	1	0.156	0.127	0.029
Ddx46	0.183230171375599	0.667529189190234	1	0.105	0.066	0.039
Kat2b	0.184907815781338	0.146539672799651	1	0.349	0.323	0.026
Unc5c	0.186159700345598	-0.145483781214194	1	0.8	0.833	0.0329999999999999
Immp2l	0.18620523619817	-0.246649982981625	1	0.196	0.202	0.00600000000000001
Senp6	0.186246110582639	0.400230242778999	1	0.178	0.134	0.044
Ap3b1	0.187320602474683	0.240308365453656	1	0.268	0.226	0.042
Rptor	0.18735532116468	-0.225690090565888	1	0.142	0.155	0.013
Tbc1d22b	0.187882553963935	0.270335990643979	1	0.106	0.095	0.011
Ccdc191	0.187928586991375	-0.173109698928017	1	0.154	0.148	0.00600000000000001
Cop1	0.187995019321658	-0.155899059952491	1	0.144	0.149	0.005
U2af1	0.18826077855381	-0.182863233451992	1	0.105	0.102	0.003
Fbxo7	0.189113192969815	0.225575294082845	1	0.306	0.264	0.042
Cdin1	0.190307015634273	0.237168694402156	1	0.163	0.145	0.018
Tspan2	0.191804225617665	0.145073756133907	1	0.513	0.491	0.022
Ppip5k2	0.191875910562998	0.19446267630508	1	0.204	0.177	0.027
Fam120c	0.193736195688604	0.606433968222422	1	0.132	0.086	0.046
Luc7l3	0.194133480051485	-0.2205911943222	1	0.195	0.212	0.017
Abcc5	0.194168577811307	-0.255826309006029	1	0.183	0.204	0.021
Tra2b	0.19844785136776	0.331761435167646	1	0.146	0.125	0.021
Psme4	0.198673471492302	0.2573043789007	1	0.18	0.16	0.02
Mtm1	0.199212081800368	-0.381689319296799	1	0.12	0.138	0.018
Slc6a9	0.19948846461173	0.285548624981684	1	0.144	0.114	0.03
Ccdc50	0.199749312017684	-0.14271817214892	1	0.36	0.378	0.018
Rybp	0.200085932182375	0.115358560665643	1	0.246	0.234	0.012
Sec62	0.20036869258937	-0.289183659636136	1	0.11	0.134	0.024
Wasf2	0.203416791229725	0.23942019680344	1	0.175	0.158	0.017
Galnt6	0.20420048221263	0.121987574643047	1	0.277	0.246	0.031
Xiap	0.206015495973342	0.352457832178236	1	0.129	0.109	0.02
Taok1	0.206102923658003	-0.366798575324763	1	0.112	0.142	0.03
Zfp280c	0.206482345615517	0.141581934510786	1	0.334	0.315	0.019
Gse1	0.206523759085811	0.103517698706189	1	0.145	0.134	0.011
Dach2	0.209428054226519	0.23364975282692	1	0.103	0.093	0.01
Chn2	0.210068255550732	-0.173564336257084	1	0.232	0.252	0.02
Larp6	0.210410090886146	-0.269075774484046	1	0.164	0.19	0.026
Bace1	0.211058137512962	-0.113675938742625	1	0.109	0.102	0.00700000000000001
Nxpe3	0.211738543906069	0.320428581979347	1	0.186	0.145	0.041
Slc6a6	0.211959690535372	-0.222899567270134	1	0.131	0.148	0.017
Tnfaip6	0.212319701237826	0.253725823039771	1	0.306	0.258	0.048
Pikfyve	0.213172062746195	0.438773538634705	1	0.108	0.086	0.022
Dnajc19	0.214442425298808	-0.182239742127012	1	0.124	0.135	0.011
Micu1	0.215218734554503	-0.379849979881172	1	0.162	0.18	0.018
Mad1l1	0.215657537813046	0.297881771518777	1	0.192	0.152	0.04
Map2k5	0.217929938114716	0.21493722992866	1	0.337	0.282	0.055
Mtdh	0.21872346134718	-0.231333697242782	1	0.118	0.135	0.017
Cald1	0.219040057086144	0.457212466012899	1	0.2	0.15	0.05
Sypl	0.219414785061236	-0.268264928242418	1	0.156	0.179	0.023
Cpd	0.219636834714543	-0.175218547586125	1	0.311	0.33	0.019
Arhgef11	0.219844305426154	-0.201975936189701	1	0.096	0.104	0.00799999999999999
Kmt2c	0.2205257574077	0.183842516569465	1	0.429	0.387	0.042
Lrrc4b	0.220722891048266	-0.450815118257666	1	0.087	0.112	0.025
Exoc4	0.220854405171556	0.15468804883964	1	0.489	0.452	0.037
Senp7	0.221289955663291	0.242722101101543	1	0.149	0.115	0.034
Mbnl1	0.22151144315154	-0.136328504937758	1	0.471	0.484	0.013
Tor1aip1	0.223996025317823	-0.258099943695695	1	0.121	0.137	0.016
Pnn	0.226886420796185	0.487355674521613	1	0.163	0.124	0.039
Kmt5b	0.227125327967347	0.141135489357559	1	0.194	0.158	0.036
Cfl2	0.228255092479628	0.249113103334998	1	0.144	0.125	0.019
Gnptab	0.230005983438716	0.289497677762495	1	0.184	0.145	0.039
Ehmt1	0.230154657116158	0.327339891701277	1	0.152	0.113	0.039
Bcl9	0.230199881057866	-0.109356622878025	1	0.189	0.195	0.00600000000000001
Arrdc3	0.230235258162395	0.346241852553059	1	0.325	0.266	0.059
Cyp27a1	0.230484700086295	0.227557707912601	1	0.197	0.16	0.037
Fam13c	0.233831217831304	-0.128511306904771	1	0.285	0.311	0.026
Rint1	0.235292539392535	0.42018439194359	1	0.101	0.075	0.026
Tgfa	0.235659186844227	0.208410729111241	1	0.124	0.109	0.015
Rbks	0.239808754137361	0.36871830108922	1	0.105	0.08	0.025
Pwwp2a	0.240044029481433	0.288345836765394	1	0.116	0.088	0.028
Enox2	0.240279110040093	-0.250604156058975	1	0.225	0.244	0.019
Zfp609	0.241920444897047	0.422904201723348	1	0.198	0.148	0.05
Kiz	0.243183205785345	-0.103050777664418	1	0.121	0.125	0.004
Kif5b	0.243542613585123	0.117358650373487	1	0.211	0.179	0.032
Wls	0.244798386815211	-0.182150895004696	1	0.183	0.203	0.02
Ctso	0.247228925457253	0.566841097841041	1	0.1	0.068	0.032
Acsl1	0.247236280004446	-0.279919690935227	1	0.121	0.142	0.021
Lamp1	0.247542672978645	-0.266700176157729	1	0.138	0.147	0.00899999999999998
Rusc2	0.247871251363951	-0.277855654664193	1	0.122	0.14	0.018
Zfp407	0.249232848104564	-0.281609764030853	1	0.113	0.128	0.015
Arid1a	0.249669624178571	-0.213214276776119	1	0.133	0.153	0.02
Hecw2	0.250540579677235	-0.183641744531366	1	0.779	0.776	0.003
Nap1l4	0.253073654327981	-0.251952501629598	1	0.094	0.104	0.01
Mob3b	0.255750189166498	-0.271025989013597	1	0.291	0.331	0.04
Prkdc	0.256262768363705	0.320453012593559	1	0.161	0.124	0.037
Cavin4	0.256377595403117	0.274821921489798	1	0.119	0.105	0.014
Tet3	0.260556014653598	0.319959474954721	1	0.189	0.155	0.034
Gabbr1	0.262577636870338	0.429946838046972	1	0.126	0.095	0.031
Myo18a	0.263285952321916	0.118163462912948	1	0.356	0.311	0.045
Cdk18	0.263506965811293	-0.270584483403593	1	0.105	0.12	0.015
Nav1	0.263647076924995	0.23612510987629	1	0.314	0.271	0.043
Trpm7	0.263994768241105	0.133263897503086	1	0.27	0.252	0.018
Exoc1	0.266134144029721	0.58454305872568	1	0.107	0.074	0.033
Rlf	0.267660724907627	0.124842309738907	1	0.156	0.13	0.026
Ube2d1	0.268418960786135	0.160831669449417	1	0.382	0.348	0.034
Micall1	0.269232753862856	0.100878517896395	1	0.258	0.233	0.025
Usp37	0.270606447254297	0.460148915354457	1	0.107	0.073	0.034
Wdr20	0.270688398070954	0.159130895058851	1	0.308	0.274	0.034
Gatad2b	0.273010855367964	0.143638237189405	1	0.268	0.237	0.031
Foxn2	0.274202660592715	0.419976116999678	1	0.126	0.105	0.021
Cpm	0.278242398650314	0.351242282392194	1	0.235	0.193	0.042
Carns1	0.278422804264757	0.208511113328887	1	0.179	0.16	0.019
Fbxl3	0.280295756947606	0.204503180796494	1	0.227	0.201	0.026
Smc1a	0.28073294477523	0.120534115619591	1	0.121	0.118	0.003
Ccnl2	0.282598990969854	0.139835816970374	1	0.137	0.128	0.00900000000000001
Dscaml1	0.28286539352541	-0.25060146747691	1	0.682	0.711	0.0289999999999999
Pum2	0.283408353124511	-0.214639630545455	1	0.147	0.167	0.02
Rftn1	0.283668724676886	-0.220672302858997	1	0.334	0.363	0.029
Eif2b3	0.285826301842696	-0.352720913780606	1	0.095	0.112	0.017
Oxr1	0.285866494768099	0.339146826973388	1	0.352	0.302	0.05
Akap9	0.287049082528789	0.182837204786645	1	0.235	0.211	0.024
Usp25	0.287547596930003	0.118173435183558	1	0.23	0.219	0.011
Hmox2	0.287634722021098	-0.152756143035678	1	0.176	0.189	0.013
Nxpe4	0.287721999187626	0.248642315539852	1	0.12	0.107	0.013
Rufy1	0.288382841424208	0.202574119556278	1	0.152	0.137	0.015
Tm7sf3	0.288675980673499	0.254142211154698	1	0.146	0.125	0.021
Nsmce2	0.292155146544936	-0.237307038631357	1	0.278	0.308	0.03
Rnpc3	0.29406405211344	0.230841324594476	1	0.136	0.124	0.012
Pcsk6	0.294215010265585	-0.183931721190256	1	0.211	0.232	0.021
Snx24	0.294306606458897	-0.208762302867943	1	0.202	0.219	0.017
Atl3	0.296229296814645	0.105425439962286	1	0.196	0.183	0.013
Ywhae	0.296386137456271	-0.203923904044045	1	0.102	0.117	0.015
Csde1	0.297312281096697	0.504456363988269	1	0.132	0.098	0.034
Ncoa1	0.299044456511445	0.528965785184507	1	0.148	0.114	0.034
Gtf2f2	0.299234004983248	0.242198871745809	1	0.125	0.11	0.015
Xpa	0.299534981027253	-0.333148599189152	1	0.125	0.13	0.005
Fubp1	0.29959277087744	0.531268058535065	1	0.165	0.113	0.052
Suz12	0.302439287841632	0.624204548492861	1	0.102	0.069	0.033
Lonp2	0.302640992910143	0.259601064940128	1	0.184	0.16	0.024
Apba1	0.303468812517644	-0.149772654320345	1	0.45	0.466	0.016
Plekhh2	0.303899885139275	-0.174249074645756	1	0.221	0.222	0.001
Dctn4	0.305656777996092	-0.222967334433919	1	0.17	0.193	0.023
Dnajc24	0.307587155369546	-0.124836181692059	1	0.156	0.165	0.00900000000000001
Mdm4	0.308032380289423	0.307982304058543	1	0.266	0.204	0.062
Mgrn1	0.309149302087233	0.272407309979377	1	0.14	0.119	0.021
Asrgl1	0.311647322424912	-0.334541105691743	1	0.11	0.125	0.015
Klf3	0.312259788207501	0.138746305254449	1	0.113	0.093	0.02
Wdfy2	0.314193145581391	0.190292679153928	1	0.253	0.218	0.035
Nlgn1	0.314513728299815	-0.255607227618172	1	0.447	0.531	0.084
Metap1d	0.314883220825824	0.128795806124125	1	0.211	0.193	0.018
Glg1	0.320029895674088	-0.123143205049147	1	0.094	0.102	0.00799999999999999
Nup214	0.323726814368867	-0.239637051575931	1	0.108	0.112	0.004
Rnf144a	0.324993879367481	0.118041468388913	1	0.189	0.179	0.01
Clcn5	0.325156421778275	-0.211052278451704	1	0.112	0.123	0.011
Pcbp2	0.326722069043763	-0.180369022190468	1	0.113	0.125	0.012
Iars	0.327014462017821	0.121338868191014	1	0.154	0.14	0.014
Tdrd3	0.327810741398688	0.419673912819955	1	0.127	0.108	0.019
Pknox1	0.328885892437602	0.282220386621939	1	0.1	0.079	0.021
Shisa4	0.332554177576919	0.258225147681185	1	0.232	0.193	0.039
Thsd7a	0.332619602633088	0.111514201796842	1	0.174	0.169	0.00499999999999998
Dbndd2	0.337094059293444	0.262202879007044	1	0.289	0.243	0.046
Tmem98	0.338479895682015	-0.39296975565197	1	0.102	0.117	0.015
Sox8	0.339796775136686	0.192121590194765	1	0.112	0.091	0.021
Srrm2	0.341113064401991	0.23012955090572	1	0.231	0.206	0.025
Zbtb38	0.342245607543428	0.15262828368405	1	0.189	0.165	0.024
Mapre2	0.343439640881796	-0.129424173439295	1	0.355	0.378	0.023
Kdm2a	0.343639307817612	-0.109734451524439	1	0.15	0.148	0.002
Iffo1	0.34541423206841	0.203154269331663	1	0.152	0.128	0.024
Usp48	0.346413084582917	0.266479843152863	1	0.149	0.128	0.021
Pcyt1a	0.352174335301806	-0.315907608208102	1	0.091	0.105	0.014
Zfp101	0.352798116862846	0.302597941325667	1	0.134	0.119	0.015
Adamts6	0.353554256294036	0.130860736968231	1	0.178	0.168	0.00999999999999998
Cul1	0.353777100734407	0.143641269881211	1	0.22	0.206	0.014
Polb	0.354012210491443	0.566015013673827	1	0.134	0.093	0.041
Mysm1	0.354527890042501	0.364062927145484	1	0.132	0.1	0.032
Srpk3	0.354958670191368	0.308064433880937	1	0.112	0.086	0.026
Zfp292	0.356884925195034	0.264685914562491	1	0.112	0.096	0.016
Prdm2	0.358395281030844	-0.206731995334426	1	0.127	0.134	0.00700000000000001
Kcmf1	0.36045343865135	0.498723116579529	1	0.101	0.073	0.028
Eif4h	0.362664647194606	-0.252767383298133	1	0.104	0.119	0.015
Cntn2	0.362764613982366	0.105416006945811	1	0.469	0.439	0.03
P2rx7	0.364383562395594	0.166144158486313	1	0.129	0.112	0.017
Elp4	0.364651204114461	0.324489107297697	1	0.237	0.197	0.04
Crppa	0.365783389893535	-0.16329482987083	1	0.327	0.338	0.011
Matr3	0.365965393658188	0.324213898907681	1	0.194	0.144	0.05
Fam172a	0.366206797450514	0.113602365149666	1	0.442	0.398	0.044
Npc1	0.367779180774743	-0.154898521286285	1	0.166	0.169	0.003
Srbd1	0.36801036948654	0.333969849540784	1	0.133	0.108	0.025
Dusp15	0.37200104420514	0.179121009238041	1	0.154	0.144	0.01
Siah1a	0.372896772736103	0.339155660705945	1	0.104	0.086	0.018
Micu2	0.373480829542923	0.134546133103621	1	0.185	0.167	0.018
Top1	0.373672128877386	0.410031655573426	1	0.109	0.088	0.021
Tecpr2	0.375227623408279	0.154254298886619	1	0.169	0.155	0.014
Cpox	0.376272673976423	0.143781536394425	1	0.264	0.233	0.031
Fsd1l	0.377885211113046	-0.230429149272172	1	0.218	0.228	0.01
Rdx	0.379542524730477	-0.149743803773736	1	0.262	0.276	0.014
Ints8	0.383046213951142	-0.303729753720256	1	0.101	0.12	0.019
Snx2	0.386464673620356	0.509632589768247	1	0.134	0.091	0.043
Eefsec	0.386840989648375	-0.166334049236748	1	0.109	0.115	0.00600000000000001
Rev3l	0.388184230139803	0.21564256564171	1	0.208	0.189	0.019
Cdip1	0.391525259211159	0.129982477508356	1	0.217	0.201	0.016
H2aj	0.393666686243461	0.213904524227636	1	0.151	0.137	0.014
Grik4	0.39474702786493	-0.111498542698199	1	0.112	0.118	0.00599999999999999
Ctnna1	0.394846300799269	0.478708387920681	1	0.157	0.12	0.037
Lin52	0.396297612355118	0.140182876843026	1	0.156	0.137	0.019
Taf15	0.400148635726426	0.150477580111528	1	0.2	0.187	0.013
Crybg3	0.400764797960267	0.125371707441475	1	0.156	0.144	0.012
Lrmda	0.403007314782309	-0.19824991293106	1	0.385	0.409	0.024
Cd81	0.405936322652863	-0.173805738331674	1	0.151	0.167	0.016
Xrn1	0.407356426682476	-0.164876185081049	1	0.14	0.148	0.00799999999999998
Ankrd11	0.410310580967392	0.49426063023295	1	0.148	0.107	0.041
Wipi1	0.41211900820302	0.114545375702567	1	0.173	0.16	0.013
Wrn	0.412856169298517	0.250041285160148	1	0.185	0.163	0.022
Slc9a9	0.415371963151659	-0.155349064469828	1	0.312	0.323	0.011
Wwp2	0.420284404553769	0.237444978062202	1	0.145	0.118	0.027
Gpatch2l	0.420772782404096	0.319990282350923	1	0.109	0.089	0.02
Cdk5	0.422017517786222	0.100030592276545	1	0.105	0.1	0.00499999999999999
Mia2	0.422392233109423	0.345945543955357	1	0.129	0.107	0.022
Ralgapa1	0.422736488217368	0.169868236592566	1	0.268	0.233	0.035
Tmem219	0.423600643488785	-0.269985375477272	1	0.099	0.109	0.01
Tada2a	0.423732027022261	-0.13224272947687	1	0.158	0.154	0.004
Lifr	0.427080398786411	0.378267830681417	1	0.131	0.11	0.021
Fbxo21	0.42814028026641	0.271630009370687	1	0.113	0.085	0.028
Irs2	0.428985380416401	0.160581366274301	1	0.101	0.093	0.00800000000000001
Srgap1	0.432526874478357	0.188549768023043	1	0.36	0.317	0.043
Cdk5rap2	0.432711605925076	-0.186977220348792	1	0.281	0.296	0.015
Tfeb	0.434652458045343	0.126669510129864	1	0.185	0.168	0.017
Atr	0.436219136908831	0.161801925905282	1	0.115	0.093	0.022
Gnai1	0.436924823661757	-0.195375890529284	1	0.366	0.392	0.026
Fcho2	0.442026382166568	0.135535872756053	1	0.153	0.147	0.00600000000000001
Ascc3	0.445460448119002	0.135858872565214	1	0.183	0.158	0.025
Wdfy3	0.44575024254605	0.177762961347774	1	0.249	0.224	0.025
Hnrnpa3	0.446461754865221	0.414701737685495	1	0.159	0.113	0.046
Hhip	0.447561158834553	-0.132673927636628	1	0.16	0.17	0.01
Prpf4b	0.44989469772793	0.210232532562481	1	0.152	0.142	0.01
Dennd11	0.451573566066714	-0.155259444756084	1	0.117	0.127	0.01
Mnat1	0.452004732346234	0.239486870231415	1	0.103	0.081	0.022
Mog	0.452423937314431	0.161144422833725	1	0.734	0.683	0.0509999999999999
Dusp10	0.45814567009866	0.30943317498986	1	0.165	0.129	0.036
Tbc1d14	0.459012670982317	0.235713961367988	1	0.136	0.11	0.026
Dcp1b	0.462866810323803	-0.24889849327936	1	0.11	0.125	0.015
Trps1	0.464539606873698	0.109952556271328	1	0.242	0.221	0.021
Ubn1	0.464558439251293	0.43489633537944	1	0.154	0.114	0.04
Brd4	0.465806467163528	0.286163115242984	1	0.246	0.199	0.047
Ythdc1	0.469476605398771	0.126196757098568	1	0.154	0.137	0.017
Usp24	0.469898573912516	0.255288608949199	1	0.173	0.139	0.034
Aplp2	0.473362710053694	0.277447045715686	1	0.116	0.103	0.013
Btbd8	0.473834936733853	-0.141790539747645	1	0.227	0.238	0.011
Tmc7	0.476133440092001	0.138261975065537	1	0.141	0.129	0.012
Pign	0.479561410665558	-0.159647542626509	1	0.095	0.105	0.01
Chuk	0.48044565355778	0.304228695297405	1	0.109	0.094	0.015
Cd2ap	0.480634619057019	0.226943456796993	1	0.209	0.184	0.025
Mettl15	0.482245877361515	-0.163888059455033	1	0.165	0.169	0.004
Mgat3	0.483019849802567	0.240021038475649	1	0.115	0.098	0.017
Tet1	0.485509404566983	-0.314278925233606	1	0.136	0.15	0.014
Hnrnpl	0.489273270576989	0.116006428262592	1	0.133	0.128	0.005
Tpst1	0.489787197595979	0.131201727912909	1	0.211	0.182	0.029
Lnpep	0.492589649920003	0.3301533668698	1	0.14	0.112	0.028
Srsf11	0.493254289459538	0.35499274048416	1	0.169	0.134	0.035
Pllp	0.494747327485959	0.127445497866764	1	0.227	0.197	0.03
Ppp1r14a	0.49830547398643	0.22075321060634	1	0.222	0.189	0.033
Dhx36	0.499535586333962	0.339361896349146	1	0.126	0.096	0.03
Csrp1	0.499902045368969	0.119412957543498	1	0.378	0.352	0.026
Gramd3	0.502991651478502	-0.229214739685705	1	0.175	0.197	0.022
Skap2	0.504555645250747	-0.106897827839626	1	0.232	0.238	0.00599999999999998
Larp4b	0.505321541250142	0.128800612063194	1	0.109	0.105	0.004
Rnf43	0.506512460421236	-0.116173374752308	1	0.129	0.14	0.011
Gtf2a1	0.507413155128946	0.211857405783435	1	0.11	0.093	0.017
Lamp2	0.507651098032241	0.177754086491363	1	0.167	0.153	0.014
Smg6	0.508110006186759	0.32660292549341	1	0.208	0.169	0.039
Pik3r3	0.509289501755288	0.241326786713896	1	0.127	0.12	0.00700000000000001
Akap7	0.510695203772889	-0.12365007920868	1	0.129	0.13	0.001
Faf1	0.510899948104297	-0.285740438292566	1	0.143	0.168	0.025
Fndc3a	0.511273479882148	0.238783578534185	1	0.105	0.083	0.022
Stim1	0.513638335163334	0.108750414156908	1	0.154	0.135	0.019
Adamts20	0.513787550834363	-0.241019215023817	1	0.139	0.144	0.00499999999999998
Tns3	0.514938569540571	0.167740258056614	1	0.226	0.199	0.027
Ogt	0.515152147893082	0.353980177546567	1	0.163	0.129	0.034
Trim3	0.515331644536339	0.180872855582312	1	0.133	0.117	0.016
Ddx6	0.515897787934258	0.19929549039532	1	0.105	0.093	0.012
Setd7	0.517281138964529	0.235586073014915	1	0.174	0.152	0.022
D5Ertd579e	0.51761198435192	0.199480020338829	1	0.154	0.135	0.019
AU040320	0.517812943020134	0.135661441892434	1	0.148	0.122	0.026
Fam222a	0.519316445640363	0.12806221903409	1	0.116	0.095	0.021
Erbb3	0.519706203618282	0.320505314461879	1	0.115	0.091	0.024
Dmtf1	0.522104607037414	0.224967495337745	1	0.127	0.115	0.012
Tppp	0.5223803144616	-0.129633687689588	1	0.232	0.227	0.005
Sertad2	0.525539305832178	0.387706311518697	1	0.115	0.094	0.021
Lrrc4c	0.528505989817211	-0.12325640136155	1	0.819	0.846	0.027
Mboat1	0.529062788246983	-0.115912241393535	1	0.251	0.263	0.012
Ercc6l2	0.529234007198201	0.239052023501095	1	0.118	0.094	0.024
Cldn11	0.529316319734672	0.189980821130721	1	0.478	0.416	0.062
Garre1	0.531779000249056	-0.188620036700404	1	0.226	0.241	0.015
Mapk8ip1	0.53239809335382	-0.158855801533251	1	0.151	0.16	0.00900000000000001
Rbm6	0.533807642201701	0.281158851393231	1	0.321	0.276	0.045
Tfdp2	0.535651474205088	-0.118317543765335	1	0.205	0.207	0.002
Cntn3	0.539385478114114	-0.119218871131671	1	0.163	0.169	0.00600000000000001
Mitf	0.53993839738319	-0.132295412498718	1	0.331	0.34	0.00900000000000001
Zfp280d	0.543021368634217	0.190321056453554	1	0.363	0.318	0.045
Kcna6	0.545099408437235	-0.214676413977366	1	0.267	0.281	0.014
Otud7a	0.549764140180249	-0.123664064025414	1	0.477	0.496	0.019
Kdm5c	0.551646818826924	-0.148763247014473	1	0.102	0.108	0.00600000000000001
Lsm14a	0.559128225277064	0.16575315607539	1	0.107	0.091	0.016
Nudcd3	0.564530742209374	0.273503037215048	1	0.102	0.086	0.016
Acap2	0.569527426584044	-0.180239816883622	1	0.417	0.415	0.002
Kdm4c	0.570563784995272	0.140507714881647	1	0.107	0.096	0.011
Sirt2	0.571713984811931	-0.234093499356086	1	0.198	0.216	0.018
Gnb1	0.573941967610104	0.214302768162287	1	0.167	0.14	0.027
Thrap3	0.574700823494703	0.39402297760217	1	0.115	0.09	0.025
Plekhm3	0.576145016430378	-0.22884818250444	1	0.145	0.157	0.012
Sptlc2	0.578298109443839	0.211845571527727	1	0.159	0.135	0.024
Paqr8	0.5793675501276	-0.192035316370493	1	0.105	0.112	0.00700000000000001
N4bp2l2	0.582462059966	0.218990131444316	1	0.183	0.163	0.02
Arih1	0.582966670541657	0.157727205890381	1	0.363	0.318	0.045
Farp2	0.583328979881083	0.231127581054008	1	0.114	0.09	0.024
Osbpl7	0.586983286527526	-0.243834120414355	1	0.159	0.168	0.00900000000000001
Wwox	0.588549266068141	-0.174334649407315	1	0.357	0.376	0.019
Clock	0.590453716558524	0.30244703073147	1	0.233	0.185	0.048
Mthfd1l	0.597290844380027	0.102487767092032	1	0.115	0.104	0.011
Apoe	0.604122769355758	-0.398207617199209	1	0.211	0.224	0.013
Tmem88b	0.607055851843606	-0.165886729517296	1	0.173	0.175	0.002
Fam13b	0.60878261793205	-0.115909285631141	1	0.239	0.243	0.004
Mapkap1	0.613545016779381	-0.139991313023501	1	0.238	0.256	0.018
Tsc1	0.619259069305706	-0.175427290944903	1	0.2	0.207	0.00699999999999998
Acin1	0.620247425702225	0.126945301501334	1	0.138	0.119	0.019
Crebzf	0.625714662950601	0.499876074271289	1	0.113	0.076	0.037
Acsl3	0.625827525328269	-0.185986927576467	1	0.147	0.153	0.00600000000000001
Dmxl1	0.629324719094432	0.251767035489545	1	0.239	0.206	0.033
Pnpla7	0.635451561996277	0.322437221134	1	0.101	0.081	0.02
Adamtsl1	0.636675902351681	0.117963907660513	1	0.536	0.482	0.054
Relch	0.637684482647613	0.327327502657669	1	0.272	0.218	0.054
Kif16b	0.640851184785396	-0.212876567474367	1	0.228	0.233	0.005
Ints4	0.641124209671748	0.112640257592921	1	0.151	0.13	0.021
Trmt13	0.64748780468618	0.307201115237236	1	0.157	0.128	0.029
Fhit	0.64902980095746	0.159526314513613	1	0.104	0.085	0.019
Vgll4	0.656477504663797	-0.189062395790518	1	0.287	0.293	0.00600000000000001
Add3	0.660993013356775	-0.111318004596862	1	0.36	0.346	0.014
Mical3	0.663765512292207	0.106850167394477	1	0.12	0.11	0.01
Smg7	0.664880234695297	0.150750089716533	1	0.107	0.09	0.017
Usp6nl	0.666124760068885	0.127835066638065	1	0.17	0.145	0.025
Sfpq	0.668408363181896	0.20879494831942	1	0.245	0.218	0.027
Wac	0.66951765055319	0.21692729558996	1	0.237	0.197	0.04
Bicral	0.670788034400895	0.270467817203501	1	0.152	0.129	0.023
Capn15	0.671048434909248	0.164474000889398	1	0.133	0.117	0.016
Rcbtb1	0.674694750528363	0.123151424612499	1	0.475	0.429	0.046
Stk3	0.675188426488494	0.125648978478599	1	0.121	0.108	0.013
Elovl5	0.678299097597271	-0.113881234370303	1	0.143	0.143	0
Srek1	0.678381849828352	0.438858368040485	1	0.114	0.088	0.026
Chm	0.67894413762574	0.488012723804779	1	0.1	0.075	0.025
Snx32	0.681875704854441	0.338891353129716	1	0.12	0.094	0.026
Pcmtd1	0.684370176567852	0.244517299425496	1	0.208	0.172	0.036
Psat1	0.689689938729566	0.289240668211927	1	0.161	0.129	0.032
Acss2	0.693076400185716	0.15883017118562	1	0.104	0.098	0.00599999999999999
Anapc1	0.699674915957445	-0.296678643293467	1	0.11	0.128	0.018
T2	0.706249130029797	0.108649048086893	1	0.121	0.113	0.00799999999999999
Eif2s3y	0.70682334036687	0.745235484715052	1	0.144	0.084	0.06
Nfat5	0.707757470762468	0.107662171155701	1	0.212	0.197	0.015
Herc2	0.711800790310839	0.138223532307819	1	0.167	0.145	0.022
Kmt2e	0.716108471867459	0.288473482175839	1	0.315	0.259	0.056
Cobl	0.716398132384308	-0.115072096031597	1	0.253	0.252	0.001
Cdh20	0.717719211172508	-0.113449359793292	1	0.765	0.763	0.002
Arhgap5	0.720477264059893	0.126909465116802	1	0.309	0.278	0.031
Rnf20	0.721296471243856	0.110726752547976	1	0.136	0.127	0.00900000000000001
Olig1	0.724963348824285	-0.133277183845487	1	0.106	0.108	0.002
Pcdh11x	0.726956454406257	0.366103273241374	1	0.223	0.179	0.044
Sik2	0.73373446013946	-0.194142668635922	1	0.332	0.34	0.00800000000000001
Fnip1	0.736550838802345	0.149143765498424	1	0.281	0.258	0.023
Tjap1	0.736923298728738	-0.222811252726626	1	0.13	0.144	0.014
Ptpdc1	0.741350093303406	-0.147789467614387	1	0.151	0.145	0.00600000000000001
Bcar1	0.743400164861018	0.19978460449718	1	0.115	0.1	0.015
Prkcq	0.749421200127291	-0.108859793827397	1	0.261	0.259	0.002
Slc25a12	0.763871873380713	0.159566442988886	1	0.105	0.098	0.00699999999999999
Akap10	0.764255074054903	0.205842625650459	1	0.142	0.127	0.015
Appl2	0.764482569808225	-0.11113856136471	1	0.237	0.231	0.00599999999999998
Rb1	0.766876321070768	0.191104449396584	1	0.261	0.236	0.025
Osbp	0.773360992783201	-0.122698509339166	1	0.102	0.109	0.00700000000000001
Ttc28	0.774324767719877	0.27498379414024	1	0.138	0.113	0.025
Prrc2c	0.777561831142939	0.156553351144858	1	0.268	0.229	0.039
Meis1	0.78164136770748	-0.130484869983042	1	0.265	0.259	0.00600000000000001
Lbr	0.782978433707185	0.179898059086683	1	0.118	0.102	0.016
Tpd52l2	0.783550352636595	0.173045809346525	1	0.109	0.095	0.014
Safb2	0.785142184168784	0.281791743189126	1	0.144	0.114	0.03
Thra	0.785836470682249	-0.14266181783756	1	0.285	0.284	0.001
Scmh1	0.787068731048109	0.109224905610853	1	0.148	0.134	0.014
Rbl2	0.79411161381358	0.225232550740731	1	0.129	0.112	0.017
Pter	0.794552729325375	-0.145198220129678	1	0.101	0.103	0.00199999999999999
Arhgap31	0.796188160355516	0.205592730638351	1	0.102	0.088	0.014
Atp2c1	0.799209337783507	0.124562577248742	1	0.234	0.218	0.016
Tmem132d	0.808003150789759	-0.230385649285509	1	0.2	0.206	0.00599999999999998
Cnot10	0.8108239597778	-0.21628114415475	1	0.143	0.154	0.011
Fgd3	0.812871625942637	0.10929896963461	1	0.105	0.096	0.00899999999999999
Arnt	0.815903027221239	0.109419523745444	1	0.148	0.132	0.016
Ralgapb	0.817391174117658	0.251777998385777	1	0.113	0.091	0.022
Tmod1	0.820653894961206	0.15903693760444	1	0.343	0.296	0.047
Smchd1	0.82194752963108	0.353851586267033	1	0.133	0.107	0.026
Tank	0.825617703820616	0.361104561636292	1	0.122	0.098	0.024
Bnip3l	0.829888886197901	-0.202733349817111	1	0.123	0.125	0.002
Tspan9	0.83875905394376	-0.289739589404603	1	0.154	0.16	0.00600000000000001
Csnk1a1	0.842622538141747	0.211087985956702	1	0.216	0.19	0.026
Ctr9	0.845297124858568	-0.127732781985127	1	0.115	0.119	0.00399999999999999
Fnbp4	0.846303348560688	0.26981413942478	1	0.118	0.094	0.024
Trappc8	0.84775760437251	0.392652846951346	1	0.126	0.091	0.035
Bicd1	0.854661360985257	0.134545146894427	1	0.257	0.232	0.025
Opalin	0.856909431252849	0.11495673402556	1	0.432	0.391	0.041
Dennd6a	0.859883277139518	0.142737080644621	1	0.183	0.164	0.019
Itgb8	0.860021688873357	-0.127456574481301	1	0.169	0.17	0.001
Zswim6	0.862009713077193	-0.130728757099838	1	0.22	0.227	0.00700000000000001
Hibadh	0.876136965953683	0.410812076681738	1	0.102	0.075	0.027
Slc25a27	0.885927939798549	-0.110198240346757	1	0.295	0.289	0.00600000000000001
Slc12a6	0.886965124776326	0.11413826181019	1	0.181	0.162	0.019
Foxo1	0.889360241623102	-0.152331785355083	1	0.099	0.104	0.00499999999999999
Hnrnph3	0.89017458719878	0.416009258923606	1	0.119	0.089	0.03
D16Ertd472e	0.891015974482573	-0.180401006962652	1	0.187	0.192	0.005
Tbck	0.891297557381838	0.183402285011015	1	0.129	0.114	0.015
Fer	0.897076245949473	0.135990302776883	1	0.103	0.093	0.01
Ppp1r12a	0.902277673406744	0.103280387375151	1	0.249	0.229	0.02
Ncoa3	0.903838458293039	-0.11392838181945	1	0.204	0.201	0.00299999999999997
Psd3	0.904372046976526	0.229422090485564	1	0.33	0.284	0.046
Mpzl1	0.911266934601074	-0.121661533111071	1	0.273	0.279	0.00600000000000001
Nectin1	0.920426602518403	-0.154625633048999	1	0.115	0.113	0.002
Marchf1	0.924299174046394	-0.111107552188835	1	0.785	0.774	0.011
Med27	0.926096471348695	-0.196052939254733	1	0.124	0.127	0.003
Qrich1	0.930733382426982	0.436973646111357	1	0.113	0.086	0.027
Spock1	0.93635973906062	-0.144781079949763	1	0.549	0.543	0.00600000000000001
Pik3c2b	0.936366579764453	-0.136135276974904	1	0.375	0.371	0.004
Prpf39	0.936791394967162	0.139282470135481	1	0.152	0.137	0.015
Pot1a	0.938134608034715	0.102583334504178	1	0.101	0.09	0.011
Asb3	0.939565707570152	0.344451566656717	1	0.13	0.102	0.028
Cept1	0.942692821139849	-0.118889957433026	1	0.185	0.189	0.004
Tab2	0.949028362112014	-0.132923680694126	1	0.162	0.169	0.00700000000000001
Slc38a9	0.949231614852584	0.125761148557207	1	0.145	0.134	0.011
Vldlr	0.949293565234275	-0.194529286003552	1	0.2	0.206	0.00599999999999998
Soga3	0.949454616773441	0.233499479848706	1	0.126	0.107	0.019
Synpr	0.95535923488154	-0.208098798547256	1	0.137	0.142	0.00499999999999998
Zfyve1	0.959092530026974	-0.117961036661862	1	0.203	0.203	0
Btrc	0.959455304421292	0.166256746872092	1	0.154	0.137	0.017
Crim1	0.964619873050669	0.153414651406755	1	0.102	0.089	0.013
Exoc5	0.965244628560378	0.169116788509723	1	0.129	0.117	0.012
Orc3	0.967011840056855	0.132406481036037	1	0.12	0.105	0.015
Dcaf17	0.987610794855854	0.138454675717475	1	0.153	0.137	0.016
Gng12	0.992662541595606	-0.162768860664659	1	0.206	0.208	0.002
Tpr	0.996307753559905	0.202569008129802	1	0.133	0.114	0.019
