gene	p_val	avg_log2FC	p_val_adj	percent_3	percent_0	percent_difference
Fth1	2.28170573221189e-129	1.58760835771926	4.08836033097727e-125	0.776	0.433	0.343
Ftl1	4.13225695247915e-42	4.03341810576157	7.40417800745214e-38	0.119	0.009	0.11
Elmo1	3.15103555374674e-29	-0.494795310579588	5.64602550520341e-25	0.801	0.848	0.0469999999999999
Luc7l2	9.3137819174452e-28	-0.484196069522624	1.66884344396783e-23	0.739	0.802	0.0630000000000001
Klf9	1.0499039980487e-24	-1.68228054155946	1.88121798370366e-20	0.067	0.172	0.105
Tmem132d	8.74341005149581e-23	0.87986297174456	1.56664421302702e-18	0.351	0.2	0.151
Map7	4.40518626455963e-22	-0.329233835323998	7.89321274883794e-18	0.923	0.943	0.0199999999999999
Fam171a1	5.78422154257325e-22	1.77753765493949	1.03641681599828e-17	0.129	0.036	0.093
Mboat2	4.71469079758079e-21	1.31571368176625	8.44778297110527e-17	0.188	0.073	0.115
Rcan2	1.86234438362703e-19	-0.851319872264851	3.33694866658291e-15	0.268	0.398	0.13
Fam168a	2.13678095420244e-19	0.753491826805376	3.82868411373993e-15	0.352	0.202	0.15
Tmod2	3.98972042459784e-19	-0.565199138355425	7.14878105679441e-15	0.465	0.527	0.062
Pcdh9	8.07528085275302e-19	-0.21291245398584	1.44692882319629e-14	1	1	0
Insr	1.52638525487218e-18	-0.625934727851181	2.73497709967997e-14	0.253	0.319	0.066
Amph	6.66252864625783e-18	0.75612127073242	1.19379188283648e-13	0.351	0.218	0.133
Sesn1	6.67124171921817e-17	1.57034051297272	1.19535309124951e-12	0.119	0.039	0.08
Tent4b	4.78415743319234e-16	1.14370709736633	8.57225328879403e-12	0.209	0.105	0.104
Nlk	7.38552214640175e-16	0.90128312890497	1.32333785819227e-11	0.233	0.124	0.109
Tbc1d5	2.79058687307317e-15	-0.353309603272708	5.00017355917251e-11	0.841	0.87	0.029
Csmd1	6.12477588202319e-15	-1.10554100991209	1.09743734254092e-10	0.057	0.129	0.072
Sema6d	1.20181382021517e-14	0.331346539802771	2.15341000306154e-10	0.489	0.357	0.132
Fus	1.66226636418779e-14	1.07489651678236	2.97844887135168e-10	0.191	0.089	0.102
Actb	4.89796675903868e-14	-0.691703916844136	8.7761768388455e-10	0.198	0.257	0.059
Afdn	5.76266404817486e-14	1.07573636242655	1.03255414415197e-09	0.147	0.067	0.08
Cdh19	6.50913951889338e-14	-0.512874802330824	1.16630761899532e-09	0.502	0.567	0.0649999999999999
Nrxn1	7.15443286510401e-14	-0.569241144584219	1.28193128076934e-09	0.123	0.208	0.085
Rbfox1	1.06950430975809e-13	-1.01729031951793	1.91633782222454e-09	0.06	0.129	0.069
Gapvd1	1.71810777130787e-13	1.10321343157174	3.07850550462945e-09	0.157	0.077	0.08
Fgf14	2.33563494195192e-13	-0.893775439952912	4.18499068898945e-09	0.059	0.125	0.066
Usp9x	3.49705235278563e-13	0.824103597496926	6.26601840572129e-09	0.234	0.132	0.102
Tlk2	3.99453105946643e-13	1.29980187086154	7.15740075235195e-09	0.119	0.048	0.071
Kcnip4	6.60230970712106e-13	-0.741315688672304	1.18300185332195e-08	0.06	0.126	0.066
Dgki	1.14561634576566e-12	-0.262135392242127	2.05271536834291e-08	0.76	0.762	0.002
Apc	1.16041321515767e-12	0.389822991898727	2.07922839891952e-08	0.538	0.415	0.123
Son	3.25262583495361e-12	-0.352471971267236	5.82805497106988e-08	0.6	0.657	0.0570000000000001
Msantd2	4.75253598158437e-12	1.28558231118147	8.51559397180288e-08	0.124	0.056	0.068
Nrg3	6.83554042011556e-12	-0.943543676694134	1.22479213247631e-07	0.064	0.128	0.064
Nrxn3	7.97775277217667e-12	-0.857069446297562	1.42945374171862e-07	0.076	0.143	0.067
C2cd5	8.20099752232152e-12	1.51600257190487	1.46945473604957e-07	0.1	0.038	0.062
Ptprd	8.8388714363611e-12	-0.223067773109785	1.58374898396718e-07	0.996	0.998	0.002
Cdc37l1	9.25170713832739e-12	-0.34419184326749	1.6577208850455e-07	0.729	0.762	0.033
Zbtb16	1.0615027081293e-11	-0.90526469358678	1.90200055242607e-07	0.114	0.172	0.058
Rcor3	1.81163730666202e-11	1.29562594764196	3.246091726077e-07	0.101	0.045	0.056
Tial1	2.3821584715661e-11	0.959525411057483	4.26835154935214e-07	0.185	0.102	0.083
Mat2a	2.85474616389425e-11	-0.410957954552314	5.11513417646572e-07	0.325	0.383	0.058
Sgms1	2.91903192300788e-11	1.02632449561062	5.23032139964553e-07	0.146	0.068	0.078
Btbd9	2.92516034913719e-11	0.774812477063395	5.24130231358402e-07	0.208	0.123	0.085
Plekha1	3.71482407596749e-11	-0.454833854250178	6.65622177931855e-07	0.44	0.493	0.053
Nipbl	5.39670519636838e-11	-0.193079131086603	9.66981637085286e-07	0.367	0.346	0.021
Celf2	5.91317966846285e-11	-0.749597639053396	1.05952353299517e-06	0.083	0.15	0.067
Grid2	1.34634339239395e-10	-0.197319651604906	2.41237809049148e-06	0.811	0.805	0.00600000000000001
Lsamp	1.39134073459631e-10	-0.422613445169884	2.49300432824966e-06	0.256	0.35	0.094
Hsp90ab1	1.60759922484937e-10	1.2562470163602	2.88049629108509e-06	0.108	0.045	0.063
Vps13b	1.64164581639124e-10	0.473763535367188	2.94150097380982e-06	0.325	0.222	0.103
Tmem245	2.13508178442516e-10	1.17500971972279	3.825639541333e-06	0.118	0.053	0.065
Ksr1	2.536861713546e-10	1.30492166945073	4.54554881833173e-06	0.114	0.052	0.062
Il1rap	3.38848284105131e-10	-0.260352392289398	6.07148355459574e-06	0.647	0.654	0.00700000000000001
Rasal2	3.6493958903988e-10	0.72212545775614	6.53898755641658e-06	0.221	0.133	0.088
Rsrp1	6.12556087978205e-10	-0.357830465913409	1.09757799843935e-05	0.42	0.464	0.044
Lrch3	2.19513931700553e-09	-0.144404221937965	3.9332506282105e-05	0.397	0.371	0.026
Apoe	2.20158216518327e-09	0.673991354692966	3.94479492357538e-05	0.306	0.211	0.095
Gigyf2	2.40172575943953e-09	0.655253878705394	4.30341221576375e-05	0.287	0.189	0.098
Cttnbp2	2.43904508414752e-09	0.272649481155172	4.37028098177552e-05	0.383	0.291	0.092
Epb41l4b	2.84680069683089e-09	0.782153299034896	5.10089748858159e-05	0.217	0.137	0.08
Elavl3	3.37243129984313e-09	0.196377743816163	6.04272240305893e-05	0.442	0.353	0.089
Ppp1r16b	3.54677039828026e-09	-0.316017452993275	6.35510319963858e-05	0.717	0.77	0.053
Tmem167	3.61128622378928e-09	-0.69338295655877	6.47070265578563e-05	0.078	0.107	0.029
Kansl1	3.70122474404134e-09	0.214443153212329	6.63185449637327e-05	0.43	0.333	0.097
Septin7	4.60469368572391e-09	-0.235429886907021	8.25069014608011e-05	0.87	0.89	0.02
Tanc2	4.64397773889248e-09	0.463675397995209	8.32107931254755e-05	0.257	0.173	0.084
Cdc42bpa	5.39894082566988e-09	-0.233406127229126	9.6738221714353e-05	0.869	0.877	0.00800000000000001
Pde4dip	6.23956351218104e-09	0.547274619783396	0.00011180049901126	0.207	0.133	0.074
Macf1	6.45958584148687e-09	0.32099924872789	0.000115742859107762	0.448	0.347	0.101
Ambra1	6.84642007086528e-09	-0.358698819266534	0.000122674154829764	0.3	0.324	0.024
Tmem108	7.66327777771796e-09	0.643320679929573	0.00013731061122115	0.151	0.088	0.063
Cd2ap	8.15042377465041e-09	-0.476482957703466	0.000146039293194186	0.175	0.209	0.034
Fbxl17	8.81166667054928e-09	0.537406617541285	0.000157887443402902	0.246	0.162	0.084
Cnot10	9.61291076019746e-09	-0.543807809937143	0.000172244135001218	0.118	0.143	0.025
Tacc1	1.01737407840641e-08	-0.554870529330447	0.00018229308736886	0.218	0.27	0.052
Cep85l	1.27118983021581e-08	0.808913172765707	0.000227771793778069	0.156	0.094	0.062
Nsmf	1.27802560930543e-08	-0.455088621787286	0.000228996628675347	0.123	0.141	0.018
Adamts2	1.35491358437819e-08	0.711647786530228	0.000242773416048885	0.202	0.126	0.076
Add1	1.36131129227708e-08	-0.377162098441255	0.000243919757350207	0.379	0.414	0.035
Arid2	1.38810298008443e-08	0.809167893712689	0.000248720291971528	0.161	0.091	0.07
Gse1	1.44098862415239e-08	0.607926986158285	0.000258196341675626	0.226	0.145	0.081
Nufip2	1.70664797993162e-08	0.717163635627095	0.000305797185044147	0.152	0.087	0.065
Rbm39	1.85899957984661e-08	-0.257446053245661	0.000333095544716915	0.505	0.521	0.016
Lpgat1	2.00447410308721e-08	-0.257625741735473	0.000359161669791166	0.64	0.648	0.00800000000000001
Stox2	2.01877019539291e-08	0.557821229823273	0.000361723243610501	0.334	0.238	0.096
Mobp	2.07151249473081e-08	-0.229306397917151	0.000371173608805867	0.811	0.816	0.00499999999999989
Polr3e	2.17774339026852e-08	-0.964883873961119	0.000390208060668314	0.092	0.155	0.063
Fam193a	2.3424500614804e-08	0.378025238357844	0.000419720202016058	0.233	0.162	0.071
Zswim6	2.43030882008866e-08	0.468914900165967	0.000435462734383485	0.311	0.22	0.091
Hnrnpa2b1	2.53941079550873e-08	0.416407991613533	0.000455011626339254	0.366	0.268	0.098
Fam219a	2.62361419214235e-08	-0.746825836665557	0.000470099190948066	0.08	0.114	0.034
Ewsr1	2.67436377362693e-08	0.816809838389936	0.000479192500958473	0.148	0.081	0.067
Zfand3	3.08910430877436e-08	0.691317300476007	0.000553505710046189	0.183	0.113	0.07
Rfx7	3.14570852487827e-08	1.07883134964086	0.000563648053487688	0.108	0.053	0.055
Cachd1	3.25672244840769e-08	1.02015289699104	0.00058353952830569	0.138	0.077	0.061
Itfg1	3.34159974771993e-08	0.485202308883803	0.000598747842796457	0.19	0.12	0.07
Pnisr	3.38591179028622e-08	0.10039616231795	0.000606687674583485	0.374	0.308	0.066
Csde1	3.76952450220146e-08	-0.671908200382575	0.000675423400304458	0.096	0.132	0.036
Pafah1b1	3.83384019760776e-08	-0.245632371929288	0.000686947486607359	0.658	0.681	0.023
Trip12	4.29965567678877e-08	-0.107968237960084	0.000770412304167012	0.239	0.213	0.026
Lrp1b	4.59904741775806e-08	-0.175239284361558	0.000824057316313889	0.99	0.992	0.002
Copg2	4.96322969035019e-08	0.846809619903553	0.000889311495916947	0.171	0.107	0.064
Csmd2	5.086100453256e-08	0.927822615712164	0.00091132747921441	0.109	0.053	0.056
Sfpq	6.47151804370054e-08	0.429886317390426	0.00115956660307026	0.341	0.245	0.096
Rere	6.75207641799539e-08	-0.121585932851959	0.00120983705257641	0.737	0.711	0.026
Numa1	6.90029748585594e-08	0.890931194115762	0.00123639530351567	0.122	0.075	0.047
Atxn2	7.51918334427348e-08	0.545468331122476	0.00134728727162692	0.239	0.157	0.082
Dop1a	8.36102194112767e-08	-0.19408090751327	0.00149812791141126	0.156	0.148	0.00800000000000001
Tsc22d2	8.54109090607995e-08	0.776345169895362	0.0015303926685514	0.162	0.095	0.067
Ank3	8.63797950993353e-08	-0.192678337682349	0.00154775316858989	0.923	0.92	0.003
Samd4	9.13770725921666e-08	0.122609779351961	0.00163729438670644	0.493	0.412	0.081
Dmxl1	9.66428402611093e-08	0.131425514588842	0.00173164641179856	0.297	0.239	0.058
Bptf	1.05560551482648e-07	0.538644882883621	0.00189143396146608	0.272	0.189	0.083
Gnaq	1.07741955331303e-07	0.331384922654751	0.00193052035562628	0.401	0.309	0.092
Clasp2	1.12886721864578e-07	-0.188151709482022	0.0020227042823695	0.862	0.877	0.015
Dip2c	1.13173480490622e-07	0.549696751901822	0.00202784242343096	0.241	0.167	0.074
Schip1	1.21550193892606e-07	0.453307760125082	0.00217793637416771	0.296	0.215	0.081
Klf13	1.36546233712578e-07	-0.466795067658383	0.00244663541566198	0.301	0.359	0.058
Retreg1	1.63406866621873e-07	0.307819616695044	0.00292792423613072	0.473	0.379	0.094
Rb1cc1	1.86968666100666e-07	0.624297234361341	0.00335010455919173	0.149	0.09	0.059
Cwc27	1.95860536255088e-07	-0.18943939747969	0.00350942908861866	0.101	0.094	0.00700000000000001
Gmds	1.9784220083179e-07	0.351811575961366	0.00354493655450401	0.189	0.132	0.057
Phactr1	2.01977401713833e-07	0.139012810380347	0.00361903108390846	0.459	0.379	0.08
Srbd1	2.10012907703587e-07	-0.684532806471791	0.00376301128023286	0.098	0.133	0.035
Rmnd5a	2.1667059749083e-07	0.955390032620952	0.0038823037658407	0.115	0.06	0.055
Ypel2	2.23217527318146e-07	0.12756652713184	0.00399961165448654	0.819	0.74	0.079
Dnmt3a	2.33045114651458e-07	0.560428623910193	0.00417570236432482	0.239	0.163	0.076
Dennd5b	2.39364705804364e-07	-0.43907691404363	0.00428893679860259	0.179	0.199	0.02
Xpo4	2.91851202365908e-07	0.272880882213905	0.00522938984399233	0.12	0.083	0.037
Kcna1	3.06913000921833e-07	-0.474573705723579	0.00549926715051741	0.298	0.352	0.054
Cpeb3	3.52070606804371e-07	0.46798137136658	0.00630840113272072	0.293	0.212	0.081
Nedd4	3.618615465196e-07	0.476585609846499	0.0064838351905382	0.25	0.177	0.073
Rsf1	3.70620485884308e-07	0.50907361576864	0.00664077786607503	0.285	0.201	0.084
Abhd17b	3.81417808594785e-07	-0.333670416475444	0.00683424429440136	0.473	0.509	0.036
Sp4	3.8640970489469e-07	-0.565651222237206	0.00692368909230306	0.157	0.204	0.047
Pds5b	4.33302996437854e-07	0.833610076215848	0.00776392309017347	0.106	0.056	0.05
Gpbp1l1	4.34535448620023e-07	0.959640643783401	0.00778600616837358	0.134	0.078	0.056
Foxp1	4.97190899569434e-07	0.208699350544165	0.00890866653848512	0.418	0.341	0.077
Pak1	5.16125845024341e-07	-0.17539290392689	0.00924794289114614	0.78	0.771	0.00900000000000001
Hapln2	5.1910022753341e-07	-0.382520638844276	0.00930123787694364	0.388	0.445	0.057
Ext1	5.45480903147284e-07	0.375225833280973	0.00977392682259303	0.256	0.188	0.068
Rbm25	5.81570106661931e-07	-0.245788200924112	0.0104205731711685	0.43	0.448	0.018
Armc8	5.99830681610588e-07	0.781196079752361	0.0107477661530985	0.146	0.088	0.058
Phf21a	6.53351779074624e-07	0.159855827060418	0.0117067571774591	0.257	0.201	0.056
Srrm2	6.77293909965675e-07	0.353806810016847	0.012135752278765	0.312	0.231	0.081
Sos2	7.06250003992737e-07	0.858923721941009	0.0126545875715419	0.111	0.061	0.05
Hnrnph1	7.50986588761377e-07	0.933743149357877	0.0134561776974264	0.1	0.051	0.049
Aopep	8.2663328048722e-07	0.193087673985419	0.01481161511977	0.42	0.338	0.082
Rprd2	8.31135033300251e-07	0.738212277694749	0.0148922775266739	0.146	0.088	0.058
Lrrc8d	8.48209842047596e-07	0.368868882669235	0.0151982239498088	0.35	0.267	0.083
Tle1	9.02148605789739e-07	0.657626336797338	0.0161646987185405	0.2	0.129	0.071
Sltm	1.00983546131329e-06	-0.160061107701992	0.0180942317958115	0.417	0.406	0.011
Cnot2	1.05789070472813e-06	0.665352770697212	0.0189552856473187	0.181	0.113	0.068
Rbm5	1.06865737029671e-06	-0.222169079312068	0.0191482027609765	0.317	0.328	0.011
Nrd1	1.09474274943919e-06	-0.261379529015008	0.0196156005844515	0.275	0.288	0.013
Foxn3	1.09855321362959e-06	0.131569071007821	0.019683876481815	0.691	0.613	0.078
Spen	1.21882184647578e-06	0.857395808355881	0.021838849845153	0.115	0.067	0.048
Scd2	1.25947864113177e-06	0.303887501311282	0.022567338291799	0.552	0.458	0.094
Nr6a1	1.44703909423417e-06	0.616420887465078	0.0259280464904879	0.132	0.079	0.053
Mta3	1.4675303518284e-06	-0.371451486008826	0.0262952088440612	0.281	0.309	0.028
Adam22	1.53576357354634e-06	0.408511536822687	0.0275178117108032	0.106	0.067	0.039
Bltp1	1.55301266983681e-06	0.474758243907064	0.0278268810181359	0.218	0.148	0.07
Arhgef11	1.67442187763171e-06	0.779233663931246	0.0300022912034049	0.156	0.096	0.06
Ctif	1.73007138903557e-06	0.705585179070823	0.0309994191487393	0.168	0.113	0.055
Ppp2r5e	1.81489537065966e-06	0.65262844623355	0.0325192952514798	0.147	0.09	0.057
Mob2	1.97201069987012e-06	0.793063973128845	0.0353344877202727	0.122	0.069	0.053
Supt3	1.97602660757087e-06	0.611981860783839	0.0354064447544549	0.215	0.152	0.063
Gpm6b	2.03207186310308e-06	-0.135991863085878	0.0364106636430811	0.78	0.779	0.001
Abcc5	2.03580495421721e-06	0.456639749138976	0.0364775531696639	0.257	0.183	0.074
Dnajc13	2.06803109928131e-06	0.813687156585585	0.0370549812369225	0.127	0.075	0.052
Ddx17	2.14268293778944e-06	-0.226359102418793	0.0383925928793111	0.548	0.567	0.0189999999999999
Ash1l	2.17918121780285e-06	0.449123618998707	0.0390465690605915	0.244	0.173	0.071
Wdfy3	2.42891308857002e-06	-0.158260979185368	0.0435212647209976	0.259	0.249	0.01
Ubl3	2.47104423583366e-06	0.535860241874389	0.0442761706176675	0.167	0.107	0.06
Cxxc5	2.67266092878143e-06	0.650758328009584	0.0478887385219057	0.145	0.09	0.055
Ptch1	2.71499098168956e-06	0.800151376171349	0.0486472084099135	0.13	0.074	0.056
Smg1	2.71883168143711e-06	0.567045596964867	0.0487160260679901	0.149	0.093	0.056
Prkn	2.796357580066e-06	-0.205116856220473	0.0501051351196227	0.645	0.653	0.00800000000000001
Nfatc3	2.87670265190751e-06	0.628696799487745	0.0515447581168788	0.181	0.133	0.048
Chchd3	3.11103475584556e-06	0.760453275087044	0.0557435207552407	0.147	0.088	0.059
Plxnb3	3.12500990412727e-06	0.497596052732119	0.0559939274621524	0.262	0.187	0.075
Kif21a	3.13159042454177e-06	-0.219689165679502	0.0561118372269395	0.648	0.656	0.00800000000000001
Swt1	3.19053711043788e-06	0.751524889355195	0.057168043944826	0.146	0.094	0.052
Npepps	3.25208378505537e-06	-0.222542723323279	0.0582708372606221	0.368	0.388	0.02
Rnf144a	3.57613567510954e-06	-0.479746666670704	0.0640771990266127	0.163	0.189	0.026
Gab1	3.5918018708454e-06	0.195096204859013	0.0643579059218079	0.726	0.647	0.079
Nbea	3.74390480903586e-06	-0.119792658887711	0.0670832863683046	0.791	0.768	0.023
Aatf	3.82119888821782e-06	0.572684783688148	0.068468241679087	0.167	0.107	0.06
Sbf1	3.87762072263054e-06	-0.353558119582743	0.069479208108094	0.213	0.234	0.021
Dnm2	3.9128957318448e-06	-0.34853690907151	0.0701112657231952	0.257	0.284	0.027
Slc6a6	4.01750892712305e-06	0.573138148134527	0.0719857249561909	0.194	0.131	0.063
Ccser2	4.09874991802293e-06	0.489643155119144	0.0734414010311348	0.182	0.12	0.062
Srgap3	4.1982600896288e-06	0.803965201210211	0.0752244242859689	0.126	0.077	0.049
Tnfaip6	4.28609601244395e-06	-0.433110843393487	0.0767982683509707	0.267	0.306	0.039
Hnrnpr	4.63981180559209e-06	0.507916677235297	0.083136147932599	0.151	0.099	0.052
Upf3b	4.68007792132568e-06	-0.386049401257238	0.0838576361943135	0.135	0.151	0.016
Magi2	4.93333336087771e-06	-0.132289461929412	0.0883954671602069	0.998	0.996	0.002
Mast3	5.09274051068661e-06	-0.306851791576344	0.0912517244704826	0.489	0.53	0.041
Oxr1	5.26890981581935e-06	-0.412954564539938	0.0944083260798512	0.29	0.352	0.062
Gtf3c2	5.3043491048274e-06	-0.382016276726922	0.0950433272602974	0.139	0.156	0.017
Gramd1b	5.31430372935159e-06	0.455786268192767	0.0952216942225218	0.121	0.077	0.044
Tfdp2	5.63518509938212e-06	0.408307277979363	0.100971246610729	0.279	0.205	0.074
Ufl1	5.7470623216451e-06	-0.388502787416334	0.102975862679237	0.105	0.119	0.014
Adamts4	5.87091543887463e-06	0.225600920804233	0.105195062833756	0.193	0.145	0.048
Nr3c1	6.12020378906224e-06	0.252486103804563	0.109661811492417	0.282	0.215	0.067
Ppp1cc	6.31267329049865e-06	-0.297570633729233	0.113110480019155	0.283	0.293	0.01
Atp9b	6.33857988051938e-06	0.335765541107566	0.113574674299146	0.137	0.094	0.043
Rbm26	6.47158118686514e-06	0.300492836512927	0.11595779170625	0.183	0.136	0.047
Ubn2	6.53706119545837e-06	0.292789337342852	0.117131062500223	0.315	0.244	0.071
Lrrc4b	6.59404110330847e-06	0.653540111807562	0.118152028489081	0.137	0.087	0.05
Phkb	6.85723388044728e-06	0.580949285352615	0.122867916669854	0.196	0.131	0.065
Zfand5	6.90083876189608e-06	0.674723577462336	0.123649228935654	0.139	0.085	0.054
Rapgef6	6.96637886734657e-06	-0.120289329650757	0.124823576545116	0.147	0.132	0.015
Brwd1	7.10798317222238e-06	0.409130626337342	0.127360842479881	0.289	0.218	0.071
Cnot1	7.25385124512255e-06	0.511395620163544	0.129974506610106	0.215	0.148	0.067
Plekha5	7.5218215732374e-06	0.340173283488746	0.134775998949268	0.228	0.172	0.056
Nktr	7.70669704981529e-06	0.327450994323455	0.13808859773859	0.315	0.24	0.075
Arid1a	7.77186864888749e-06	0.569637443513156	0.139256342450766	0.197	0.133	0.064
Mtss1	7.91834511959436e-06	0.13148102987746	0.141880907852892	0.29	0.235	0.055
Dennd4a	8.02016510019965e-06	-0.206851789928244	0.143705318265377	0.219	0.229	0.01
Tnrc6b	8.18733627056898e-06	0.167850299558713	0.146700691296055	0.345	0.282	0.063
Nsd3	8.37505235251106e-06	0.412741191612251	0.150064188052293	0.244	0.177	0.067
Csmd3	8.40504863978614e-06	-0.127975889493558	0.150601661527688	0.903	0.884	0.019
Zmym2	8.72101691327146e-06	0.463545962672749	0.156263181051998	0.191	0.131	0.06
Gas7	8.73171836926341e-06	0.293935632398483	0.156454929740462	0.467	0.387	0.08
Thsd7a	8.92476657594545e-06	0.481438558851581	0.159913967507791	0.239	0.174	0.065
Cwf19l2	9.19311313963917e-06	-0.383261284719842	0.164722201236055	0.115	0.131	0.016
Ephb1	9.35650167196805e-06	0.10794651238472	0.167649796958324	0.636	0.561	0.075
Kif3c	9.72485129448416e-06	-0.358754519850864	0.174249885494567	0.199	0.221	0.022
Arhgef12	1.03216303714127e-05	0.28815225251077	0.184942972994972	0.275	0.211	0.064
Nxpe4	1.05616500605069e-05	-0.727867588230051	0.189243645784163	0.086	0.12	0.034
Lrrc1	1.08416010429519e-05	0.30107908936493	0.194259807487611	0.222	0.165	0.057
Sez6l2	1.09227597298949e-05	-0.125691133656832	0.195714008840256	0.41	0.394	0.016
Huwe1	1.13542958243718e-05	0.332057966134412	0.203446272581095	0.301	0.229	0.072
Kif5b	1.16561809399344e-05	-0.230984647346389	0.208855450081745	0.204	0.211	0.00700000000000001
Nckap1	1.19509049211973e-05	0.29133454602832	0.214136314378013	0.266	0.202	0.064
Ints3	1.20660848850255e-05	0.776510705024755	0.216200108969887	0.105	0.066	0.039
Thrap3	1.213092999717e-05	-0.101032665344917	0.217362003689292	0.124	0.115	0.00899999999999999
Krit1	1.23825003114785e-05	-0.304334490258964	0.221869640581073	0.205	0.219	0.014
Unc5c	1.25405632135219e-05	-0.178062252074332	0.224701811659885	0.798	0.8	0.002
Creb1	1.31979396653215e-05	-0.286136572737724	0.236480682923231	0.208	0.231	0.023
H2aj	1.35488725590792e-05	-0.617876512415776	0.242768698513582	0.118	0.151	0.033
Grik4	1.47900554932302e-05	0.556581226311642	0.265008214327699	0.162	0.112	0.05
Cd81	1.5277460752657e-05	-0.357608264359693	0.273741541766108	0.134	0.151	0.017
Fxr1	1.632150289345e-05	0.521283857530914	0.292448688844837	0.224	0.158	0.066
Scfd1	1.66206265110815e-05	0.833920924379801	0.297808385825559	0.117	0.07	0.047
Man2a2	1.66663052995874e-05	0.601503292789263	0.298626858358006	0.163	0.112	0.051
Dtna	1.67474095021851e-05	0.136954857400661	0.300080083460152	0.5	0.431	0.069
Vps13d	1.74355829029213e-05	0.797309700564093	0.312410774454544	0.109	0.063	0.046
Kcnab1	1.76921536787495e-05	-0.508321778949371	0.317008009615833	0.213	0.284	0.071
Fgfr2	1.80877739053886e-05	-0.138929032043972	0.324096732836752	0.839	0.828	0.011
Pias2	1.92111459782794e-05	0.74395367068937	0.34422531363881	0.128	0.081	0.047
Sap130	1.94438423102745e-05	0.668606647182604	0.348394766515499	0.139	0.085	0.054
Ep300	1.95306137114597e-05	0.292137377144201	0.349949536481934	0.123	0.088	0.035
Folh1	1.95864236200749e-05	-0.115966245073356	0.350949538424502	0.309	0.287	0.022
Zmynd11	1.96478255430366e-05	0.661989312504539	0.35204973808013	0.101	0.059	0.042
Fer	2.04183996599771e-05	0.677048648426115	0.365856885107469	0.154	0.103	0.051
Acaca	2.06493547914733e-05	-0.171119218810402	0.369995139153619	0.593	0.59	0.003
Adipor2	2.06526983924218e-05	-0.263885670242765	0.370055049795414	0.583	0.634	0.051
Plaat3	2.06643316846787e-05	0.10857241437935	0.370263495126072	0.326	0.279	0.047
Rab11fip4	2.06755774074288e-05	0.777281561822295	0.370464995986309	0.115	0.071	0.044
Pias1	2.07982499137386e-05	0.615582045343454	0.372663041954368	0.162	0.108	0.054
Pbx3	2.09608980139822e-05	0.415890697899064	0.375577370614533	0.191	0.133	0.058
Sort1	2.10590873382995e-05	0.304565989748743	0.37733672692765	0.426	0.346	0.08
Garem1	2.17264069219087e-05	0.697098131590691	0.389293759226761	0.137	0.086	0.051
Hdac8	2.20084216735998e-05	0.323047011723562	0.394346899547561	0.107	0.074	0.033
Ston2	2.32657699404344e-05	0.247070583358073	0.416876065792704	0.239	0.181	0.058
Grm3	2.41766672310374e-05	-0.137979760318508	0.433197523445728	0.844	0.827	0.017
Stx8	2.42220484138343e-05	0.599739942383304	0.434010663479084	0.142	0.102	0.04
Efr3b	2.54478150213902e-05	0.70779378559247	0.45597394955327	0.131	0.081	0.05
Kif1a	2.60522606391692e-05	0.578876954365705	0.466804406132634	0.154	0.105	0.049
Arhgap39	2.61194512798847e-05	-0.208280224084253	0.468008328032974	0.371	0.365	0.00600000000000001
Ank2	2.62444434076574e-05	-0.101049264994295	0.470247936978406	0.968	0.958	0.01
9330159F19Rik	2.62777590138359e-05	-0.390501206601902	0.470844886009912	0.149	0.176	0.027
Umad1	2.66102919829e-05	0.305444790172427	0.476803211749603	0.196	0.146	0.05
Auh	2.66720302142906e-05	0.63023554202583	0.477909437379659	0.122	0.075	0.047
Tmtc2	2.75225927823326e-05	-0.182957984999212	0.493149817473835	0.623	0.619	0.004
Tspan14	2.75287587237927e-05	-0.114642193511934	0.493260298812917	0.203	0.185	0.018
Phactr3	2.76907872874386e-05	0.310638589676618	0.496163526616325	0.208	0.154	0.054
Desi2	2.79620905727151e-05	0.72382401597097	0.50102473888191	0.101	0.059	0.042
Arhgef10	2.83522245276699e-05	-0.258182462758362	0.50801515908679	0.482	0.513	0.031
Sptbn1	2.84088781803423e-05	0.176066575697754	0.509030279235373	0.438	0.365	0.073
Dnajc6	2.92010900792201e-05	0.431391616668325	0.523225132039465	0.235	0.174	0.061
Srebf2	2.93288321377346e-05	0.48169699920308	0.525514014243929	0.176	0.137	0.039
Itpk1	2.98090141698884e-05	-0.307956997706612	0.534117915896061	0.366	0.399	0.033
Papola	3.00451659977666e-05	0.538031921950697	0.538349284347981	0.151	0.099	0.052
Phf20l1	3.02755397850021e-05	0.319848379396125	0.542477121867667	0.125	0.088	0.037
Tmcc3	3.03948342437487e-05	0.18630613581139	0.54461463997949	0.585	0.508	0.077
Atrx	3.09497818048682e-05	0.246290126248357	0.554558190379628	0.312	0.25	0.062
Coro1c	3.11950680881189e-05	-0.394974639725157	0.558953230002915	0.169	0.183	0.014
Syncrip	3.12261081370203e-05	0.275832190680397	0.559509405599129	0.119	0.086	0.033
Ldlrad3	3.15826616598275e-05	0.231046372816069	0.565898131620789	0.273	0.217	0.056
Agmo	3.17588003183502e-05	-0.41378655540325	0.569054184104199	0.215	0.236	0.021
Pik3r1	3.19012798858217e-05	-0.167156467898183	0.571607132994153	0.465	0.458	0.00700000000000001
Mecp2	3.21806249332323e-05	-0.192397183635145	0.576612437553656	0.203	0.196	0.00700000000000001
Hace1	3.36410165033041e-05	0.593692948888304	0.602779733706203	0.103	0.063	0.04
Mdga2	3.55059015886182e-05	-0.158967122198461	0.63619474466486	0.894	0.895	0.001
Luc7l3	3.60362973921253e-05	0.262321814714008	0.645698376672102	0.254	0.195	0.059
Ugp2	3.6614292399814e-05	0.555106765125853	0.656054891219867	0.226	0.167	0.059
Riok3	3.70258854234927e-05	0.642320182775447	0.663429815018141	0.149	0.096	0.053
Ppp1r12b	3.76524466923658e-05	0.71678391688741	0.674656539833811	0.126	0.079	0.047
Rab31	3.95091024503209e-05	-0.235530102306909	0.707924097704849	0.574	0.586	0.012
Hcn2	4.01148939958224e-05	0.32480776599442	0.718778670617146	0.286	0.221	0.065
Tmem132b	4.18964600452651e-05	0.6140380576247	0.750700771091059	0.141	0.099	0.042
Taok1	4.19606028579954e-05	0.153726870389344	0.751850082009561	0.142	0.112	0.03
Pkn2	4.20906059888034e-05	0.53460978191931	0.75417947810738	0.142	0.094	0.048
Mapk6	4.24852126136884e-05	0.152287356569853	0.761250039612068	0.114	0.088	0.026
Tuba1a	4.27888395288309e-05	0.185145841356215	0.766690426677592	0.107	0.083	0.024
Avl9	4.54912087492383e-05	0.813722267966064	0.815111478368852	0.1	0.056	0.044
Usp32	4.55228835473276e-05	0.629922648981388	0.815679027401015	0.171	0.114	0.057
Rufy3	4.61818487016695e-05	0.203490850364722	0.827486365036514	0.16	0.125	0.035
Hnrnpu	4.90338153000558e-05	-0.160767230818145	0.8785879025464	0.243	0.24	0.003
Usp31	4.93585365736685e-05	0.259491807550758	0.884406258326992	0.419	0.343	0.076
Tbl1xr1	5.1434597299399e-05	0.312439690373254	0.921605114410631	0.303	0.237	0.066
Fbxo7	5.24235971787719e-05	-0.278754219578315	0.939326014249236	0.288	0.306	0.018
Bcl9	5.25252636534993e-05	0.283094710521355	0.9411476741434	0.245	0.189	0.056
Synj2	5.40745788813175e-05	0.137880032289127	0.968908304395447	0.482	0.414	0.068
Ptma	5.48487696708454e-05	0.304546690537395	0.982780254962208	0.232	0.178	0.054
Usp54	5.50211318995529e-05	-0.215634590595214	0.985868641376188	0.592	0.604	0.012
Faf1	5.59602054595722e-05	0.238229201515542	1	0.189	0.143	0.046
Cntn3	5.60518427436622e-05	0.43703469677436	1	0.222	0.163	0.059
Rspry1	5.65482408839304e-05	0.660436955099305	1	0.137	0.093	0.044
Plekhg1	5.68750815302062e-05	0.130940198610593	1	0.692	0.624	0.0679999999999999
Acox1	5.94735314983394e-05	-0.472893664384372	1	0.174	0.214	0.04
B3galt5	5.9655886111857e-05	-0.344890017838164	1	0.216	0.239	0.023
Map4k4	6.12113458113021e-05	0.161616064431122	1	0.575	0.499	0.076
Myo6	6.14398475890809e-05	-0.158850499421291	1	0.647	0.648	0.001
Phf3	6.21485453205377e-05	0.239993785861826	1	0.256	0.202	0.054
Mindy3	6.27711884711165e-05	0.681811401155423	1	0.122	0.078	0.044
Pafah1b2	6.32462353165524e-05	0.627961411394304	1	0.163	0.114	0.049
Hecw2	6.46799191262762e-05	-0.151094213776631	1	0.773	0.779	0.00600000000000001
Exoc4	6.49379016009656e-05	-0.207485445440697	1	0.47	0.489	0.019
Wdr20	6.67972148607044e-05	-0.157770900231902	1	0.319	0.308	0.011
Trps1	6.68756694981862e-05	0.406693904099272	1	0.307	0.242	0.065
Slc1a3	6.77830115194668e-05	-0.358401274901334	1	0.234	0.253	0.019
Nisch	6.80712723151952e-05	0.113240603572731	1	0.112	0.091	0.021
Specc1l	6.91972480200676e-05	0.712586618755311	1	0.11	0.072	0.038
Rhot1	6.94930089190776e-05	0.608709195647786	1	0.151	0.1	0.051
Phf12	7.01442310900092e-05	0.435206971730408	1	0.135	0.091	0.044
9930021J03Rik	7.22770935975162e-05	0.58679898383019	1	0.173	0.115	0.058
Jmjd1c	7.38587223029551e-05	0.35335883459126	1	0.264	0.204	0.06
Ncoa1	7.4076951211278e-05	0.326495856736582	1	0.198	0.148	0.05
Stard13	7.58180742797832e-05	-0.284288725436503	1	0.505	0.529	0.024
Aftph	7.67366265630284e-05	0.547938507645356	1	0.119	0.077	0.042
Inpp5a	7.75609699304241e-05	0.673579354549988	1	0.166	0.114	0.052
Dock9	7.95248938026602e-05	-0.100641496491735	1	0.611	0.588	0.023
Mog	7.9893794212556e-05	-0.182715030418399	1	0.728	0.734	0.00600000000000001
Crebrf	8.00072793135347e-05	0.330489748581475	1	0.242	0.182	0.06
Slc16a7	8.16647294542179e-05	0.500379578078829	1	0.187	0.133	0.054
Atr	8.42086515359753e-05	-0.394265374055611	1	0.102	0.115	0.013
Tcf20	8.52674265293617e-05	0.542897888928239	1	0.173	0.123	0.05
Ppp2r5a	8.64674345253241e-05	0.411683927108707	1	0.306	0.24	0.066
Msl2	8.74477741893711e-05	0.801603917625476	1	0.105	0.062	0.043
Mbd5	8.80489185148876e-05	-0.331024531661234	1	0.251	0.272	0.021
Cyld	8.88078467294784e-05	-0.241013172534471	1	0.179	0.181	0.002
Soga3	8.93992610203359e-05	0.486781754913158	1	0.178	0.126	0.052
Pik3c2b	9.32042630857133e-05	0.279307036224445	1	0.447	0.375	0.072
Paqr8	9.69487209138159e-05	0.596079739549681	1	0.151	0.105	0.046
Cop1	9.72495411432463e-05	0.529744178863419	1	0.199	0.144	0.055
Ylpm1	9.91296476431539e-05	0.401847309106431	1	0.135	0.095	0.04
Ctnnal1	9.99399435953858e-05	-0.158100062656655	1	0.132	0.124	0.00800000000000001
Uso1	0.000100547160401667	0.698731878920728	1	0.106	0.064	0.042
Atg4c	0.000100880058508089	-0.38735687314664	1	0.295	0.343	0.048
Bin1	0.000104622962415276	-0.135151397317354	1	0.78	0.758	0.022
Rap1gds1	0.000108202620626329	0.462317717985491	1	0.214	0.155	0.059
Pakap	0.000109193517973693	-0.191520781967376	1	0.673	0.683	0.01
Epb41l3	0.000110922166292919	-0.158636034408614	1	0.482	0.475	0.00700000000000001
Frmd4b	0.000111196431380761	0.130289386544463	1	0.826	0.768	0.0579999999999999
Csnk2a1	0.000118156209929698	0.710523110848146	1	0.113	0.069	0.044
Mipol1	0.000118846861806524	0.769546428975926	1	0.101	0.063	0.038
Flnb	0.000120058083548656	0.47244685119057	1	0.206	0.148	0.058
Tcp11l1	0.000125955661814513	0.598655939816943	1	0.141	0.091	0.05
Zfp608	0.000129606726705877	0.25327339633981	1	0.347	0.283	0.064
Pacrg	0.000131409392005667	-0.181776044430136	1	0.499	0.49	0.00900000000000001
Dmtf1	0.00014203872508993	-0.338039290949236	1	0.114	0.127	0.013
Carns1	0.000143426436606616	0.123953513607319	1	0.219	0.179	0.04
Gna12	0.000145748395172748	0.187486014144026	1	0.486	0.417	0.069
Aatk	0.000145910681819103	0.100940557668426	1	0.639	0.576	0.0630000000000001
Vldlr	0.000147946903083933	0.188805524407135	1	0.25	0.2	0.05
Slc25a12	0.000153833341626111	0.517178835868898	1	0.15	0.105	0.045
Znrf3	0.000153970119167782	0.450694172568132	1	0.114	0.076	0.038
Uvrag	0.000157530524821249	0.574555708284556	1	0.159	0.119	0.04
Kcnj10	0.000158317124704582	0.396210244624235	1	0.194	0.141	0.053
Nup98	0.00015841746069499	0.558953198105331	1	0.136	0.094	0.042
Zfand6	0.000161814829474169	0.265713427565991	1	0.321	0.26	0.061
Ptprm	0.000162362669986891	0.506953402052907	1	0.162	0.111	0.051
Ptp4a2	0.000165241304421599	0.37155161803573	1	0.153	0.11	0.043
Hnrnpl	0.00016550526161963	-0.292904786323649	1	0.125	0.133	0.00800000000000001
Igf1r	0.000166288866045805	0.242062477610194	1	0.4	0.332	0.068
Efnb3	0.000169561282074707	-0.20350762184999	1	0.313	0.317	0.004
Stk39	0.000175303840408129	0.190084253289882	1	0.329	0.27	0.059
Otulin	0.000175897632049214	-0.225043793321962	1	0.153	0.155	0.002
Zcchc7	0.000178291522929369	-0.187237944057564	1	0.594	0.605	0.011
Eif4h	0.000186815779162912	-0.154715222544734	1	0.107	0.104	0.003
Phf20	0.000195063647261036	-0.198305142030409	1	0.196	0.2	0.004
Zdhhc14	0.000195411421013484	0.159498416207996	1	0.743	0.681	0.0619999999999999
Srsf5	0.000196263313523806	0.39883866880139	1	0.203	0.149	0.054
Myo1d	0.000201187286050473	0.101821938605345	1	0.686	0.621	0.0650000000000001
Ppp2r2a	0.000203048884682953	-0.128684293038656	1	0.473	0.463	0.00999999999999995
Megf10	0.000203154182318415	0.153304069928827	1	0.457	0.393	0.064
Trpm7	0.00020565552432586	0.267387505350154	1	0.332	0.27	0.062
Thoc2l	0.000209048601510145	-0.612819358680843	1	0.109	0.149	0.04
Enox1	0.000212642754972993	-0.143090255028913	1	0.69	0.69	0
Parp8	0.000212943354185036	-0.176042235365092	1	0.173	0.17	0.00299999999999997
Hnrnpdl	0.000213849147957278	0.245185160501451	1	0.268	0.214	0.054
Paxbp1	0.000217065576583526	0.641245565446077	1	0.105	0.067	0.038
Nek7	0.000225484962275963	0.239526924747669	1	0.204	0.158	0.046
Otud7b	0.000234228836963693	-0.154976747147375	1	0.691	0.694	0.003
1700025G04Rik	0.000237363603025743	0.458135090617011	1	0.196	0.144	0.052
Neo1	0.000245107561181091	-0.142251246942179	1	0.527	0.528	0.001
Aspa	0.000252015042557075	-0.179089555891813	1	0.768	0.774	0.00600000000000001
Mbtd1	0.000255734725730732	0.292313892769426	1	0.225	0.172	0.053
Dbi	0.000256541268098618	0.137835027082444	1	0.141	0.111	0.03
Arhgap5	0.000256662427581623	0.144172403700395	1	0.365	0.309	0.056
Rc3h2	0.000258825175275922	0.134631253329251	1	0.112	0.089	0.023
Atp11a	0.000259642246236073	-0.110659279489297	1	0.322	0.304	0.018
Clk1	0.000259940822621106	-0.171953405946856	1	0.281	0.284	0.00299999999999995
St3gal3	0.000264303686242508	-0.113488489107265	1	0.332	0.322	0.01
Ubr3	0.000266012093941159	0.362002910047207	1	0.235	0.176	0.059
Padi2	0.000268758540354141	0.234323240451142	1	0.17	0.128	0.042
Mau2	0.000270860984630166	0.525458551610512	1	0.143	0.11	0.033
Slc38a6	0.000276965576971262	-0.182505851740374	1	0.142	0.141	0.001
Eml6	0.000277841235421237	0.329408725282745	1	0.209	0.156	0.053
Birc6	0.000287395124456539	-0.217794458103879	1	0.277	0.292	0.015
Gphn	0.000292402665522342	-0.14952167606375	1	0.795	0.812	0.017
Marf1	0.000293633427373209	-0.292486594597431	1	0.136	0.146	0.00999999999999998
Marchf1	0.000300333703128277	0.15504669310629	1	0.83	0.785	0.0449999999999999
Cdk13	0.000314711186900456	0.322656820461874	1	0.189	0.143	0.046
Xrn1	0.000324745511265417	0.324038532883728	1	0.185	0.14	0.045
Cog5	0.000325824272804088	-0.223080810555671	1	0.261	0.268	0.00700000000000001
Mtmr2	0.000329334263162867	-0.258756757897653	1	0.281	0.301	0.02
Reep3	0.000331951418172292	0.531347521538692	1	0.16	0.118	0.042
Dyrk1a	0.000341586699938201	0.367341648663935	1	0.218	0.165	0.053
Fkbp1a	0.000344197682692161	0.211554140850183	1	0.165	0.129	0.036
Epc1	0.000344413663081144	0.230247198492931	1	0.291	0.236	0.055
Pla2g4a	0.000345410469925873	0.290552203330402	1	0.174	0.129	0.045
Trappc9	0.000348614239109649	0.432647613825777	1	0.132	0.091	0.041
Nrbp2	0.000354600758294271	-0.134628245881234	1	0.483	0.469	0.014
Cmip	0.000354696194281181	0.473943827999302	1	0.174	0.125	0.049
Srcap	0.000360578213031017	0.557374373554754	1	0.153	0.108	0.045
Fbxo11	0.000369302493982505	0.426266671221614	1	0.227	0.173	0.054
Zdhhc17	0.000374613465758303	0.679063129080642	1	0.124	0.08	0.044
Slc6a1	0.000375153198795731	-0.659168681349945	1	0.074	0.109	0.035
Camkmt	0.000378449505540891	-0.113942263775713	1	0.294	0.281	0.013
Ugt8a	0.0003869326070777	0.182832933802469	1	0.793	0.738	0.055
Chp1	0.000395492042427339	-0.421171030868777	1	0.096	0.114	0.018
Cnp	0.000395894942617	0.395053038065903	1	0.254	0.194	0.06
Ptprk	0.000399018073634858	-0.17164808587936	1	0.789	0.801	0.012
Dcp1b	0.000404318309418714	0.151909739058095	1	0.14	0.11	0.03
Ube2b	0.000404498772954231	0.368422315147099	1	0.199	0.15	0.049
Zfp639	0.000413651309060276	0.527582818394696	1	0.104	0.067	0.037
Slc8a3	0.000418056417938527	0.347527441147965	1	0.241	0.194	0.047
Myo9a	0.000426536448049816	0.168108882168201	1	0.356	0.3	0.056
Synrg	0.000427772280505946	0.501786652786717	1	0.166	0.12	0.046
Rapgef1	0.000435478952684117	0.460152495266843	1	0.113	0.077	0.036
Lama2	0.000438178483661812	-0.285791046146649	1	0.4	0.419	0.019
Pam	0.000438232388186644	-0.102533201563612	1	0.167	0.145	0.022
Nbas	0.000441934662299568	-0.215111000671208	1	0.712	0.73	0.018
Agtpbp1	0.000443569909335038	0.156680019844376	1	0.259	0.213	0.046
Scaf8	0.000451356982869769	0.186594571802119	1	0.192	0.154	0.038
Ccdc50	0.000457107947207905	-0.223023841519719	1	0.348	0.36	0.012
Prima1	0.000457559108779662	0.111084040007048	1	0.231	0.192	0.039
Pls1	0.000461513060127367	-0.145871084712887	1	0.425	0.407	0.018
Cpsf7	0.000463417395322743	-0.368058718342281	1	0.099	0.113	0.014
Galnt5	0.00046523019830002	-0.681989011753487	1	0.076	0.102	0.026
Exoc5	0.000474613089579222	0.384995870545109	1	0.175	0.129	0.046
Cyp2j12	0.000477729878426833	0.303951707920075	1	0.267	0.212	0.055
Arrdc3	0.0004898453892793	-0.289083668366846	1	0.288	0.325	0.037
Psat1	0.00049409039017925	-0.418303761674923	1	0.137	0.161	0.024
Prpf40a	0.000506004249138295	0.374720095111283	1	0.201	0.151	0.05
Kif21b	0.000524144123495406	-0.430166390167768	1	0.099	0.11	0.011
Tmem87a	0.000547116504464704	-0.435897912564882	1	0.098	0.12	0.022
Acss2	0.000549800737183972	-0.262107582841374	1	0.101	0.104	0.00299999999999999
Mettl7a1	0.000570179266196608	-0.372032245541953	1	0.188	0.216	0.028
Olig1	0.000570215464867346	-0.432070977334216	1	0.092	0.106	0.014
Ppm1a	0.000582239550942317	-0.134396287689845	1	0.103	0.091	0.012
Ank	0.000601849171482007	0.241995836303998	1	0.51	0.439	0.071
Arid1b	0.000629356786716088	0.183545357042077	1	0.32	0.268	0.052
Lcor	0.000637084078685064	0.321647506617733	1	0.224	0.175	0.049
Aplp2	0.000640699307723382	-0.629969581430912	1	0.088	0.116	0.028
Gatad2b	0.000650134722121864	0.235477116334622	1	0.328	0.268	0.06
Eps15	0.00065254986487071	-0.1445163468302	1	0.414	0.412	0.002
Cyb5b	0.000669059186185956	0.513916765498883	1	0.11	0.072	0.038
Phip	0.000670911282776713	0.300774532061092	1	0.302	0.245	0.057
Dock1	0.000679224254139923	0.127325074031297	1	0.675	0.617	0.0580000000000001
Emsy	0.000685450351535211	0.21909691798995	1	0.118	0.091	0.027
Ago3	0.000687690255055057	0.248981654591133	1	0.355	0.292	0.063
Ckap5	0.000742032663136256	0.329785623927664	1	0.243	0.19	0.053
Ubr1	0.000746114696715761	-0.1232929312115	1	0.202	0.197	0.005
Fam228b	0.00074834448937876	-0.383450873224307	1	0.16	0.183	0.023
Klc1	0.000753785861446563	0.375732044823173	1	0.134	0.098	0.036
Cblb	0.000764748146062647	0.550095237317642	1	0.153	0.11	0.043
Ddr1	0.000774411036611956	-0.276838478980288	1	0.39	0.424	0.034
Dctn4	0.000776404643266856	0.339601226058282	1	0.223	0.17	0.053
Dgkd	0.000790931884254889	0.604672859968347	1	0.123	0.083	0.04
Zfp182	0.000791403496184724	-0.287767784829801	1	0.178	0.193	0.015
Slc8a1	0.000796089466566619	-0.10187042167682	1	0.766	0.754	0.012
Scfd2	0.000818221134881322	-0.483933146870227	1	0.131	0.161	0.03
Extl3	0.000825432752253079	-0.378853661546657	1	0.137	0.154	0.017
Xrn2	0.000864051344169164	0.455753188946475	1	0.172	0.124	0.048
Ikzf2	0.000885039686089138	-0.420157483222531	1	0.188	0.228	0.04
Pcdh15	0.00090100886563302	-0.769274703850811	1	0.099	0.137	0.038
St7l	0.000903996672519743	0.509889722547461	1	0.164	0.119	0.045
Arih2	0.00091625494205138	-0.271636064251285	1	0.107	0.115	0.00800000000000001
Sf3b1	0.000942488687824698	-0.196123258933387	1	0.141	0.145	0.004
Lrig3	0.000947538317959575	0.520693328820229	1	0.128	0.088	0.04
Nek1	0.000950456080163322	0.356958591027901	1	0.131	0.097	0.034
Pik3c2a	0.000980970687691263	-0.144218392558635	1	0.129	0.122	0.00700000000000001
Phf14	0.000992180217860178	-0.354360785138943	1	0.246	0.287	0.041
Hipk3	0.000995353064393352	0.549993431937763	1	0.102	0.07	0.032
Sytl2	0.000997274109640239	-0.131938978723204	1	0.629	0.615	0.014
Usp48	0.00099977743727702	0.303992958275881	1	0.198	0.149	0.049
Kmt2a	0.00101341860148981	0.367408060315654	1	0.105	0.074	0.031
Xpo6	0.00101861785148151	0.503457531986679	1	0.161	0.117	0.044
Med13l	0.0010193701641406	0.395597336469404	1	0.118	0.084	0.034
Cep97	0.00104436765548996	0.115835561865131	1	0.329	0.281	0.048
Immt	0.00104882152177492	-0.116998820885545	1	0.14	0.137	0.003
Nudcd3	0.00106197665199063	0.291344147827749	1	0.134	0.102	0.032
Vezf1	0.00106618727044753	0.687506202881271	1	0.104	0.069	0.035
Dhdds	0.00106815461314608	0.50502981474417	1	0.109	0.075	0.034
Gria4	0.00108519420639249	-0.332649599167561	1	0.176	0.183	0.00700000000000001
Slc9a9	0.00108684109545514	0.244322083613607	1	0.37	0.312	0.058
Mvb12b	0.00109349681537479	0.219289052832975	1	0.234	0.191	0.043
Scaf11	0.00112418132334462	0.418477389551911	1	0.182	0.137	0.045
Naa15	0.00115564498236677	0.521184331403853	1	0.116	0.08	0.036
Thada	0.0011593612185226	-0.328469058200838	1	0.171	0.194	0.023
Prkacb	0.00117175820741944	0.18876677227965	1	0.297	0.248	0.049
Cryab	0.00117684699914225	0.572484249553652	1	0.148	0.103	0.045
Wapl	0.00120725807699709	-0.253148954576412	1	0.161	0.173	0.012
Kdm4c	0.00120782928111886	0.117277465813021	1	0.129	0.107	0.022
Ctso	0.00124322386115811	-0.634361117748946	1	0.064	0.1	0.036
Smchd1	0.00124365277500221	-0.454913335504829	1	0.11	0.133	0.023
Trim44	0.001257502354196	-0.139765815827642	1	0.175	0.175	0
Rabep1	0.00126432132081805	0.583732903582436	1	0.101	0.068	0.033
Ube2d1	0.00129889381056454	-0.261082749852169	1	0.352	0.382	0.03
Micall1	0.00131476249645477	0.135141875881053	1	0.3	0.258	0.042
Syt11	0.00132409677450293	-0.256815997883804	1	0.265	0.276	0.011
Kazn	0.00138079998700565	-0.240659613826431	1	0.329	0.353	0.024
Erbin	0.00138195378125097	-0.116496818825375	1	0.813	0.798	0.0149999999999999
Dusp11	0.00138410164677587	0.283152378844121	1	0.214	0.167	0.047
St6galnac3	0.00139416419617547	-0.129947106422807	1	0.947	0.945	0.002
Crebbp	0.00142585440300204	0.20157132252101	1	0.318	0.263	0.055
Rasa1	0.00145272362627661	0.52699667750328	1	0.115	0.078	0.037
Mapkap1	0.00146546606616895	0.122574641810344	1	0.28	0.238	0.042
Pgap1	0.0014702243374239	0.436417497641502	1	0.139	0.102	0.037
Cox16	0.00149182054107928	0.258807506502549	1	0.324	0.268	0.056
Hycc1	0.00150412325093799	0.106770967201193	1	0.293	0.251	0.042
Zfp462	0.00150923824844629	0.318314826896191	1	0.283	0.232	0.051
Abca1	0.00151301199266155	0.235859228382028	1	0.221	0.176	0.045
Ktn1	0.00151338766518221	0.290266825017516	1	0.148	0.111	0.037
Golim4	0.00152678668927724	0.655169789424525	1	0.105	0.07	0.035
Tasor	0.00152866238797332	-0.168640951044971	1	0.439	0.454	0.015
Pde7a	0.00153247274578228	0.495192522075363	1	0.15	0.113	0.037
Pcbp2	0.00153314338862665	0.18344591436217	1	0.142	0.113	0.029
Akap9	0.00153815430524361	0.111307308545322	1	0.271	0.235	0.036
Tppp	0.00154382741801048	0.290078731814267	1	0.285	0.232	0.053
Dicer1	0.00154970201814686	0.120385787309874	1	0.195	0.167	0.028
AU040320	0.00155110160466814	0.425039180048873	1	0.191	0.148	0.043
Spred1	0.00155633350572993	0.467980316424886	1	0.12	0.086	0.034
Spata5	0.00158512750070295	0.399488058634254	1	0.144	0.107	0.037
Ndufaf2	0.00158641205390039	0.316672440517711	1	0.139	0.104	0.035
Plekhm3	0.0016139583610819	-0.150293321263094	1	0.144	0.145	0.001
Pou2f1	0.00162482888677173	0.533855185506433	1	0.119	0.083	0.036
Hectd1	0.00166257193318971	0.473579513882123	1	0.131	0.093	0.038
Gak	0.00166758092321905	0.587857149902178	1	0.115	0.078	0.037
Rybp	0.00168624736250052	-0.15573843711682	1	0.246	0.246	0
Mboat1	0.00173634018131841	0.203994149892676	1	0.302	0.251	0.051
Srsf6	0.00174017387158621	0.231380904071856	1	0.114	0.091	0.023
Acyp2	0.00177170027567102	0.194025488060845	1	0.383	0.326	0.057
Epdr1	0.00177267205515289	0.389953237531681	1	0.122	0.088	0.034
Mark2	0.00179503711569758	0.346085906905825	1	0.17	0.13	0.04
Grb2	0.00179798230624134	0.613813535886229	1	0.125	0.087	0.038
Micu3	0.00182098583719084	0.349807240059914	1	0.135	0.1	0.035
Osbpl7	0.00182488514261193	0.325341103213584	1	0.204	0.159	0.045
Suz12	0.00184499343997094	-0.2503327728066	1	0.097	0.102	0.00499999999999999
Sec14l5	0.00189015459188818	-0.132859867029504	1	0.707	0.705	0.002
Rab11fip3	0.00189107139598447	0.451174715413952	1	0.142	0.102	0.04
Dcps	0.00189203078850139	0.374351051998227	1	0.159	0.118	0.041
Kdm2a	0.00189809010906273	0.325449472395177	1	0.194	0.15	0.044
Plod1	0.00192147634590548	0.447996864357003	1	0.134	0.094	0.04
Zfhx2	0.00192238285217949	0.58983338068538	1	0.108	0.073	0.035
Rsrc1	0.00193696851870203	-0.166267749439801	1	0.317	0.327	0.01
Tra2b	0.00193891418496609	-0.173422731793047	1	0.145	0.146	0.001
Cdip1	0.0020099357031292	-0.187410441856005	1	0.21	0.217	0.00700000000000001
Bckdhb	0.00201836588640104	0.442075445063304	1	0.152	0.11	0.042
Mycbp2	0.00202080892800018	-0.114808140352817	1	0.635	0.632	0.003
Rev3l	0.00206781790804169	0.17248875748796	1	0.25	0.208	0.042
Nf1	0.0020708000293199	0.105726538973181	1	0.492	0.442	0.05
Kansl1l	0.00210031394740728	0.336095879831047	1	0.222	0.173	0.049
Spast	0.00211203019279067	0.605156006137159	1	0.135	0.096	0.039
Ppp3ca	0.0021412463127193	0.281029535834204	1	0.258	0.21	0.048
Cap1	0.00215260417840963	0.568583746023415	1	0.101	0.067	0.034
Zfp236	0.0021661323548876	0.580787260085822	1	0.117	0.08	0.037
Etv1	0.00216967020645722	0.28446562630389	1	0.117	0.091	0.026
Sh3gl3	0.00218633437403492	0.232828144037029	1	0.237	0.192	0.045
Jarid2	0.00220425498310029	0.340130658576959	1	0.263	0.217	0.046
Pkm	0.00222959636216598	-0.203892374878933	1	0.106	0.111	0.005
Rhoj	0.00225673052815744	-0.653882092868389	1	0.077	0.112	0.035
Fbxl3	0.00226272969658091	-0.269367874780923	1	0.211	0.227	0.016
Shprh	0.0022735132728298	0.398596410861501	1	0.117	0.097	0.02
Slc44a1	0.00228170465019791	-0.107602887650733	1	0.657	0.654	0.003
Grik2	0.00229353897667959	-0.106185001035604	1	0.733	0.725	0.00800000000000001
Cldn11	0.00233015669302623	-0.249028309401623	1	0.445	0.478	0.033
Ube2g1	0.00233027500356797	0.297578569139691	1	0.257	0.203	0.054
Fto	0.00234546488425071	0.218199100027647	1	0.436	0.378	0.058
Caprin1	0.00234666286831827	-0.173239113184915	1	0.116	0.116	0
Tut4	0.00245052048823491	-0.110888926253731	1	0.1	0.095	0.005
Snd1	0.00246166683725243	0.382105330781635	1	0.172	0.129	0.043
Dscaml1	0.00247349242507334	0.104320517143784	1	0.734	0.682	0.0519999999999999
Nipal4	0.002485735893338	0.133744448134415	1	0.167	0.136	0.031
Clasrp	0.00249512131577965	-0.159635550755595	1	0.303	0.301	0.002
Eml1	0.00249517483750517	0.171733572379543	1	0.469	0.411	0.058
Stag2	0.00255521095588321	0.391536924768752	1	0.233	0.186	0.047
Xkr4	0.00262241585359499	0.249079301358706	1	0.3	0.251	0.049
Ralgapa1	0.00262788000822182	-0.257407954941752	1	0.248	0.268	0.02
Rbm27	0.00266201557201745	0.573536769158827	1	0.112	0.076	0.036
Mpdz	0.00268576981011584	0.284789448902025	1	0.15	0.116	0.034
Tspan9	0.00269876983342771	0.52617672810404	1	0.194	0.154	0.04
Fam117b	0.00270662573306847	0.375776730939124	1	0.115	0.083	0.032
Jakmip3	0.00270924163905981	0.123826192113156	1	0.348	0.303	0.045
Atp1b3	0.00272906725626039	0.41584961349042	1	0.214	0.165	0.049
Daam2	0.00277211750672998	-0.139648340979891	1	0.572	0.579	0.00700000000000001
Tnrc6c	0.00278045763952414	0.21092563991054	1	0.283	0.235	0.048
Dock3	0.00280695106395824	0.244471094864769	1	0.246	0.204	0.042
Myo1e	0.00284814832833757	0.161628884229745	1	0.345	0.298	0.047
Opa1	0.00288883311750195	0.504424276214276	1	0.1	0.068	0.032
Yipf1	0.00292029989748305	0.631916579693979	1	0.1	0.067	0.033
Snrnp70	0.00293010548387672	0.203836984629466	1	0.347	0.296	0.051
Trmt13	0.00294159184515974	-0.342920939021991	1	0.138	0.157	0.019
Ip6k1	0.00294370123798505	0.220264181105164	1	0.139	0.113	0.026
2210408I21Rik	0.00296396050773956	0.354543145242996	1	0.136	0.102	0.034
Abca8b	0.00299544484650482	0.233057859445935	1	0.242	0.2	0.042
Gng7	0.00300866280471093	0.252787705263235	1	0.209	0.167	0.042
Sik2	0.00302691778933736	0.111855323947836	1	0.377	0.332	0.045
Ptpra	0.00304631148111223	0.1678573282268	1	0.386	0.336	0.05
Stag1	0.0030614735824601	-0.277098895654646	1	0.235	0.247	0.012
Tfeb	0.00308008076049569	0.245048388418162	1	0.228	0.185	0.043
Btaf1	0.00316953998432942	0.25167161871008	1	0.174	0.137	0.037
Arid5b	0.00318099861178014	-0.151880424853237	1	0.133	0.132	0.001
Adap1	0.0031951260415348	0.290686163373733	1	0.296	0.244	0.052
Il33	0.00321476074944801	-0.246099896161153	1	0.442	0.467	0.025
Ulk2	0.00324223962792875	0.168273150204198	1	0.157	0.126	0.031
Itsn2	0.00328030408990129	-0.149407004204332	1	0.542	0.554	0.012
Tmcc2	0.00331922949934377	0.2158004484147	1	0.209	0.172	0.037
Elapor2	0.00335586267168847	0.152548022339106	1	0.328	0.281	0.047
Specc1	0.00339028843299064	0.194310453030608	1	0.45	0.391	0.059
Picalm	0.00343704737335558	-0.140373171844803	1	0.601	0.602	0.001
Glcci1	0.00349418262819578	0.346957665805305	1	0.264	0.216	0.048
Ythdc2	0.00351839312852946	0.469975606410201	1	0.1	0.069	0.031
Eri3	0.00352598070903214	0.348076744980295	1	0.214	0.17	0.044
Ythdf3	0.00355219787298823	0.150420714183199	1	0.141	0.118	0.023
Zmat1	0.00356236842602464	-0.330552949295825	1	0.172	0.2	0.028
Map6	0.00366148747933086	0.53575104070996	1	0.103	0.074	0.029
Trip4	0.00366166950880533	0.416249469830797	1	0.15	0.118	0.032
Elp4	0.0037085461662606	-0.166943099697465	1	0.238	0.237	0.001
Kctd3	0.00374928714146942	-0.195025949412467	1	0.384	0.4	0.016
Tmem117	0.00376346459166086	-0.119434590449181	1	0.449	0.439	0.01
Eea1	0.00380369688044583	0.558465541404266	1	0.126	0.093	0.033
Stat3	0.00387333983068739	0.465007687377149	1	0.1	0.07	0.03
Efcab14	0.00393583127403639	-0.140162960121472	1	0.288	0.281	0.00699999999999995
Tesk2	0.00393754576397153	-0.169889336390123	1	0.257	0.258	0.001
Tmem135	0.00394285273978879	0.110993480249027	1	0.207	0.18	0.027
Srek1	0.00396342263852567	0.190198186206357	1	0.142	0.114	0.028
Cyrib	0.00402334859033815	0.322808018813493	1	0.201	0.159	0.042
Vgll4	0.00403763315071924	0.255083987016237	1	0.339	0.287	0.052
Ak3	0.00408577846108152	-0.457602855771439	1	0.103	0.131	0.028
Acap2	0.00412177270048082	0.116439272041462	1	0.468	0.417	0.051
Nf2	0.00413815959896421	0.242224530292282	1	0.1	0.076	0.024
Senp7	0.00415193647642791	-0.222483285785899	1	0.14	0.149	0.00899999999999998
Adamtsl4	0.0041572753343102	0.104395254636871	1	0.175	0.147	0.028
Lpcat3	0.004240461183973	0.29057338428002	1	0.108	0.081	0.027
Snx32	0.0042492450530785	-0.285214689682765	1	0.105	0.12	0.015
Arhgef2	0.00430278751784709	-0.104633078494737	1	0.281	0.271	0.01
Pum1	0.00433546473495549	0.361368445143637	1	0.195	0.152	0.043
Chd1	0.00435222296669636	0.513348554567639	1	0.105	0.072	0.033
Rnf38	0.00436339772149467	0.309337104600695	1	0.17	0.132	0.038
Dbndd2	0.00436529178049128	-0.185128209943509	1	0.279	0.289	0.00999999999999995
Heg1	0.00442050741059292	0.17988046590443	1	0.385	0.335	0.05
Asxl3	0.00445052502886539	0.268434260590614	1	0.281	0.231	0.05
Cnot4	0.00447981120518615	0.217226260977444	1	0.214	0.175	0.039
Aig1	0.00450506596979653	0.124608295498798	1	0.508	0.456	0.052
Ube3c	0.00454729221849279	0.403078006792738	1	0.161	0.121	0.04
Kat6a	0.00456319532983895	-0.225872133974525	1	0.262	0.282	0.02
Rnf20	0.00456721884193891	-0.116958725643996	1	0.141	0.136	0.00499999999999998
Elovl5	0.00466893929882055	0.361093922029747	1	0.185	0.143	0.042
Vps41	0.00471797486694279	0.277987290152135	1	0.172	0.134	0.038
Map2k5	0.00472840044441229	-0.268098862066332	1	0.298	0.337	0.039
Smarca5	0.00486833991736827	0.110001755375017	1	0.119	0.099	0.02
Irf2	0.00490142170436888	0.483626500432715	1	0.159	0.117	0.042
Pcx	0.00490320346391624	0.420614804311483	1	0.115	0.082	0.033
Ywhae	0.00490828266732816	0.380039204937467	1	0.138	0.102	0.036
Cfl2	0.00491335594152152	-0.388965642204924	1	0.122	0.144	0.022
Cpd	0.00497219389316493	0.173700155162101	1	0.359	0.311	0.048
Cfdp1	0.00498814126585732	0.128903732836438	1	0.13	0.11	0.02
Taf3	0.00501588158939222	0.230148913944241	1	0.15	0.118	0.032
Aff4	0.00514814057021813	-0.121013726318462	1	0.201	0.198	0.003
Depdc5	0.00515216339702549	0.425659620982868	1	0.157	0.122	0.035
Fgf1	0.0051581942996275	0.374246507734515	1	0.128	0.096	0.032
Top1	0.00519428226313126	-0.481241398893473	1	0.084	0.109	0.025
Pex5l	0.00519762886685257	-0.154832289288666	1	0.91	0.917	0.00700000000000001
Zfp280d	0.0052324029063049	-0.222404400119064	1	0.333	0.363	0.03
Pcolce2	0.00529413178370871	-0.34221716752803	1	0.16	0.184	0.024
Wdr70	0.00529718551556306	0.394100297844394	1	0.12	0.088	0.032
Tbc1d23	0.00530139629944276	0.520544392329721	1	0.134	0.094	0.04
Parg	0.00536665720900214	-0.173290359224426	1	0.216	0.222	0.00600000000000001
Pdpk1	0.00540475894871856	0.381976149840821	1	0.102	0.073	0.029
Micu2	0.00543869048066151	-0.117070010556848	1	0.19	0.185	0.005
Pcyt2	0.00546683018661093	-0.155507378012945	1	0.238	0.238	0
Fggy	0.00552336389350751	-0.309634305517595	1	0.198	0.222	0.024
Kiz	0.0055751081701362	-0.223548395379715	1	0.111	0.121	0.01
Lamp2	0.00559661678990521	0.312332004987266	1	0.213	0.167	0.046
Map4	0.00560014047278849	0.115969338648855	1	0.631	0.58	0.051
Hid1	0.00571446804075859	-0.311083539356877	1	0.217	0.24	0.023
Glrb	0.00574777139329977	-0.168541741336706	1	0.138	0.14	0.002
Galnt1	0.00575143096366695	0.418756002690618	1	0.102	0.081	0.021
Zc3h6	0.00582591135868208	-0.613736286747958	1	0.075	0.105	0.03
Trip11	0.00583647496875741	-0.199312226604176	1	0.25	0.261	0.011
Kdm3a	0.00590609289346951	0.480222241170724	1	0.121	0.091	0.03
Tbc1d16	0.00592737155689066	0.133720859769241	1	0.161	0.133	0.028
Wdr26	0.00597188666483523	0.245186565587163	1	0.196	0.159	0.037
Psmd1	0.00599993911638668	0.233632911156489	1	0.101	0.08	0.021
Mpp2	0.00601429900847242	0.180098070295738	1	0.112	0.091	0.021
Git2	0.00604402347716871	-0.134501476531465	1	0.195	0.192	0.003
Ubap2l	0.00604440577158224	0.402063419406348	1	0.17	0.129	0.041
Cep350	0.00606277116813805	0.366496152812044	1	0.203	0.167	0.036
Snx29	0.00612160083231617	-0.173144620030338	1	0.37	0.379	0.00900000000000001
Hip1	0.00613989619915164	-0.21627425294687	1	0.303	0.32	0.017
Setd7	0.00628153689790949	-0.268789134145152	1	0.158	0.174	0.016
Cdkl5	0.00628870618018476	0.111721751485035	1	0.155	0.129	0.026
Rptor	0.00632743810945847	-0.29394600069469	1	0.125	0.142	0.017
Wbp1l	0.00635645720571913	0.494596025872575	1	0.102	0.071	0.031
Serinc5	0.00635902895214631	-0.117748733679568	1	0.277	0.269	0.00800000000000001
Pibf1	0.00637915026792759	-0.105662141021835	1	0.224	0.224	0
Pigu	0.00638873704214281	0.403015332606606	1	0.132	0.104	0.028
Sox2	0.0064312581077025	0.291300959004617	1	0.155	0.121	0.034
Ccnt1	0.00663983270463949	-0.160157674203452	1	0.133	0.134	0.001
Xpo7	0.00666665534309612	0.334773892180935	1	0.142	0.11	0.032
Smc1a	0.00676059310908597	-0.251850138889549	1	0.113	0.121	0.00799999999999999
Nrip1	0.0067694792043451	0.482614003875325	1	0.103	0.072	0.031
Tmem88b	0.00677578184160064	0.22324085069901	1	0.208	0.173	0.035
Myrf	0.00678661481373125	0.213904948205796	1	0.236	0.195	0.041
Galnt2	0.00679294904251762	0.457084311764903	1	0.105	0.075	0.03
Dram2	0.00681302224834713	0.326913349473833	1	0.113	0.086	0.027
Rc3h1	0.00683197102910272	0.265531756644853	1	0.284	0.232	0.052
Zfp62	0.00687924606323798	0.130144555072289	1	0.104	0.086	0.018
Arap2	0.00694213581386864	-0.121930698137189	1	0.464	0.466	0.002
Tab2	0.00713964736148866	0.339841052889294	1	0.2	0.162	0.038
Oga	0.00714163503244605	0.397754057994185	1	0.153	0.117	0.036
Nr2c2	0.00741240442167996	-0.434941164766265	1	0.12	0.159	0.039
Dstyk	0.00745474333131105	0.287683615601701	1	0.22	0.178	0.042
Pnpla7	0.00749538247262146	-0.495901999710063	1	0.079	0.101	0.022
Soga1	0.00756462622061935	-0.114499175420412	1	0.164	0.155	0.00900000000000001
Ttc14	0.00762356217525445	-0.469758043071019	1	0.104	0.129	0.025
Taf15	0.00766128285868026	0.141270609201885	1	0.233	0.2	0.033
Fbxw15	0.00767793989731444	-0.568508880334741	1	0.084	0.104	0.02
Tenm2	0.00775098050475993	-0.34616084282721	1	0.216	0.265	0.049
Gpbp1	0.00780835852084287	0.382657621711794	1	0.107	0.08	0.027
Ralgds	0.00785882445226513	0.489130803414099	1	0.114	0.083	0.031
Slk	0.00786546413736547	-0.140919488193415	1	0.275	0.275	0
Vps8	0.00786619451564187	-0.148988067031303	1	0.438	0.45	0.012
Add3	0.00791692190828067	0.137279368936039	1	0.405	0.36	0.045
Wasf2	0.00792379774898738	-0.256773652323189	1	0.165	0.175	0.00999999999999998
Ap1g1	0.00794950491333005	-0.124876915854178	1	0.103	0.098	0.00499999999999999
Plekhm2	0.00799672651497675	0.191355104344164	1	0.113	0.092	0.021
Kcnk13	0.00801144335891594	0.150926176611395	1	0.431	0.382	0.049
Hdac7	0.0080540044100559	0.236926884693109	1	0.143	0.114	0.029
Spop	0.00813759211680882	0.108940860365603	1	0.296	0.26	0.036
Mff	0.00814535525325918	-0.185927587287727	1	0.157	0.164	0.00700000000000001
Ankrd44	0.00822520563022916	-0.301945845759581	1	0.231	0.262	0.031
Pum2	0.00825519964642928	0.265877966754368	1	0.185	0.147	0.038
Pter	0.00834093131466419	-0.339217538528099	1	0.093	0.101	0.00800000000000001
Setd3	0.00836755849133984	0.421989940953922	1	0.1	0.072	0.028
Matr3	0.00848221904026512	-0.165910338809047	1	0.188	0.194	0.00600000000000001
Pknox1	0.00860287465577837	-0.407216772636325	1	0.086	0.1	0.014
Fkbp15	0.00869702270558547	0.573435759257655	1	0.1	0.071	0.029
Ccnl1	0.00872060627112528	0.122444873410241	1	0.193	0.167	0.026
Eml2	0.00872570100379452	0.278761014616636	1	0.259	0.215	0.044
Ube2e3	0.0087284533158677	-0.129634443014788	1	0.171	0.17	0.001
Cipc	0.00888126654065952	-0.174846847110222	1	0.447	0.455	0.00800000000000001
Lgi3	0.00889428147572241	-0.124561641115234	1	0.291	0.284	0.00700000000000001
Dhx36	0.008931047843753	-0.250163715804035	1	0.115	0.126	0.011
Ptbp2	0.00899416023501574	0.33734504903903	1	0.169	0.135	0.034
Abca8a	0.00899660718493241	-0.165605787842873	1	0.386	0.39	0.004
Rock1	0.00907631865094498	-0.162459843220237	1	0.189	0.197	0.00800000000000001
Arhgap35	0.00913079574268228	0.209266051405692	1	0.184	0.149	0.035
Dync1li1	0.00916243455777617	-0.267086971023614	1	0.112	0.121	0.00899999999999999
Mysm1	0.0091708560348116	-0.218649283016388	1	0.124	0.132	0.00800000000000001
Dock5	0.00922756860914581	0.11801155205687	1	0.456	0.407	0.049
Cilk1	0.00933583404615658	0.127103784940117	1	0.262	0.226	0.036
Myo9b	0.00936855190964042	0.451766748588399	1	0.111	0.082	0.029
Tom1l2	0.00945935048557823	0.10850745733606	1	0.419	0.378	0.041
Rab40c	0.00946523411698564	-0.209092475995991	1	0.407	0.458	0.051
Exoc1	0.00958371703214494	-0.439336317176443	1	0.086	0.107	0.021
Cdh10	0.0096393217692924	-0.13604751494073	1	0.603	0.617	0.014
Wscd1	0.00968925781937186	0.166680355878281	1	0.313	0.268	0.045
Peli2	0.00994392187037501	0.301976685534317	1	0.128	0.099	0.029
Mgat3	0.00997034517890798	0.381490691445769	1	0.151	0.115	0.036
Nbeal1	0.010257622551754	0.168448267239998	1	0.21	0.178	0.032
Sil1	0.0103781470000914	0.351921156613379	1	0.167	0.131	0.036
Thsd4	0.0103871309720711	0.280369815505187	1	0.214	0.178	0.036
Sppl3	0.0104337244796553	0.410218961941479	1	0.107	0.084	0.023
Nrf1	0.0106908275186907	0.426151597517534	1	0.155	0.116	0.039
Ldb3	0.0109657950016168	-0.235560459609827	1	0.136	0.137	0.001
Afap1l1	0.0110085321334065	0.234269516966162	1	0.185	0.151	0.034
Ankrd17	0.0111814798249707	0.3567889090972	1	0.156	0.121	0.035
Apba1	0.0113664559677712	0.122785570445321	1	0.497	0.45	0.047
Stx6	0.0115173420627381	0.379098881782445	1	0.15	0.113	0.037
Pcsk6	0.0115195076201079	0.151374086014896	1	0.247	0.211	0.036
Tgfa	0.0115938642990965	0.173270982589468	1	0.152	0.124	0.028
Snx6	0.0115996905535518	-0.188973283780592	1	0.114	0.116	0.002
Abcg1	0.0116596365361105	0.200384931809087	1	0.18	0.147	0.033
Nhlrc2	0.0118067387239542	0.446337304667333	1	0.106	0.079	0.027
Sox8	0.0118414903744077	0.207292854048557	1	0.139	0.112	0.027
Adam19	0.0119698170207974	0.218416372203225	1	0.205	0.17	0.035
Gpd2	0.0119821561670717	0.269514026149386	1	0.221	0.178	0.043
Far1	0.0121221765330259	0.190954952206507	1	0.169	0.139	0.03
Bche	0.0121969665147797	-0.450221629452275	1	0.104	0.128	0.024
Ptpn11	0.0122378240025043	-0.257972308421254	1	0.262	0.302	0.04
Fars2	0.0122923849022077	-0.246889405598845	1	0.112	0.119	0.00699999999999999
Hnrnpc	0.0123407026045523	0.386885348302793	1	0.126	0.096	0.03
Glg1	0.0123560811907149	0.27197317851272	1	0.12	0.094	0.026
Fam193b	0.012433892092559	0.288796983987296	1	0.1	0.077	0.023
Btbd7	0.0125269259893128	0.375823055642087	1	0.159	0.124	0.035
Smyd3	0.0125370403221431	0.438190952084373	1	0.12	0.091	0.029
Strn	0.0126338491869203	-0.141809499136212	1	0.257	0.262	0.005
Ube2d3	0.012859512602512	0.159664492767872	1	0.137	0.115	0.022
Map1a	0.012896553595441	0.451113573396124	1	0.104	0.075	0.029
Spag9	0.0130029901133482	0.127340607658782	1	0.392	0.349	0.043
Spns2	0.0130779919079733	-0.230759425890506	1	0.206	0.221	0.015
Fscn1	0.0131018615630773	0.143434857168241	1	0.11	0.089	0.021
Glt8d1	0.0131758534088692	0.443457341151245	1	0.136	0.105	0.031
Tmem260	0.0132722529147053	-0.236426197036333	1	0.227	0.243	0.016
Slc10a7	0.0132973770757041	0.354621167203362	1	0.176	0.137	0.039
Arpc1a	0.0137764477990132	-0.200006106278685	1	0.113	0.117	0.004
Gspt1	0.0140045181714805	0.447680252662039	1	0.112	0.085	0.027
Lbr	0.0140660843479083	-0.409520427343392	1	0.1	0.118	0.018
Srsf11	0.0141024288215786	-0.116161299493534	1	0.167	0.169	0.002
Sos1	0.0142165329988249	0.512460445849552	1	0.135	0.098	0.037
Tnni1	0.0142340674231286	-0.363769884625736	1	0.206	0.246	0.04
Tecpr2	0.0142768877140368	0.274511398695624	1	0.206	0.169	0.037
Ncoa3	0.014553051285745	0.181509201993366	1	0.241	0.204	0.037
Psmd14	0.0150369907475004	0.240163971018865	1	0.115	0.091	0.024
Kif6	0.0151423022794785	-0.123306439900276	1	0.308	0.304	0.004
Prpf4b	0.0151967698831443	0.216495468484538	1	0.187	0.152	0.035
Parm1	0.015296060132875	0.433394082369452	1	0.152	0.115	0.037
Pan3	0.01541337241055	0.210448075256418	1	0.227	0.19	0.037
Pik3ca	0.0155172951580707	0.150025259261216	1	0.13	0.109	0.021
Mia2	0.0155641157228698	-0.236618430259446	1	0.117	0.129	0.012
Unc5b	0.0157196930398404	0.382938294579735	1	0.141	0.109	0.032
Zfp277	0.0157391650292401	0.474362785195023	1	0.124	0.093	0.031
Dennd11	0.0158488510958078	0.345028970609803	1	0.15	0.117	0.033
Gabpb2	0.0159333908219524	-0.395880597318348	1	0.113	0.139	0.026
Ccar1	0.0160195770818688	0.233905830841605	1	0.164	0.133	0.031
Fndc3a	0.016123998470404	-0.17227923484173	1	0.102	0.105	0.003
Plekhh2	0.016368755078142	0.200240087367617	1	0.261	0.221	0.04
Frmd8	0.0166513982014465	0.123112287938858	1	0.193	0.167	0.026
Adk	0.0169639028644976	0.17608012359474	1	0.263	0.232	0.031
Vapa	0.0169689115070803	0.231491962149373	1	0.119	0.096	0.023
Ppp6r3	0.0170139079986659	0.119439921713786	1	0.21	0.183	0.027
Mob3b	0.0171500375293743	0.131315772451873	1	0.334	0.291	0.043
Rhobtb3	0.0172546281069401	0.355046887135492	1	0.166	0.132	0.034
Nkd1	0.0172710428326742	0.452017187186517	1	0.1	0.077	0.023
Arsg	0.0173355375801446	0.192144076902573	1	0.395	0.35	0.045
Tmed10	0.0174746204376375	0.367225875687527	1	0.145	0.11	0.035
Sgce	0.0174909882574587	0.449093098938388	1	0.137	0.105	0.032
Ralgps1	0.0175005230007822	0.116679866712111	1	0.45	0.409	0.041
Herc2	0.0175295894235813	0.193016761218937	1	0.199	0.167	0.032
Gtf2f2	0.0176247506295617	0.208941476638664	1	0.153	0.125	0.028
Phc2	0.0180397311913665	0.360878454478723	1	0.127	0.096	0.031
Fam234a	0.0184433943726719	0.232187801136142	1	0.202	0.167	0.035
Rnf141	0.0185087660434615	-0.28527285866038	1	0.198	0.214	0.016
Top2b	0.0188755250541953	0.198795746272442	1	0.118	0.096	0.022
Ppp2ca	0.018894401003354	-0.130434140453017	1	0.203	0.208	0.00499999999999998
Tln2	0.0189201184314234	0.244717689605451	1	0.201	0.165	0.036
Atg10	0.018981251839835	0.403803825211856	1	0.128	0.103	0.025
Appbp2	0.0191424410732938	0.299818147459021	1	0.22	0.183	0.037
Eif4g3	0.0193611719737935	0.353029421166918	1	0.133	0.104	0.029
Foxo1	0.0195698003805009	0.47126467472495	1	0.13	0.099	0.031
Crppa	0.0196182762063154	-0.120158564015755	1	0.334	0.327	0.00700000000000001
Zfp445	0.0197385210217376	0.17592464701637	1	0.232	0.199	0.033
Tor1aip1	0.019801920040306	0.138936044495587	1	0.14	0.121	0.019
Cbfa2t2	0.0199656523016939	0.49330022679098	1	0.111	0.081	0.03
Efhd1	0.0200445768614247	-0.164512547958539	1	0.113	0.11	0.003
Nopchap1	0.0200690194347256	0.197929646840988	1	0.106	0.086	0.02
Raf1	0.0206137132172844	0.394046945153506	1	0.124	0.096	0.028
Josd2	0.0212775081918081	-0.133161376582015	1	0.313	0.32	0.00700000000000001
Setd2	0.0213494048254218	-0.225342914322082	1	0.13	0.141	0.011
Chuk	0.0215174089701872	0.287432352009765	1	0.138	0.109	0.029
Il18	0.0216859311190693	-0.245843027994439	1	0.273	0.308	0.035
Ehmt1	0.0219719176307019	0.32232443565345	1	0.189	0.152	0.037
Hip1r	0.0220025069746088	0.359200449479887	1	0.107	0.08	0.027
Fah	0.0224160480383551	0.143887604428484	1	0.101	0.084	0.017
Ctnna3	0.0225481553713446	-0.138015034417253	1	0.82	0.844	0.024
Ythdc1	0.0226854687752967	0.343842114426848	1	0.182	0.154	0.028
Robo1	0.0233046063167915	0.106516397895142	1	0.553	0.505	0.048
Tmem63a	0.0239327395346477	-0.137583378912748	1	0.359	0.368	0.00900000000000001
Nudt4	0.0240363356372984	0.390605917360657	1	0.114	0.087	0.027
Zfp609	0.0240403901996946	0.271528988733235	1	0.233	0.198	0.035
Car14	0.0244178603261636	-0.202428539327671	1	0.101	0.101	0
Prkcz	0.024531129325885	0.133410770115399	1	0.412	0.373	0.039
Ipo13	0.024547283682205	0.102552306046378	1	0.116	0.097	0.019
Asxl1	0.0246649068485905	0.339231472841191	1	0.154	0.126	0.028
Prkdc	0.0248221686057733	0.149995045320247	1	0.189	0.161	0.028
Ctdspl2	0.0249541250581979	0.438849208450221	1	0.12	0.094	0.026
Tnpo3	0.0254506779544118	0.344958965491645	1	0.113	0.088	0.025
Rbpj	0.0255254117134564	0.366232261199471	1	0.126	0.096	0.03
Fbxl5	0.0255365344585828	-0.125362283009619	1	0.308	0.309	0.001
Zfp438	0.0255575295443022	-0.337493485334599	1	0.15	0.18	0.03
Sec62	0.0257055015512773	-0.168435497780503	1	0.107	0.11	0.003
Rttn	0.0257732129332739	-0.306787534156279	1	0.115	0.132	0.017
Mfsd6	0.0258595446657544	0.230647349936704	1	0.178	0.146	0.032
Akap8l	0.0260054513619011	0.172138703233106	1	0.104	0.085	0.019
Crim1	0.0262668973496493	0.429395540793814	1	0.132	0.102	0.03
Rsbn1	0.0263002782845555	-0.321756111411676	1	0.093	0.107	0.014
Knop1	0.0267351916584237	0.499267068160367	1	0.102	0.075	0.027
Piga	0.0268467218321875	-0.207811704554729	1	0.177	0.185	0.00800000000000001
Gnai1	0.0269289430714553	0.208921119622973	1	0.413	0.366	0.047
Khdrbs1	0.0270735369299196	0.391546229198071	1	0.107	0.08	0.027
Rnf214	0.0271245354509537	0.273427367345881	1	0.101	0.081	0.02
1110059E24Rik	0.0272198559393825	0.172822694763995	1	0.146	0.123	0.023
Mapre3	0.027272734350976	0.322756458705764	1	0.105	0.079	0.026
Lrrc8b	0.0272803100529558	0.144178394541109	1	0.327	0.289	0.038
Nfat5	0.0273114226475499	0.199587566483157	1	0.251	0.212	0.039
Snapc3	0.0275803288445887	0.430770551833517	1	0.129	0.1	0.029
Atg16l1	0.0277037843019477	0.377268604331875	1	0.108	0.082	0.026
Asxl2	0.0278815585679152	0.19348009666096	1	0.277	0.238	0.039
Phactr2	0.0285144458779997	-0.24984127792966	1	0.136	0.148	0.012
Eif4g1	0.0286947803658186	-0.222083129788184	1	0.138	0.148	0.00999999999999998
Sarnp	0.0288177153207094	0.202476595534829	1	0.133	0.111	0.022
D5Ertd579e	0.028879282900101	-0.118512039542714	1	0.151	0.154	0.003
Ddx6	0.0291922539390823	0.245484498691019	1	0.13	0.105	0.025
Jak2	0.0293217359997535	0.139966661643335	1	0.286	0.253	0.033
Pabpn1	0.0294229584168789	0.373718845465372	1	0.123	0.097	0.026
Suco	0.0300364433658632	0.297981090825962	1	0.11	0.096	0.014
Rab3gap1	0.0301074261364943	0.237895136058396	1	0.105	0.085	0.02
Lpar1	0.030150897227608	0.131552622386445	1	0.328	0.289	0.039
Phyhipl	0.03015353541522	0.204737121227852	1	0.241	0.208	0.033
Dip2b	0.0303091522910867	0.117255615137207	1	0.669	0.625	0.044
Irs2	0.0310185816659517	0.399089362498324	1	0.131	0.101	0.03
Fam13b	0.0312342322530863	0.109022582652619	1	0.269	0.239	0.03
Enox2	0.0314402430457491	-0.133499650372622	1	0.221	0.225	0.004
Gpatch2	0.0316033870522073	0.27875458113375	1	0.106	0.085	0.021
Dusp10	0.0321811098916727	-0.297795063099709	1	0.143	0.165	0.022
Amy1	0.0326858076627949	-0.231396109071469	1	0.166	0.184	0.018
Pot1b	0.0333851439565622	-0.336055025795247	1	0.107	0.125	0.018
Marchf7	0.0334885920433373	0.410134616870272	1	0.1	0.072	0.028
Atf7	0.0340063919982958	0.145826904663244	1	0.294	0.256	0.038
Actn4	0.0341603476210583	-0.275721643327356	1	0.2	0.227	0.027
U2af1	0.0344793967463559	-0.299259778581092	1	0.097	0.105	0.00799999999999999
Fnbp4	0.0346189231189973	-0.106666945367717	1	0.115	0.118	0.00299999999999999
Wrn	0.0347453255083479	-0.248892925739125	1	0.17	0.185	0.015
Kif3a	0.0348672467054713	0.183747269737427	1	0.269	0.233	0.036
Lnpep	0.0349285188479543	-0.119703318764975	1	0.139	0.14	0.001
Gabbr1	0.0351303067728053	-0.452480183715	1	0.097	0.126	0.029
Bicral	0.0351823474176459	-0.100544929639945	1	0.152	0.152	0
Anapc5	0.0353988068729807	0.167123891299774	1	0.113	0.094	0.019
Pacs2	0.0354099340395683	0.134864453752395	1	0.501	0.458	0.043
Rfc1	0.0354656639633683	0.461082732450376	1	0.106	0.08	0.026
Reep5	0.0356103083239609	0.166533972533767	1	0.137	0.113	0.024
Clip3	0.0356250830627719	0.306666039393523	1	0.113	0.086	0.027
Matn4	0.0357376411031783	-0.338294700965316	1	0.09	0.102	0.012
Pdcd6ip	0.0358994298176229	-0.175084609270432	1	0.201	0.22	0.019
Septin1	0.0361246113076615	-0.197362089578478	1	0.116	0.121	0.00499999999999999
Selenop	0.0372000133123844	0.233670212887724	1	0.133	0.107	0.026
Dcaf17	0.037328295200791	-0.172497378273254	1	0.15	0.153	0.003
Cdk5	0.0376116953401606	-0.280961529362604	1	0.095	0.105	0.01
Zfyve16	0.0376393835018277	0.378023147363598	1	0.113	0.088	0.025
Meis1	0.0379578473374969	0.144905936282749	1	0.301	0.265	0.036
Atf2	0.0381192524408101	0.133168296567613	1	0.105	0.09	0.015
Arhgap21	0.0381789210221677	-0.198728054656365	1	0.288	0.303	0.015
Jmy	0.0384003730596595	0.374745717763562	1	0.106	0.081	0.025
Lmbrd1	0.0386316314136469	0.271501756661204	1	0.145	0.116	0.029
Dusp15	0.0391652884524323	0.185147433216803	1	0.186	0.154	0.032
Map3k3	0.0393607182830586	-0.324861888537087	1	0.088	0.109	0.021
Pcyt1b	0.039433004017473	-0.217524275730483	1	0.184	0.196	0.012
Pogk	0.0396038277085531	-0.182650636791316	1	0.112	0.116	0.004
Hsp90aa1	0.0398575888973111	0.302074450089535	1	0.118	0.095	0.023
Slc22a23	0.0407011402865801	0.17037641380329	1	0.392	0.349	0.043
Dcc	0.0407855472786934	-0.19299619674325	1	0.381	0.392	0.011
Pgap2	0.0408706925232285	-0.189192858751491	1	0.144	0.144	0
Tcea1	0.0410878882394946	0.118532510911814	1	0.1	0.086	0.014
Sh3kbp1	0.0416601301819529	0.10036310893297	1	0.47	0.431	0.039
Tnks2	0.0421244436675936	0.310669706016646	1	0.131	0.11	0.021
Tspan15	0.0422088978219478	0.181978681705284	1	0.145	0.12	0.025
Ctnna1	0.0422629195717137	-0.219406843616542	1	0.149	0.157	0.00800000000000001
Marchf8	0.0423716227730032	0.235787723361325	1	0.274	0.234	0.04
Trpc4ap	0.0424089772880771	0.177303891616172	1	0.217	0.185	0.032
Mpzl1	0.0424245284776357	0.137134038386542	1	0.312	0.273	0.039
Snx2	0.0426383461896864	-0.331680262505269	1	0.109	0.134	0.025
Ndrg1	0.0427680574237306	0.112694599499479	1	0.247	0.217	0.03
Sgk3	0.0429179134523038	-0.102296708837089	1	0.193	0.194	0.001
Dcaf6	0.0429548026751617	-0.155474200502895	1	0.165	0.171	0.00600000000000001
Smarca2	0.0429708243626534	0.195628237159139	1	0.172	0.145	0.027
R3hdm1	0.04333466001882	-0.310643475642835	1	0.182	0.209	0.027
Kmt5b	0.0435623089164216	0.26082973482242	1	0.225	0.194	0.031
Pphln1	0.04383426346974	-0.174444431026674	1	0.1	0.102	0.00199999999999999
Mtus1	0.0439740874745917	0.149083351101322	1	0.233	0.203	0.03
Prtg	0.0443302591521252	0.291550274848153	1	0.107	0.086	0.021
Zzz3	0.044457320246591	0.136442266355142	1	0.246	0.219	0.027
Sipa1l3	0.0444819730579424	0.341335026137206	1	0.11	0.084	0.026
Pign	0.044498961782931	0.248929907570677	1	0.12	0.095	0.025
Pds5a	0.0445621052460521	0.145558003553203	1	0.2	0.173	0.027
Slc25a13	0.0448994590395438	-0.147645639624057	1	0.381	0.391	0.01
Ccnt2	0.0454677907267338	0.369962872007715	1	0.133	0.106	0.027
Elovl7	0.0460708644999307	0.131581179816456	1	0.502	0.461	0.041
Cdc42se2	0.0464475433972199	0.216361373756187	1	0.332	0.293	0.039
Rsrc2	0.046662040329572	0.114534572417715	1	0.109	0.098	0.011
Prdx1	0.0468086720627499	-0.138812620944654	1	0.164	0.159	0.005
Clock	0.0478478830400578	0.152672905355699	1	0.267	0.233	0.034
Chd4	0.0482044196724927	0.345359464775228	1	0.112	0.086	0.026
Supt20	0.0483240032822321	0.365349099189439	1	0.107	0.083	0.024
Kcna6	0.0494499024883012	0.129596195020668	1	0.299	0.267	0.032
Ubac2	0.0498191534845528	0.325280731680749	1	0.145	0.118	0.027
Tbc1d22a	0.0498473726991768	0.369459093836954	1	0.112	0.092	0.02
Stard9	0.0499779588569981	0.236685068849544	1	0.214	0.182	0.032
Bbs9	0.0505514329505451	0.150727714368366	1	0.167	0.143	0.024
Rabgap1	0.0512181954329764	0.135238103368249	1	0.277	0.242	0.035
Zfp292	0.0514679450280599	0.201383206923061	1	0.134	0.112	0.022
Ap3b1	0.0515968777598956	-0.210053306150345	1	0.25	0.268	0.018
Zfc3h1	0.0524192024076361	0.279445023934617	1	0.122	0.098	0.024
Gprc5b	0.052760621128976	0.158926137902778	1	0.225	0.195	0.03
Tmem165	0.052810377132023	0.335611827307705	1	0.137	0.11	0.027
Eya3	0.0537135602697913	-0.134065137364652	1	0.123	0.124	0.001
Sulf2	0.0541312380395931	-0.198947592848608	1	0.157	0.166	0.00900000000000001
Erbb3	0.054209999686066	0.127500391944074	1	0.138	0.115	0.023
Aebp2	0.0547342580871189	0.119203609372007	1	0.28	0.251	0.029
Nsd2	0.0547346983662556	0.28859894951199	1	0.118	0.094	0.024
Stmn1	0.054806768218017	0.253989266719002	1	0.211	0.179	0.032
Mical3	0.0549771670279961	-0.437050464237165	1	0.099	0.12	0.021
Ogt	0.0552396700265906	-0.315337004124255	1	0.138	0.163	0.025
Erbb4	0.0560447220951292	-0.108521377663291	1	0.762	0.787	0.025
Pnn	0.0570992750212257	-0.236232807983071	1	0.147	0.163	0.016
Farp2	0.0571574302299243	-0.108457302342785	1	0.114	0.114	0
Prrt1	0.057368895471332	0.324924321640299	1	0.153	0.121	0.032
Mkln1	0.057642323727577	0.162675261657257	1	0.293	0.255	0.038
Smc3	0.0581188688457649	0.214020764193455	1	0.152	0.126	0.026
Foxn2	0.0585961426348921	0.224022530631925	1	0.153	0.126	0.027
Mgrn1	0.0588030404529664	0.115485944801746	1	0.161	0.14	0.021
Scarb2	0.0606823171245894	-0.161095813340821	1	0.187	0.194	0.00700000000000001
Galnt7	0.0607410992664131	-0.202385629930971	1	0.269	0.288	0.019
Senp2	0.061400763749011	-0.26598689027753	1	0.128	0.143	0.015
Zfp207	0.0618183169953416	0.212872842613949	1	0.117	0.097	0.02
Prdm5	0.0619252475565377	-0.100856882855877	1	0.151	0.148	0.003
Washc2	0.062199755678162	0.292704140369466	1	0.155	0.127	0.028
Srgap2	0.0632555309539266	0.210257584892237	1	0.151	0.129	0.022
Adamts6	0.0632758883313529	-0.129236490470607	1	0.182	0.178	0.004
Fam133b	0.0634327421927019	0.256845808701559	1	0.114	0.093	0.021
Bod1l	0.0653579272802291	0.107914395681361	1	0.118	0.103	0.015
Pcdh11x	0.0653857414318704	0.148940677935768	1	0.256	0.223	0.033
Aim2	0.0677056335083455	0.152996341012959	1	0.117	0.099	0.018
Tcf7l2	0.068442366184089	-0.448813323515894	1	0.09	0.103	0.013
Dapk2	0.0687672390248046	-0.128339918973014	1	0.1	0.096	0.004
Lims1	0.0691494325744441	0.195065562913436	1	0.156	0.13	0.026
Taldo1	0.0695281550678368	-0.10846421155228	1	0.15	0.148	0.002
Sirt2	0.0700697522254371	0.172954180646334	1	0.231	0.198	0.033
Shisa4	0.070510304140254	-0.219477532367579	1	0.211	0.232	0.021
Lonp2	0.0707689926751675	-0.145091255319851	1	0.183	0.184	0.001
Zfp771	0.0710885485246169	0.137695118427579	1	0.133	0.114	0.019
Tafa5	0.0712977304991182	-0.217041191804046	1	0.289	0.314	0.025
Bcas3	0.0713467656883444	-0.102623943525299	1	0.555	0.561	0.00600000000000001
Gtf2i	0.0713649836868283	0.259647994634094	1	0.227	0.191	0.036
Mbd2	0.0726834815515575	0.380294615766442	1	0.1	0.078	0.022
Zfp644	0.0729806406419865	0.215351141319663	1	0.166	0.143	0.023
Akap7	0.0737800626412541	0.141453907984354	1	0.148	0.129	0.019
Zfyve9	0.0738815444475891	-0.18004956879808	1	0.106	0.11	0.004
Ubxn7	0.0741006427261113	0.334864708841805	1	0.113	0.089	0.024
Mthfd1l	0.0747228579821698	-0.386960312095908	1	0.093	0.115	0.022
Apbb1	0.0754422763835296	0.224550194152419	1	0.1	0.081	0.019
Numb	0.0762431080174389	-0.158603141542844	1	0.152	0.157	0.005
Lin52	0.077746618924782	0.1850093793325	1	0.182	0.156	0.026
Mier1	0.0781055427801686	0.297010248898455	1	0.153	0.126	0.027
Tpd52	0.0791727037183584	-0.234260207607162	1	0.129	0.14	0.011
Safb2	0.0794148360217293	-0.279762968165321	1	0.124	0.144	0.02
Eif2b3	0.0795625448582516	0.235872900715496	1	0.114	0.095	0.019
Hdgfl3	0.079871565543175	0.340258848571246	1	0.104	0.082	0.022
Chtop	0.0817540757719043	0.250151604920383	1	0.105	0.082	0.023
Wdfy2	0.081966486041086	0.13619135589658	1	0.284	0.253	0.031
Micu1	0.0827105190014211	0.254215758129645	1	0.188	0.162	0.026
Zfhx4	0.0830098389147162	-0.377563843034152	1	0.09	0.114	0.024
Hmgcl	0.0836905246254656	-0.247879817587253	1	0.103	0.113	0.01
Otud4	0.0839019088388422	-0.180964515307764	1	0.112	0.118	0.00599999999999999
Ccnyl1	0.0846226793254809	0.190834545479548	1	0.106	0.087	0.019
Hs3st1	0.0854058748256437	0.246977542842726	1	0.167	0.138	0.029
Pms1	0.0869013897259513	0.32280543433752	1	0.106	0.084	0.022
Armh3	0.0872894364513953	0.251720465248256	1	0.18	0.155	0.025
Trappc10	0.0873311180615063	0.146443353352769	1	0.231	0.204	0.027
Zfp704	0.0876413151647496	0.179704124843634	1	0.346	0.316	0.03
Taf1	0.0890328082406002	0.324679676533012	1	0.105	0.083	0.022
Wipi1	0.0902166408779796	0.102892794014419	1	0.195	0.173	0.022
Brf1	0.0904411229518706	0.216859611476684	1	0.1	0.08	0.02
Cavin4	0.0933038673368537	-0.295502226538745	1	0.106	0.119	0.013
Rnpc3	0.094962645046714	0.138209676910565	1	0.157	0.136	0.021
Hhip	0.0955900911759742	0.238221670420229	1	0.19	0.16	0.03
Scmh1	0.0955931808302728	-0.21737539841273	1	0.136	0.148	0.012
Crlf3	0.0961627510033814	-0.237412732069303	1	0.103	0.115	0.012
Nxpe3	0.0969872581433523	-0.159138231568882	1	0.183	0.186	0.003
Sfswap	0.0970288486859386	0.104562659846763	1	0.181	0.161	0.02
Lrig2	0.0972487143114206	0.240305361344197	1	0.176	0.152	0.024
Bach2	0.0978812002881398	0.118291652734523	1	0.314	0.288	0.026
Siah1a	0.0978851743290702	-0.152996395071512	1	0.1	0.104	0.00399999999999999
Pcyt1a	0.0979944222283663	0.224179572480908	1	0.11	0.091	0.019
Adgrb3	0.0980579581059125	-0.155194712517861	1	0.263	0.291	0.028
Amd1	0.0986549947032369	0.172429603103067	1	0.216	0.189	0.027
Arfgef2	0.0989534340829862	0.201071237202982	1	0.274	0.242	0.032
C4b	0.0994608038726276	0.459664661212159	1	0.109	0.087	0.022
R3hcc1l	0.101577192524469	0.227413239371345	1	0.216	0.185	0.031
Ppp1r12a	0.101742623430247	0.106370002438203	1	0.276	0.249	0.027
Rprd1a	0.102089462486974	0.331957041636644	1	0.101	0.083	0.018
Arhgap31	0.104582534222091	-0.254463639794423	1	0.096	0.102	0.00599999999999999
Sertad2	0.106622629114038	-0.154036627557486	1	0.117	0.115	0.002
Rrbp1	0.107246771977604	-0.233813464927469	1	0.153	0.166	0.013
Pak2	0.108306460832154	0.207509297719	1	0.173	0.146	0.027
Eefsec	0.108478791287183	0.249754028221192	1	0.13	0.109	0.021
Cstf3	0.109993012566025	-0.201195862125782	1	0.099	0.106	0.00699999999999999
Map7d1	0.110434831104727	-0.1628317349147	1	0.169	0.179	0.00999999999999998
Asb3	0.111312245422131	0.244681304648488	1	0.154	0.13	0.024
Opalin	0.111354870398182	-0.133291742577827	1	0.392	0.432	0.04
Tmem234	0.111621389263792	0.112723349908769	1	0.106	0.094	0.012
Ino80	0.111962802031217	0.120401471629492	1	0.13	0.116	0.014
Lypd6	0.112316173749541	0.153301779368213	1	0.104	0.087	0.017
Kdm5a	0.112682808311478	0.2582636351881	1	0.111	0.091	0.02
Gpr137c	0.114565190366367	-0.295477510272469	1	0.149	0.18	0.031
P2rx7	0.116601341990521	-0.19716417676	1	0.117	0.129	0.012
Gpatch2l	0.119116611034147	-0.106395729325616	1	0.107	0.109	0.002
Tpst1	0.119226972665583	-0.215758190765042	1	0.179	0.211	0.032
Gng11	0.119393892083735	0.231698885470873	1	0.114	0.094	0.02
Fbxl20	0.119942549061013	0.285025852867172	1	0.121	0.099	0.022
Stx16	0.120047553774104	0.120990226424952	1	0.105	0.094	0.011
Cep120	0.122883579144819	0.195677658762893	1	0.104	0.087	0.017
T2	0.123193763971584	-0.328857394485271	1	0.104	0.121	0.017
Lsm14a	0.124358838687212	0.284231061759003	1	0.13	0.107	0.023
Bpgm	0.12544738188667	0.223686399401816	1	0.141	0.12	0.021
Ippk	0.128010596175054	-0.100701842823217	1	0.108	0.107	0.001
Cdc73	0.130717159817256	0.248479947307525	1	0.121	0.1	0.021
Mnat1	0.131345569821696	0.207126687779342	1	0.122	0.103	0.019
Adamts20	0.131837558416332	0.228839400575023	1	0.162	0.139	0.023
Cerk	0.133785619034187	-0.19033586629962	1	0.221	0.231	0.01
Phactr4	0.134924372350266	-0.154702635417148	1	0.21	0.223	0.013
Lap3	0.135100814606867	0.284451042679067	1	0.143	0.121	0.022
Cdk18	0.135977092127462	0.137929756400235	1	0.12	0.105	0.015
Macrod2	0.139284977405579	0.191582602946225	1	0.194	0.169	0.025
Fan1	0.141616489123543	-0.260081541500534	1	0.112	0.134	0.022
Hapstr1	0.143258517079627	-0.137675378124384	1	0.117	0.121	0.00399999999999999
Rnf43	0.143326488927801	0.232839236931555	1	0.151	0.129	0.022
Psen1	0.144482416318184	0.238961717779663	1	0.145	0.123	0.022
Gjc2	0.145308228230856	0.175306018705703	1	0.102	0.087	0.015
Xrcc4	0.145937700364765	-0.171159758353777	1	0.19	0.199	0.00900000000000001
Gfra1	0.146309485055772	0.162304226537954	1	0.132	0.112	0.02
Plekhg3	0.147296974805874	-0.13946607077042	1	0.35	0.368	0.018
Ibtk	0.148658588221857	0.355280261848566	1	0.118	0.096	0.022
Mapk8ip1	0.150804178122026	0.102907871750438	1	0.17	0.151	0.019
Atosa	0.154021271348829	-0.186322395762879	1	0.15	0.171	0.021
Ercc6l2	0.155336412854684	0.241854564068036	1	0.139	0.118	0.021
Vps4b	0.155658580121243	0.251658143128399	1	0.121	0.101	0.02
Cept1	0.156394003484672	0.149847781955442	1	0.21	0.185	0.025
Msh3	0.157212988932804	0.243435978813073	1	0.128	0.107	0.021
Zfx	0.1580617381638	0.203094160709521	1	0.112	0.095	0.017
Dpyd	0.16080143601824	-0.11269748523242	1	0.466	0.477	0.011
Ralyl	0.162568352570104	-0.390298479587799	1	0.088	0.113	0.025
Rbks	0.166841539616834	-0.275886497938626	1	0.09	0.105	0.015
Dach2	0.168997222133731	-0.243904135270474	1	0.102	0.103	0.001
Cadm1	0.17075303446698	-0.157363343806061	1	0.166	0.166	0
Mfsd14a	0.1716229304956	-0.178305513818838	1	0.121	0.128	0.00700000000000001
Zbtb38	0.173784660790737	-0.231451390596074	1	0.164	0.189	0.025
Zfp740	0.177850011062819	-0.215287906198353	1	0.144	0.159	0.015
Arhgap17	0.178140010017989	0.328343650406441	1	0.111	0.091	0.02
Slc20a2	0.185449421636071	-0.102690904670807	1	0.272	0.275	0.003
Clip2	0.186579391260895	0.148571574825534	1	0.19	0.167	0.023
Pik3r3	0.187558498492584	-0.129164106603987	1	0.13	0.127	0.003
Mxi1	0.189599701802222	-0.158237137948105	1	0.145	0.151	0.00600000000000001
Megf9	0.191535384122317	0.229884833734897	1	0.109	0.094	0.015
Bnip3l	0.193220873379784	0.233192473383194	1	0.144	0.123	0.021
Ankrd11	0.193932857435626	0.19990234955763	1	0.171	0.148	0.023
Lamp1	0.199140314520803	0.163349749976375	1	0.157	0.138	0.019
Dop1b	0.201044302601564	0.157882682812469	1	0.225	0.2	0.025
Elovl6	0.206508459716843	0.161895793100845	1	0.211	0.191	0.02
Unk	0.209259935804431	0.212811915001212	1	0.115	0.097	0.018
Pcbp4	0.20931883402133	-0.154190175630109	1	0.198	0.212	0.014
Rlf	0.209967434401957	-0.219448510467618	1	0.132	0.156	0.024
Fam13c	0.212980486898748	-0.100129297715172	1	0.28	0.285	0.00499999999999995
Gtf2a1	0.213109697307883	-0.281624902040876	1	0.094	0.11	0.016
Stk3	0.21581902590399	0.119502165905341	1	0.138	0.121	0.017
Cuedc1	0.21652922076888	-0.117149609202886	1	0.242	0.25	0.00800000000000001
Zbtb37	0.218352787491251	-0.299039617594474	1	0.09	0.109	0.019
Rnf216	0.218630238752709	0.190563312650177	1	0.275	0.248	0.027
Hdac11	0.218761227995675	0.22280243743682	1	0.112	0.094	0.018
Shroom2	0.219970210283895	0.252829236594603	1	0.148	0.127	0.021
Septin8	0.222636408676525	0.148364864473552	1	0.144	0.128	0.016
Herc1	0.224638626900097	-0.248109882423928	1	0.097	0.116	0.019
Bcorl1	0.228368523352103	0.240276895317153	1	0.117	0.101	0.016
Pik3cb	0.229467466969239	0.179704990589657	1	0.102	0.087	0.015
Uimc1	0.238226747500433	0.315818393402067	1	0.12	0.103	0.017
Sympk	0.240018430907001	0.158222135972531	1	0.101	0.087	0.014
Shroom3	0.243943848550173	0.19853338572296	1	0.184	0.163	0.021
Zfp407	0.24426325554138	0.28919100031354	1	0.135	0.113	0.022
Mtdh	0.248480192931305	0.200804513330871	1	0.136	0.118	0.018
Bfsp2	0.249078987391076	0.221060947414014	1	0.134	0.115	0.019
Rtkn	0.25295718569955	-0.165021186266026	1	0.166	0.178	0.012
Rngtt	0.257689202969951	0.138847856413348	1	0.216	0.192	0.024
Chdh	0.2638537569846	0.177218430345779	1	0.109	0.094	0.015
Gosr1	0.265323582351565	0.269573879577206	1	0.107	0.09	0.017
Sec24b	0.269449832020314	0.180659961571409	1	0.123	0.109	0.014
Ints7	0.270068723282847	0.138211427549751	1	0.127	0.113	0.014
Nup214	0.271398690444659	0.173531088404008	1	0.125	0.108	0.017
Rbl2	0.274226479686697	0.200446058943916	1	0.146	0.129	0.017
Lipa	0.275833627020105	-0.24352225497878	1	0.104	0.115	0.011
Trim24	0.27906263009971	0.161959289752798	1	0.161	0.151	0.01
Cntln	0.289081569895606	0.149372766079007	1	0.144	0.13	0.014
Chm	0.297905059548433	0.221194066060448	1	0.117	0.1	0.017
Brd1	0.299698278967065	0.251882107458023	1	0.108	0.091	0.017
Tada2a	0.299885757175219	0.183485344454316	1	0.178	0.158	0.02
Dot1l	0.302719155995692	0.201147212592911	1	0.165	0.147	0.018
Macir	0.303061068387705	-0.120822371189037	1	0.204	0.208	0.004
Usp24	0.304609073833081	0.176367701807551	1	0.195	0.173	0.022
Plekhb1	0.311830552979967	0.230138936069318	1	0.138	0.119	0.019
Ppp1r21	0.31227464529078	0.107378049739027	1	0.336	0.31	0.026
Ntan1	0.312926471866094	0.137703058638645	1	0.105	0.093	0.012
Golga4	0.315159379229567	0.213805956250061	1	0.105	0.091	0.014
Inf2	0.31774674861783	0.198081696478184	1	0.222	0.2	0.022
Rint1	0.319213846733077	0.116666230278711	1	0.113	0.101	0.012
Anapc10	0.319383016816294	0.143843332789213	1	0.1	0.088	0.012
Pkd2	0.321558480529413	0.128460936950732	1	0.151	0.137	0.014
Tank	0.325187889782654	-0.224486991552412	1	0.109	0.122	0.013
Ino80d	0.32924047010006	-0.112777565815787	1	0.151	0.156	0.005
Crebzf	0.340059126668308	0.134909085070359	1	0.126	0.113	0.013
Cldn14	0.341090690683371	-0.21131525224601	1	0.15	0.172	0.022
Xpa	0.343275978767276	0.160989129104373	1	0.141	0.125	0.016
Cacnb4	0.345933874621865	-0.140831988301993	1	0.159	0.158	0.001
Fbn2	0.350553217897049	0.318750215464094	1	0.108	0.092	0.016
Ttc28	0.36290616356944	-0.19232190603017	1	0.128	0.138	0.01
Usp37	0.367320344596158	0.156714765938193	1	0.122	0.107	0.015
Cbl	0.374600499816909	0.123681998284152	1	0.101	0.09	0.011
Kdm6a	0.381651790704382	0.108789247722095	1	0.414	0.394	0.02
Rhoq	0.385126320543217	0.204633249451655	1	0.111	0.097	0.014
Ehbp1	0.403766337841767	-0.200562610448952	1	0.113	0.125	0.012
Usp47	0.406381872569597	0.241576202210059	1	0.109	0.094	0.015
Asrgl1	0.409714320477898	0.160989685550067	1	0.123	0.11	0.013
Ncapd3	0.412395868157129	0.161773332831004	1	0.106	0.094	0.012
Polb	0.41538159383729	-0.116296146624419	1	0.128	0.134	0.00600000000000001
Cntrl	0.425001943360747	-0.158062679940038	1	0.132	0.139	0.00700000000000001
Mettl25	0.427248136097289	0.110190279878606	1	0.147	0.136	0.011
Tmem243	0.428051848529848	0.170461151280285	1	0.11	0.096	0.014
Sec61a2	0.435127912267502	0.16779280735545	1	0.122	0.11	0.012
Dcaf8	0.438172243156369	0.134461667285569	1	0.131	0.119	0.012
Nipsnap2	0.438368993725189	-0.18310151446977	1	0.096	0.107	0.011
Braf	0.444741000879345	-0.118303854969719	1	0.127	0.133	0.00600000000000001
Zcchc24	0.445368373289863	0.169541939453215	1	0.161	0.144	0.017
Csnk1g3	0.456386081865828	0.113488341002311	1	0.102	0.094	0.00799999999999999
Nectin1	0.461168453505611	0.114332168198375	1	0.125	0.115	0.01
Hltf	0.463435198033744	0.175154651370879	1	0.119	0.105	0.014
Rasal1	0.466491109225363	-0.232838250447104	1	0.105	0.118	0.013
Cpm	0.47330856058573	-0.129574449878675	1	0.225	0.235	0.00999999999999998
Tet1	0.48604214575394	0.179925802815878	1	0.148	0.136	0.012
Smurf2	0.493450030625083	0.113850182276359	1	0.208	0.192	0.016
Sass6	0.496861209002128	0.151915752595781	1	0.106	0.094	0.012
Epb41l4a	0.506566660880265	0.102878239301501	1	0.12	0.112	0.00799999999999999
Iffo1	0.519057838936092	-0.134226084131723	1	0.137	0.152	0.015
Pot1a	0.529817038206678	-0.135855192509247	1	0.095	0.101	0.00600000000000001
Fbxo21	0.540912601498496	0.185783007338384	1	0.122	0.113	0.00899999999999999
Atp10b	0.543942127986357	-0.136099919721327	1	0.142	0.154	0.012
Phc3	0.546181720623805	0.207689146262281	1	0.166	0.148	0.018
Tmbim1	0.548335325053298	0.156100094911581	1	0.198	0.185	0.013
Uty	0.554607641225383	-0.294573348248241	1	0.107	0.128	0.021
Pcca	0.563420082288481	-0.153389657457972	1	0.16	0.176	0.016
Cradd	0.604404963426587	0.136836983156901	1	0.111	0.103	0.00800000000000001
Ppp1r9a	0.615265656284575	-0.179635300015037	1	0.118	0.127	0.00900000000000001
Kdm4a	0.616471334294034	0.121398576496966	1	0.103	0.094	0.00899999999999999
Eif2s3y	0.62560692007209	-0.127639001839417	1	0.126	0.144	0.018
Dnajb6	0.639644605213009	0.106276017763668	1	0.161	0.153	0.00800000000000001
Rufy1	0.649671465643866	0.113027135320686	1	0.164	0.152	0.012
Zfp276	0.676285996022185	-0.117705899967928	1	0.099	0.11	0.011
Cyp20a1	0.694422327645612	0.16866866763245	1	0.11	0.105	0.005
Bicc1	0.699107476496498	0.138920062323654	1	0.192	0.183	0.00900000000000001
Orc3	0.725330425795871	-0.150099207843243	1	0.109	0.12	0.011
Bace1	0.733570081865492	0.103959959784706	1	0.116	0.109	0.00700000000000001
Traf6	0.740302755368077	0.126474088294878	1	0.104	0.096	0.00799999999999999
Rgma	0.827045304293254	0.165391479618932	1	0.141	0.137	0.00399999999999998
Tcf25	0.916333661178895	-0.120980540224321	1	0.167	0.18	0.013
