gene	p_val	avg_log2FC	p_val_adj	percent_3	percent_0	percent_difference
Snhg11	4.66908785162506e-62	-4.86313150429258	8.36607161254178e-58	0.006	0.153	0.147
Dpp10	3.01396727677773e-61	-3.83866910598177	5.40042656653034e-57	0.006	0.159	0.153
Cntnap2	7.33874284435742e-59	-2.01865134129512	1.31495594285196e-54	0.004	0.142	0.138
Ntm	3.19406189859327e-54	-5.53952084270225	5.72312010989942e-50	0.004	0.124	0.12
Dlgap1	3.20291244830914e-48	-3.73480534260923	5.73897852488032e-44	0.005	0.127	0.122
Kcnd2	4.64704730663376e-48	-3.0146541983649	8.32657936402638e-44	0.018	0.168	0.15
Fth1	1.30419215079902e-47	0.95164655575387	2.33685149580169e-43	0.785	0.491	0.294
Nrg1	1.33263893893656e-46	-5.00807661278929	2.38782245078652e-42	0.004	0.12	0.116
Nalf1	5.95763745762043e-46	-4.18343268133098	1.06748947965643e-41	0.005	0.122	0.117
Syt1	1.52674924624516e-43	-2.47744232701465	2.73562929942208e-39	0.029	0.188	0.159
Nrg3	5.05294364601483e-36	-1.18288538903161	9.05386442492938e-32	0.085	0.262	0.177
Lrrtm4	3.12005956636093e-35	-3.31977843088968	5.59052273100551e-31	0.007	0.103	0.096
Fgf14	5.18178900927985e-35	-1.50318910318291	9.28472954682764e-31	0.079	0.256	0.177
Rbfox1	1.10498491940087e-34	-1.25207473847428	1.97991197858248e-30	0.08	0.253	0.173
Csmd1	4.54290186488891e-32	-1.15331521521977	8.13997156150795e-28	0.082	0.253	0.171
Kcnip4	4.95800927939622e-32	-1.49013556987085	8.88376102682215e-28	0.082	0.252	0.17
Celf2	3.25479831760264e-30	-1.0366079155664	5.83194762548042e-26	0.105	0.276	0.171
Nrxn3	9.96726075761522e-30	-0.941128625801087	1.78593378254949e-25	0.107	0.276	0.169
Nrxn1	1.69774541873854e-27	-1.04959580659321	3.04202024129571e-23	0.168	0.356	0.188
Eef1a1	2.89102859131691e-23	-1.97363937954844	5.18014502992164e-19	0.046	0.138	0.092
Ctnnd2	1.890405218097e-19	-1.43266749093185	3.38722806978621e-15	0.053	0.143	0.09
Tenm2	1.80421818311071e-18	-0.91088905819432	3.23279814049777e-14	0.238	0.391	0.153
Zbtb16	7.24015862366067e-17	-1.49657267367209	1.29729162218752e-12	0.113	0.229	0.116
Actb	3.81284409640901e-15	-1.01487905089428	6.83185405194566e-11	0.222	0.33	0.108
Lsamp	5.33100392910216e-14	-0.448341103090804	9.55209284016525e-10	0.312	0.444	0.132
Lrrtm3	5.54949886261334e-12	-1.91217813655516	9.94359206203058e-08	0.051	0.174	0.123
Adgrl3	3.719050135698e-11	-0.985532037943959	6.66379403314368e-07	0.058	0.122	0.064
Igf1r	4.09370291098974e-11	0.649392170355765	7.33509687591142e-07	0.448	0.306	0.142
Hecw2	5.97344802920537e-11	-0.340904933725872	1.07032241787302e-06	0.773	0.776	0.003
Mycbp2	6.25255850442876e-11	0.255460705942223	1.12033343282354e-06	0.653	0.521	0.132
Adgrb3	9.18993030190642e-11	-0.342010694566502	1.64665171149559e-06	0.324	0.434	0.11
Tmod2	2.3520682769233e-10	-0.600461605581246	4.21443593859118e-06	0.422	0.5	0.078
Parg	2.94882594143432e-10	0.843954914803073	5.28370632186201e-06	0.212	0.132	0.08
Dcaf8	4.39820297893077e-10	-0.861692480833778	7.88070009764815e-06	0.121	0.169	0.048
Luc7l2	5.01397093155089e-10	-0.271464278765795	8.98403311515289e-06	0.677	0.669	0.00800000000000001
Epdr1	1.93816102186569e-09	-1.12842495619423	3.47279691897894e-05	0.084	0.14	0.056
Slc8a1	2.06123153600868e-09	-0.337407204861474	3.69331466622034e-05	0.777	0.798	0.021
Negr1	2.15647839765999e-09	-0.684570654390798	3.86397799292717e-05	0.085	0.145	0.06
Prkn	6.15394030091145e-09	-0.35235668345026	0.000110266302311731	0.665	0.706	0.0409999999999999
Spock1	8.39101780020686e-09	-0.282778554556665	0.000150350256944107	0.537	0.543	0.00600000000000001
Tuba1a	2.87606935323754e-08	-1.20229068820847	0.000515334106713103	0.079	0.13	0.051
Rnf220	3.79692960010528e-08	0.34997950892962	0.000680333845746865	0.947	0.893	0.0539999999999999
Crebrf	4.33391817873789e-08	-0.686262588770842	0.000776551459266255	0.201	0.263	0.062
Pak5	4.70276417595116e-08	-0.183589905001569	0.000842641285046928	0.829	0.782	0.0469999999999999
Kcnab1	7.22120651091247e-08	-1.06956590023323	0.0012938957826253	0.195	0.312	0.117
Dst	8.22273914263934e-08	0.248448603427985	0.00147335039957812	0.788	0.663	0.125
Son	1.30339519387084e-07	0.409601427501685	0.00233542350837777	0.584	0.452	0.132
Ddx17	1.5150259266267e-07	0.368409171796277	0.00271462345532973	0.573	0.442	0.131
Scd2	1.59012117631024e-07	-0.387653673015745	0.00284917912371268	0.579	0.609	0.03
Sgms1	1.81129318416399e-07	0.815282669025773	0.00324547512738503	0.176	0.098	0.078
Samd4	3.40695704264509e-07	0.487826865551849	0.00610458562901147	0.496	0.36	0.136
Itpk1	4.76563235538985e-07	-0.547779225852525	0.00853906005438754	0.329	0.39	0.061
Pdcd6ip	4.91687879828436e-07	0.98259455480968	0.00881006343076591	0.242	0.137	0.105
Epb41l4b	4.95839279701999e-07	0.665999979181115	0.00888444821370042	0.226	0.134	0.092
Cert1	6.88776797615367e-07	0.687459616199454	0.0123415026596722	0.225	0.142	0.083
Cachd1	8.26339295048754e-07	1.41810113668793	0.0148063474886836	0.121	0.054	0.067
Sptbn1	1.15739420682464e-06	0.472059576306204	0.0207381893978838	0.396	0.279	0.117
Nuak1	1.20537862510012e-06	0.892022872476783	0.0215979742045439	0.104	0.044	0.06
Auts2	1.22733247737516e-06	-0.204981629934121	0.0219913433296082	0.671	0.744	0.073
Wapl	1.24699605619854e-06	0.839684756098114	0.0223436753349655	0.145	0.085	0.06
Nsmf	1.47619809587735e-06	1.01205590334473	0.0264505174819304	0.171	0.093	0.078
Mdm4	1.70046705359017e-06	0.516625883250624	0.0304689686662287	0.301	0.204	0.097
Rora	2.22313412123078e-06	-0.622951961891721	0.0398341171842132	0.066	0.113	0.047
Kpna4	2.49119483594789e-06	0.586922665681955	0.0446372290705142	0.21	0.148	0.062
Tcf4	2.49719294307393e-06	0.11885045618024	0.0447447031539987	0.737	0.632	0.105
Ncam1	2.58830477694782e-06	-0.159001448001379	0.0463772449933511	0.915	0.902	0.013
Kif3a	3.18769703342691e-06	0.56039180551723	0.0571171554449434	0.278	0.182	0.096
Elovl6	3.36311520013276e-06	0.834970464544753	0.0602602981559789	0.204	0.128	0.076
Foxp1	3.52562861662124e-06	0.160745374291456	0.0631722135526194	0.421	0.325	0.096
Dlg2	3.5330687057383e-06	-0.263386434826494	0.0633055250694189	0.851	0.917	0.0660000000000001
Pacrg	3.63032092635156e-06	-0.564009146222125	0.0650480903583672	0.507	0.575	0.0679999999999999
Opcml	5.43880857008623e-06	-0.240255315165337	0.0974525719588051	0.259	0.31	0.051
Msantd2	5.44061627783054e-06	0.796846927416449	0.0974849624661675	0.124	0.074	0.05
Copg2	5.67984312192127e-06	0.476248452324754	0.101771429058585	0.162	0.122	0.04
Ints6l	7.58212829500192e-06	0.663349479772335	0.135856574789844	0.172	0.103	0.069
Map4k4	7.67183084330444e-06	0.344362570138935	0.137463865050329	0.581	0.457	0.124
Tle1	8.41691383050962e-06	0.871226491867632	0.150814262015071	0.184	0.103	0.081
Plxnb3	1.00119642977144e-05	0.632155795354377	0.179394376286447	0.265	0.162	0.103
Gmds	1.14540852544393e-05	0.825349237533023	0.205234299589044	0.212	0.133	0.079
Unc5c	1.21237063972478e-05	-0.258568433414162	0.217232571225885	0.821	0.833	0.012
Ypel2	1.21712380029886e-05	0.389024680205612	0.218084242537549	0.793	0.704	0.0890000000000001
Adcy5	1.26253918891186e-05	0.812751240790138	0.226221771869226	0.144	0.079	0.065
Ptpra	1.33388854832041e-05	-0.397854289682755	0.23900615008805	0.341	0.363	0.022
Hsp90aa1	1.35378096561553e-05	-1.05449849208964	0.242570473418991	0.093	0.162	0.069
Wwp1	1.44564107183434e-05	-0.456266745491282	0.259029967251278	0.207	0.227	0.02
Macf1	1.5487601028804e-05	0.535886073820421	0.27750683523411	0.44	0.313	0.127
Dip2b	1.69639414910166e-05	0.251504379393722	0.303959903636035	0.673	0.551	0.122
Ssh2	1.79712719580979e-05	-0.189210996445631	0.322009250945199	0.684	0.662	0.022
Hip1r	1.83956635110484e-05	0.831437000551831	0.329613498790965	0.108	0.065	0.043
Dync1li2	1.84971609018311e-05	0.375173759160121	0.33143212903901	0.329	0.228	0.101
Plekhg1	1.92840730786528e-05	0.336342877854734	0.345532021423301	0.697	0.593	0.104
Tspan5	1.93125083804449e-05	0.187341857039115	0.346041525160813	0.525	0.421	0.104
Rab11fip4	2.10830682163147e-05	-0.959263422769464	0.377766416299927	0.092	0.137	0.045
Nrbp2	2.1426935230684e-05	0.500148676886359	0.383927825463396	0.482	0.377	0.105
Ino80d	2.17189650140578e-05	0.66915651669806	0.389160415121888	0.15	0.094	0.056
Eml1	2.17662777238267e-05	0.55839558339688	0.390008164255528	0.479	0.368	0.111
Ptn	2.40560487795744e-05	-0.308365999433968	0.431036282032415	0.507	0.539	0.032
Ctnnd1	2.42260670866308e-05	1.08797229236457	0.434082670058251	0.129	0.068	0.061
U2af1	2.49892178878667e-05	-0.957891795649866	0.447756806114795	0.074	0.102	0.028
Ttll5	2.59685470221212e-05	0.319074009825425	0.465304425542368	0.601	0.485	0.116
Smarca2	2.64777421217775e-05	0.307522256292278	0.47442818333801	0.146	0.133	0.013
Ankrd11	2.74723550943609e-05	0.704397085901601	0.492249658580759	0.17	0.107	0.063
Jmjd1c	2.91552080030607e-05	0.535785881673305	0.522403016998841	0.301	0.208	0.093
Rab14	3.15775792900967e-05	-1.17081186745497	0.565807065719952	0.062	0.107	0.045
Cnot10	3.16879197595745e-05	-0.616855197914153	0.567784146252055	0.125	0.154	0.029
Unc5b	3.38656782048829e-05	0.758611676508732	0.606805222075091	0.176	0.103	0.073
Ngly1	3.58429932123634e-05	0.855866384225025	0.642234752379128	0.103	0.056	0.047
Srrm1	3.58964568949417e-05	0.368943480679375	0.643192714643566	0.268	0.198	0.07
H2aj	3.76328172161654e-05	-0.683545899171847	0.674304818879251	0.104	0.137	0.033
Osbpl1a	3.77479848261819e-05	-0.226132287300065	0.676368392115528	0.455	0.446	0.00900000000000001
Zfhx2	3.83747491509025e-05	-1.21356973270502	0.68759875528587	0.067	0.128	0.061
Cald1	3.91401534559616e-05	0.636738941220144	0.701313269623919	0.24	0.15	0.09
Kif3c	4.00461159090956e-05	0.580778419922947	0.717546304859175	0.238	0.154	0.084
Arfgef2	4.00617795768908e-05	0.376131024902421	0.71782696645873	0.279	0.198	0.081
Zfyve9	4.19393253277551e-05	0.97522800613765	0.751468831222717	0.11	0.061	0.049
Arhgef10	4.417988627144e-05	0.403834823177884	0.791615202211662	0.529	0.416	0.113
Fam135a	4.5616840007413e-05	0.742732021563647	0.817362539252826	0.115	0.076	0.039
Ncoa1	4.81542921782971e-05	0.725787951089493	0.862828607250727	0.178	0.114	0.064
Vps13b	4.90646373001972e-05	0.375890532017805	0.879140171144934	0.29	0.213	0.077
Ccnt1	5.0833694347491e-05	0.872047869432174	0.910838135318344	0.128	0.071	0.057
Gpatch8	5.69334995044568e-05	-0.222409788251795	1	0.467	0.459	0.00800000000000001
Ankrd12	5.76978715649167e-05	-0.72682315505988	1	0.165	0.249	0.084
Dennd5b	6.0180904812477e-05	-0.775216643949144	1	0.143	0.199	0.056
Glt8d1	6.09476475488161e-05	0.681693773797381	1	0.112	0.073	0.039
Dnajc13	6.19723816281598e-05	0.557548571522578	1	0.133	0.09	0.043
Zfp771	6.66605795900323e-05	0.847003400438844	1	0.144	0.079	0.065
Ikzf2	6.94137148153587e-05	-0.519258903048322	1	0.187	0.207	0.02
Smg6	7.0541543519957e-05	0.479691205970623	1	0.237	0.169	0.068
Arid2	7.70094667730554e-05	-0.311259378622256	1	0.129	0.125	0.004
Dot1l	7.71523515498234e-05	0.594552782308898	1	0.145	0.091	0.054
Bach2	7.95385781111099e-05	0.506385344234873	1	0.374	0.258	0.116
Crim1	8.34339880718861e-05	0.744528281241602	1	0.145	0.089	0.056
Gnao1	8.42142829421978e-05	0.128499932754336	1	0.787	0.698	0.0890000000000001
Smad7	8.56939466646302e-05	0.510580958282195	1	0.365	0.251	0.114
Spns2	8.66012108422457e-05	0.591326203324577	1	0.232	0.149	0.083
Slc8a3	9.11703173252391e-05	-0.465681382377736	1	0.185	0.219	0.034
Micall1	9.36931385153275e-05	0.231018005910622	1	0.313	0.233	0.08
Chuk	0.000108418574238134	0.478352235356057	1	0.129	0.094	0.035
Myo1e	0.000109119828075164	0.324750826161674	1	0.363	0.276	0.087
Chd7	0.000113764638236947	0.40707584823793	1	0.444	0.335	0.109
Riok3	0.000118891341088826	0.757253624902474	1	0.118	0.071	0.047
Tmem260	0.000120007538838465	0.472909122565687	1	0.27	0.189	0.081
Btbd9	0.00012363578545092	0.415318105055443	1	0.216	0.169	0.047
Rasa3	0.00012729549503874	0.460212540228975	1	0.284	0.19	0.094
Depdc5	0.000128369813563519	0.485395833087094	1	0.179	0.125	0.054
Adam19	0.000129651700681935	0.451302291326163	1	0.222	0.149	0.073
Agps	0.000132669253304046	0.542370633498163	1	0.211	0.145	0.066
Ythdc1	0.000133066647196689	0.463332822721099	1	0.187	0.137	0.05
Mical3	0.00013551832557007	0.264766765315121	1	0.155	0.11	0.045
Trpc1	0.000138246211879461	0.531409794782943	1	0.146	0.104	0.042
Tex2	0.000138846409314566	0.507131739944925	1	0.268	0.177	0.091
Vps50	0.000140695416849006	0.821603888479284	1	0.11	0.065	0.045
Fermt2	0.00015472176326467	0.548431772573852	1	0.235	0.165	0.07
Ppfibp2	0.00015524254880874	0.485382234526236	1	0.515	0.415	0.1
Ppp2r5a	0.000172223085092607	0.58701421249449	1	0.318	0.233	0.085
Zkscan3	0.000173620141382247	-1.19328965028754	1	0.053	0.108	0.055
Hectd1	0.000174826494191238	0.906918932186632	1	0.107	0.063	0.044
Pibf1	0.000175785453511885	0.203624702520845	1	0.235	0.175	0.06
Mbp	0.000180981260707317	0.174882629825353	1	0.982	0.979	0.003
Rbpj	0.000183466015711794	0.733971503164532	1	0.13	0.081	0.049
Ncoa6	0.000185196357109933	0.359312856894276	1	0.242	0.165	0.077
Rtn3	0.000186938696449156	-0.765275614813569	1	0.093	0.129	0.036
Cryab	0.000194475718079787	-0.748788752843237	1	0.112	0.173	0.061
Herc2	0.000201343470208894	0.238926373633711	1	0.165	0.145	0.02
Atp2c1	0.000201675655987302	0.377384280062299	1	0.274	0.218	0.056
Dock1	0.000207734688990166	0.280694004755471	1	0.694	0.596	0.098
Reep5	0.000210398353229844	-0.330957527016144	1	0.108	0.108	0
Hipk3	0.000217469591694533	0.330727177293007	1	0.114	0.099	0.015
Arhgap23	0.000226673643909957	0.339421457642302	1	0.872	0.792	0.08
Aatk	0.000230256175728264	0.296557466995022	1	0.624	0.52	0.104
Zfp609	0.000230360338345286	0.615212032361449	1	0.224	0.148	0.076
Prr5l	0.000251742647731579	0.190154651233289	1	0.965	0.956	0.00900000000000001
Mat2a	0.000254755276853025	-0.645842501758832	1	0.208	0.276	0.068
Tank	0.000255232779351643	0.662623387763513	1	0.157	0.098	0.059
Srgap1	0.000262793976178047	0.360349211273244	1	0.415	0.317	0.098
Armc8	0.000267221735253895	0.759916708636361	1	0.108	0.068	0.04
Adap1	0.000277365316558093	0.367526693874329	1	0.312	0.227	0.085
Klf7	0.000279141265381903	0.240051916722198	1	0.486	0.386	0.1
Osbp	0.000279328596830388	-0.609276023909558	1	0.089	0.109	0.02
Tmod1	0.000288283984839931	0.17850136376913	1	0.374	0.296	0.078
Kmt2c	0.000288681616787699	0.268505001224319	1	0.484	0.387	0.097
Kcmf1	0.000295585263592402	0.832132187392045	1	0.128	0.073	0.055
Zfp532	0.000311204758085997	0.195347476169918	1	0.493	0.397	0.096
Tmem219	0.000317468444245407	-0.895818522172406	1	0.076	0.109	0.033
Fbxw15	0.000323330785735954	-0.935369388103626	1	0.101	0.174	0.073
Zfp462	0.00032752990808342	0.363841784682117	1	0.312	0.247	0.065
Dennd6a	0.00034184856074091	-0.613206078181581	1	0.13	0.164	0.034
Myo1d	0.000343019737255569	0.227981383034192	1	0.682	0.586	0.0960000000000001
Mcam	0.000350238477171904	0.919997916533718	1	0.131	0.076	0.055
Pkm	0.000362287796968632	-0.874050494894377	1	0.075	0.114	0.039
Kat6a	0.000383786703277973	-0.306833039159072	1	0.241	0.248	0.00700000000000001
Otud7a	0.000385344131834855	-0.243626863850184	1	0.492	0.496	0.004
Dop1a	0.000387100780904797	0.580950951728089	1	0.14	0.103	0.037
Ptch1	0.000436946944368354	0.615093309690063	1	0.122	0.073	0.049
Bltp1	0.000446309895526658	0.425965667605889	1	0.185	0.143	0.042
Pafah1b1	0.000451578584443086	-0.206708437184538	1	0.646	0.647	0.001
Oxr1	0.000452869678861621	-0.504378412433085	1	0.228	0.302	0.074
Mfsd6	0.000459543890460893	-0.599865972042146	1	0.147	0.187	0.04
Tnrc6c	0.000463599321305884	0.279902600057818	1	0.268	0.204	0.064
Tent2	0.00047011222703295	-1.12099070196986	1	0.057	0.105	0.048
Kmt2e	0.000480293534597672	0.343509004687778	1	0.343	0.259	0.084
Usp34	0.000480499558069251	0.440121603570398	1	0.286	0.214	0.072
Thra	0.000508226420137087	-0.330606582314904	1	0.27	0.284	0.014
Arhgap5	0.000517180599017194	0.218492253863553	1	0.355	0.278	0.077
Slc44a1	0.000530262538458417	-0.159271669938064	1	0.597	0.595	0.002
Epb41l3	0.000536793871043352	0.192780757804178	1	0.485	0.402	0.083
Padi2	0.000542732146313056	0.645702888930717	1	0.161	0.094	0.067
Sh3kbp1	0.000549474536546456	0.376686455605664	1	0.483	0.395	0.088
Gbf1	0.000557909335684712	0.545674306412906	1	0.204	0.14	0.064
Phldb1	0.000558778745045252	0.359685733025445	1	0.744	0.653	0.091
Bicd2	0.000572981792482592	0.768162799896714	1	0.143	0.079	0.064
Aspa	0.000576613290157713	-0.206776394456372	1	0.732	0.777	0.045
Tanc2	0.000589870616310422	0.197914003676284	1	0.306	0.246	0.06
Nfasc	0.000605431634264174	0.311144970260247	1	0.695	0.608	0.087
Il1rap	0.000609556787689141	-0.145125797468093	1	0.642	0.617	0.025
Prex1	0.000615578279639018	0.596921910223331	1	0.164	0.099	0.065
Spag9	0.000623871134095884	0.323015872607869	1	0.371	0.301	0.07
Gphn	0.000634893733239532	-0.116749062667823	1	0.78	0.787	0.00700000000000001
Extl3	0.000648531197730945	0.583591555503858	1	0.194	0.142	0.052
Pik3c2b	0.000659977203201673	0.14388964121254	1	0.454	0.371	0.083
1700025G04Rik	0.0006610414001506	-0.375964535253925	1	0.157	0.165	0.00800000000000001
Bcorl1	0.000666517879265179	0.869060143736579	1	0.126	0.076	0.05
Gpd2	0.000672625849873037	0.550065504823298	1	0.225	0.167	0.058
Flnb	0.000676300494302141	0.353042765492989	1	0.183	0.132	0.051
Ubr2	0.000687204528511416	-0.345769355458138	1	0.279	0.296	0.017
Iqsec1	0.000687680635145546	0.148576434907708	1	0.563	0.467	0.0959999999999999
Klhl2	0.000697764106513803	0.235921294221065	1	0.768	0.682	0.086
Dmxl1	0.000723995114679817	0.236034465888323	1	0.257	0.206	0.051
Zfr	0.000735471175274361	-0.694895640401313	1	0.145	0.207	0.062
Sec62	0.000754265445299175	-0.602805284820425	1	0.093	0.134	0.041
Prkdc	0.000760113226891236	0.459749113903338	1	0.19	0.124	0.066
Gse1	0.000768006073668313	0.40336645245539	1	0.197	0.134	0.063
Nbeal1	0.00077130611969837	-0.379835286824757	1	0.176	0.198	0.022
Nr2c2	0.000806326351123658	-0.750678365615123	1	0.109	0.149	0.04
Rfx7	0.00081676594838831	-0.850303208648735	1	0.065	0.118	0.053
Tanc1	0.000821171302912732	0.158863275802038	1	0.364	0.294	0.07
Arid1b	0.000825144635779591	0.272874124044225	1	0.327	0.276	0.051
Git2	0.000828122278709489	0.475144356795674	1	0.229	0.159	0.07
Tmem132d	0.000828978076827924	0.311696879332167	1	0.281	0.206	0.075
Slk	0.000831059842011319	0.519037815464436	1	0.293	0.214	0.079
Ctnnal1	0.000847013713455734	0.668702724524799	1	0.119	0.076	0.043
Sp1	0.000847623961347104	-0.786319785668209	1	0.082	0.125	0.043
Rassf2	0.000864828592362886	0.256074915281201	1	0.276	0.208	0.068
Klc1	0.000876331175851877	-1.30648390255966	1	0.053	0.112	0.059
Spsb1	0.000911780268889384	0.860633456397356	1	0.146	0.084	0.062
Gatad2b	0.000960076675044016	0.315574487309535	1	0.297	0.237	0.06
Hipk2	0.000969552016878989	0.144799426578721	1	0.695	0.614	0.081
Pacs2	0.00101165025852753	0.306175622707706	1	0.516	0.419	0.097
Rab10	0.00102424185312943	-0.254294569678797	1	0.385	0.382	0.003
Folh1	0.0010428029823215	-0.277063669021127	1	0.304	0.313	0.00900000000000001
Ankrd28	0.00105697485239523	-0.127069518589983	1	0.726	0.717	0.00900000000000001
Kansl1l	0.00107864718105696	-0.631993427383621	1	0.175	0.244	0.069
Tacc1	0.00110063809359706	-0.245407336507759	1	0.229	0.221	0.00800000000000001
Sytl2	0.00111648433425058	0.255213740371731	1	0.635	0.543	0.092
Avl9	0.00112959337496908	0.833946883791062	1	0.103	0.066	0.037
Pdss2	0.00117891264445244	-1.29419533704073	1	0.049	0.103	0.054
Elapor2	0.00119736714369924	0.344997617854808	1	0.338	0.266	0.072
Srebf2	0.0011995973171354	0.304427548538964	1	0.173	0.145	0.028
Srrm2	0.00120603126313723	0.386819048915491	1	0.257	0.206	0.051
Ralyl	0.00122516197991749	-0.480489223316208	1	0.117	0.142	0.025
Kansl1	0.00124552124817968	0.411924656323617	1	0.358	0.277	0.081
Trim24	0.00126604940014599	0.437238515860194	1	0.131	0.098	0.033
Arhgap17	0.00127331427532231	0.59793454148402	1	0.118	0.074	0.044
Frmd4b	0.00132284012601287	0.17187604733711	1	0.826	0.742	0.084
Ccdc50	0.00133816284700183	-0.298425921298274	1	0.362	0.378	0.016
Map1a	0.0013482229282638	-0.348191992936933	1	0.105	0.114	0.00900000000000001
Usp30	0.00137699842538062	0.869184702050531	1	0.102	0.053	0.049
Man2a2	0.00140236533768957	0.740779575097992	1	0.12	0.075	0.045
Mff	0.00143474901524512	-0.46455495912162	1	0.141	0.162	0.021
Kif13a	0.00147900447317064	0.289338786810973	1	0.703	0.609	0.094
Zfp169	0.00149870457794686	0.954451632658849	1	0.102	0.053	0.049
Nr6a1	0.00150059746007814	-0.909631934514704	1	0.086	0.15	0.064
Pcdh15	0.00150254847626142	-0.564332286643722	1	0.086	0.118	0.032
Ktn1	0.00152697710709382	-0.65994612176474	1	0.118	0.165	0.047
Rffl	0.00153610223033726	0.227539096763812	1	0.597	0.496	0.101
Exoc4	0.00154220054677346	-0.119115993195317	1	0.461	0.452	0.00900000000000001
Diaph2	0.00157065356114075	0.738102529149014	1	0.139	0.09	0.049
Cyrib	0.00160692409003674	-0.214940710276715	1	0.191	0.188	0.003
Tubb4a	0.00164083870326497	-0.258407357800859	1	0.49	0.53	0.04
Ube3c	0.00166876241472936	-0.628069134317685	1	0.118	0.152	0.034
Ccp110	0.001750519517935	0.308889436884376	1	0.444	0.366	0.078
Eif4g3	0.00180061998171551	-0.719785820972107	1	0.121	0.174	0.053
Mast4	0.00183464789339629	-0.105113853795763	1	0.956	0.954	0.002
Vbp1	0.00184498413027006	0.249479445976574	1	0.126	0.093	0.033
Fryl	0.00186554973833648	0.235725200351021	1	0.579	0.494	0.085
Arih2	0.00187065199315366	-0.713754560310426	1	0.082	0.105	0.023
Apod	0.00188240278652862	-0.148351258579825	1	0.508	0.484	0.024
Cnp	0.00189558879256627	-0.476048710156957	1	0.228	0.288	0.06
Eea1	0.00190064627816595	0.648015515744568	1	0.133	0.086	0.047
Arap2	0.0019534041646961	-0.167357297778592	1	0.46	0.444	0.016
Zfp704	0.00199257276026971	0.294866874880759	1	0.372	0.283	0.089
Pwwp2a	0.00199503401840325	0.348301607295125	1	0.112	0.088	0.024
Cyp27a1	0.00202583049593386	0.41155147860119	1	0.222	0.16	0.062
Ccser2	0.00208512874018156	0.493441811946269	1	0.183	0.139	0.044
Fubp1	0.00210401682633172	0.422120572718955	1	0.154	0.113	0.041
Xrn1	0.00210979938615573	0.338111073342988	1	0.199	0.148	0.051
Dyrk1a	0.00217226314995779	-0.530165313794224	1	0.171	0.211	0.04
Tns3	0.00218073688807626	0.429574413329919	1	0.276	0.199	0.077
Prkcz	0.00221273530986003	0.181679673778394	1	0.438	0.358	0.08
Pan3	0.00226246015305988	0.363128228038211	1	0.221	0.178	0.043
Asb3	0.00230563808783464	0.415747902102035	1	0.145	0.102	0.043
Zfp740	0.00239875010054527	0.363230604621334	1	0.172	0.119	0.053
Psen1	0.00243176559776994	0.609083443036337	1	0.167	0.118	0.049
Ube2e2	0.00245330124334559	-0.140826948114781	1	0.825	0.82	0.005
Reps2	0.00253064478818367	-1.33754347115905	1	0.065	0.14	0.075
Ptgds	0.00257216835082822	-0.200739744942463	1	0.468	0.54	0.072
Setd3	0.00258949396537043	0.56591895243886	1	0.101	0.064	0.037
Acaa1a	0.00261304710664682	0.534658371512436	1	0.136	0.084	0.052
Rabgap1	0.00266590870941285	-0.497895315105906	1	0.239	0.276	0.037
Mgrn1	0.00271267871149694	0.443960938553159	1	0.164	0.119	0.045
Sox8	0.00287177459893909	0.29393837682815	1	0.135	0.091	0.044
Ralgapa2	0.00288338371885027	-0.983411729965571	1	0.057	0.108	0.051
Phf3	0.00289131613576502	0.297342759952701	1	0.231	0.185	0.046
Prdm2	0.00297396707129949	-0.367546443085657	1	0.129	0.134	0.005
Clock	0.0030334312775385	0.220446914690225	1	0.232	0.185	0.047
Nap1l4	0.0030393151728046	-0.760702031158601	1	0.072	0.104	0.032
Wac	0.00306159073536651	0.310999432219411	1	0.246	0.197	0.049
Pigz	0.00309951883974717	-0.260991229586426	1	0.15	0.147	0.003
Srpk3	0.00320890482451741	0.566611526879287	1	0.134	0.086	0.048
Kif1b	0.0032468620468003	0.182834443542166	1	0.887	0.84	0.047
Ywhae	0.0032735690934744	-0.71530772040618	1	0.073	0.117	0.044
Paxbp1	0.00332705489580284	0.470959223032388	1	0.105	0.081	0.024
Fam13b	0.00338108115304472	0.338038208713591	1	0.315	0.243	0.072
Med13	0.00338645152617267	-0.695275138036669	1	0.073	0.118	0.045
Cuedc1	0.00345149241657668	0.23758363283785	1	0.269	0.211	0.058
Apoe	0.0034525094326454	-0.26545734568144	1	0.23	0.224	0.00600000000000001
Sos1	0.00349884147811356	0.415411454139523	1	0.11	0.086	0.024
Scaper	0.00351536326407334	0.287108780501184	1	0.262	0.206	0.056
Kdm5a	0.00352081686102637	0.447934991185146	1	0.103	0.075	0.028
Rnf38	0.00355114322731601	0.230706158804567	1	0.132	0.091	0.041
Kmt5b	0.00355552985518975	0.188733832315814	1	0.204	0.158	0.046
Tmem98	0.00356950868603347	-0.280922820205598	1	0.118	0.117	0.000999999999999987
Cyp20a1	0.00359793047750422	-0.379598558857559	1	0.1	0.107	0.00699999999999999
Ddx46	0.00371992054339288	0.450771681899297	1	0.1	0.066	0.034
Cyld	0.0037225109657161	0.319270763772635	1	0.174	0.132	0.042
Stag2	0.00385866561863911	0.415519057594846	1	0.238	0.179	0.059
Trappc8	0.00389411782519795	0.336533195303437	1	0.126	0.091	0.035
Bcas1	0.00390062920119329	0.288305066666452	1	0.728	0.652	0.076
Rbm33	0.00393092798131959	-0.693122383347059	1	0.093	0.119	0.026
Scfd2	0.00398288318880921	-0.521154554880845	1	0.122	0.153	0.031
Tmcc3	0.00400870163223215	0.317981979808839	1	0.575	0.49	0.085
Atp8b1	0.00402162931240739	0.395799842470057	1	0.318	0.254	0.064
Tfdp2	0.00404462314641747	0.187280787553237	1	0.257	0.207	0.05
Trappc9	0.00411122596447053	0.50793018375294	1	0.135	0.1	0.035
Car2	0.00418211208534154	-0.14137409025228	1	0.594	0.588	0.00600000000000001
Kcnq3	0.00429407511576493	0.190250553797812	1	0.853	0.793	0.0599999999999999
Xiap	0.00433700594674898	0.218747672468485	1	0.119	0.109	0.01
Atrx	0.00434334490600997	-0.308484463937659	1	0.254	0.282	0.028
Elp4	0.00435779692867353	0.171168932692722	1	0.242	0.197	0.045
Rictor	0.00442078053048877	0.443094709091845	1	0.19	0.145	0.045
Eeig1	0.00443165575414493	0.103294477719206	1	0.313	0.253	0.06
Tln2	0.00457489235359008	-0.311721472297635	1	0.151	0.152	0.001
Ufl1	0.00465404530039072	0.697653132832227	1	0.107	0.064	0.043
Usp37	0.00469901654742431	0.4322074223601	1	0.107	0.073	0.034
Rasgrp3	0.00470178420648667	0.236894835999215	1	0.383	0.311	0.072
Ankhd1	0.00471096900762169	0.223022672378337	1	0.256	0.194	0.062
Plekha1	0.00473505273808006	-0.283672809882604	1	0.398	0.429	0.031
Elmo1	0.00477125573323849	-0.126919064076064	1	0.824	0.807	0.0169999999999999
Spock3	0.00487901227662862	0.21738885100876	1	0.757	0.704	0.053
Stag1	0.0048838842059884	-0.44531375361805	1	0.22	0.262	0.042
Ubap2l	0.00490480509033861	0.530201770422934	1	0.129	0.095	0.034
Pbx3	0.004955134105978	0.389151773490532	1	0.199	0.133	0.066
Trim44	0.00495939766680547	-0.769596829780251	1	0.122	0.182	0.06
Rnf141	0.00497672245910285	0.484940000948799	1	0.232	0.165	0.067
Tcp11l1	0.00510900621754559	0.46687867779704	1	0.138	0.098	0.04
Adamtsl4	0.0051666005161567	0.175615272798522	1	0.157	0.117	0.04
Sbf1	0.00518258015543079	0.364803347321113	1	0.243	0.19	0.053
Vldlr	0.00526059570073829	0.151361215146979	1	0.254	0.206	0.048
Acbd5	0.00532614071766785	-0.551029565230647	1	0.09	0.103	0.013
St6gal1	0.00566627488895793	0.161335970352626	1	0.502	0.422	0.08
Anapc1	0.00566803812534206	-0.544025027448845	1	0.104	0.128	0.024
Zfp292	0.00589146282309992	0.493037721998477	1	0.138	0.096	0.042
Ippk	0.00593088625704266	0.676404610229493	1	0.104	0.068	0.036
Heg1	0.00596143026770368	0.330048009389904	1	0.368	0.294	0.074
Hcn2	0.00596314398526617	0.438961338744043	1	0.293	0.227	0.066
Arhgap35	0.00598086600854467	-0.678092659957537	1	0.114	0.15	0.036
Me2	0.0059989370082074	0.727059742369934	1	0.101	0.06	0.041
Ep300	0.00600107514781584	-0.782300856805283	1	0.087	0.127	0.04
Hapstr1	0.00611440707168339	-0.557881424116381	1	0.118	0.145	0.027
Pkn2	0.00619027916718959	0.43633139549619	1	0.13	0.084	0.046
Crppa	0.00620624428422448	-0.194639878177797	1	0.351	0.338	0.013
Ube2k	0.00624282138951629	-0.896657572999017	1	0.083	0.145	0.062
Snx29	0.00646662732730512	0.222587867815827	1	0.412	0.338	0.074
Atp9b	0.00660372065578541	0.378938179981271	1	0.117	0.1	0.017
Armh3	0.00662105596181092	0.51621981050719	1	0.156	0.113	0.043
Vmp1	0.00686188079519794	-0.238011060344966	1	0.643	0.678	0.035
Pou2f1	0.00696253916865548	-0.808386823134223	1	0.066	0.115	0.049
Prkca	0.00704494605652752	-0.134380314524297	1	0.569	0.551	0.0179999999999999
Phactr4	0.00706263948600958	0.248953187380616	1	0.217	0.164	0.053
Pls1	0.00718749972070505	0.291926205190679	1	0.435	0.362	0.073
Atg4c	0.00719002049323519	0.232424099041241	1	0.331	0.266	0.065
Limch1	0.00729149172679821	0.186881040239386	1	0.831	0.771	0.0599999999999999
Plekhm3	0.00746337820688377	-0.371790257597818	1	0.146	0.157	0.011
Eif4h	0.00747585768703934	-0.706041201015139	1	0.081	0.119	0.038
Tbc1d14	0.00748477881148504	0.191022488009936	1	0.148	0.11	0.038
Suz12	0.00773998289595002	0.525146154855841	1	0.101	0.069	0.032
Ap2b1	0.00774715768111041	-0.928083921976437	1	0.067	0.115	0.048
Xkr4	0.00793049981824714	0.370466814476814	1	0.329	0.253	0.076
Cntln	0.00795190258603936	0.258923704802466	1	0.151	0.114	0.037
Nhlrc2	0.00808286594742446	0.514167223191723	1	0.115	0.083	0.032
Brd8	0.0082264873701328	-0.857357541223092	1	0.069	0.1	0.031
Plekhh1	0.00829386070558447	0.211655934334344	1	0.657	0.578	0.0790000000000001
Mtss1	0.00832943368792269	0.227548430362569	1	0.293	0.232	0.061
Akap9	0.00839202589751991	0.277509767607611	1	0.266	0.211	0.055
Prpf4b	0.00843979969149392	0.43730206776353	1	0.185	0.142	0.043
Ppp1cc	0.00856662760949707	0.462925175190452	1	0.305	0.216	0.089
Tmcc2	0.00861481489365473	0.455939325733586	1	0.226	0.162	0.064
Tmtc2	0.00866806506973615	0.168257269421991	1	0.676	0.596	0.0800000000000001
Dock5	0.00878888848406222	0.232668788220407	1	0.481	0.401	0.08
Usp48	0.00922659574887712	0.350430690896137	1	0.175	0.128	0.047
Bptf	0.00930044863441118	0.180028611476299	1	0.251	0.206	0.045
Sdccag8	0.00930160936914609	0.129068615714257	1	0.124	0.119	0.005
Peli2	0.00930593860485811	0.686118993583089	1	0.129	0.08	0.049
Ino80	0.0094049450924311	0.282138718740096	1	0.145	0.113	0.032
2210408I21Rik	0.00944428166314096	-0.153092478153327	1	0.121	0.158	0.037
Pdlim5	0.0095185818531172	0.748592546696097	1	0.112	0.074	0.038
Nckap1	0.00955627111979377	-0.368078633493346	1	0.187	0.211	0.024
Cog5	0.00960101323286398	-0.203117540524107	1	0.272	0.267	0.005
Smg1	0.00963047487708262	0.616373453622311	1	0.108	0.073	0.035
Secisbp2l	0.00969054950441043	0.201945325876189	1	0.307	0.246	0.061
Clasp2	0.00973341199818375	0.130402124391515	1	0.881	0.823	0.0580000000000001
Fan1	0.0101428662438109	0.527810362804219	1	0.129	0.086	0.043
Ralgapa1	0.0101507529002547	0.108267111221632	1	0.276	0.233	0.043
Nrd1	0.0102899457507121	0.246108911139288	1	0.276	0.221	0.055
Grid2	0.0103580925303347	-0.120107681972339	1	0.786	0.787	0.001
Faf1	0.0103616162022823	-0.517888057820658	1	0.135	0.168	0.033
Soga1	0.0104246826262785	0.307794888564818	1	0.165	0.117	0.048
Rbl2	0.0107017769037338	0.474249241562697	1	0.147	0.112	0.035
Tmed10	0.0107286562872901	0.545359093552233	1	0.119	0.081	0.038
U2surp	0.0111570216346991	0.229765611094429	1	0.173	0.14	0.033
Btaf1	0.0112754027849252	0.446765632266211	1	0.134	0.098	0.036
Zfyve26	0.0113035045895381	0.409298408481083	1	0.109	0.071	0.038
Stk39	0.0113866728615006	-0.228600722035567	1	0.304	0.312	0.00800000000000001
Tgfa	0.011433591117426	0.489624411096488	1	0.16	0.109	0.051
Herc1	0.0114443599677646	-0.780481012929273	1	0.09	0.148	0.058
Cnot2	0.011526497680439	0.284713047575969	1	0.154	0.127	0.027
Gnai1	0.0116801753076573	-0.253969881914494	1	0.374	0.392	0.018
Pik3c3	0.0118426158459333	0.491791703075824	1	0.115	0.075	0.04
Creb3l2	0.0119079756561084	0.661706990916477	1	0.159	0.107	0.052
Thrap3	0.0119987769679761	0.225183645730688	1	0.112	0.09	0.022
Pigu	0.0120457949305423	0.445289862187265	1	0.132	0.096	0.036
Xpo6	0.0120519425307971	0.134777033301131	1	0.126	0.118	0.00800000000000001
Nsd1	0.0124569714056448	-0.404546487613638	1	0.295	0.328	0.033
Map3k3	0.0124789875122269	-0.795796543526723	1	0.07	0.118	0.048
Zfc3h1	0.0125187663903854	-0.93073383506007	1	0.064	0.103	0.039
Ppm1b	0.0126166734941711	0.476303589478785	1	0.161	0.118	0.043
Tasor	0.0126285017233584	0.164355230136742	1	0.467	0.396	0.071
Fam234a	0.0126613892803698	0.37446362117634	1	0.224	0.167	0.057
Synj2	0.0128516951148988	0.176739248005448	1	0.49	0.417	0.073
Ppp1r21	0.0128898972601731	0.224948022071358	1	0.365	0.287	0.078
Ubr1	0.0130612764390457	-0.159694224315752	1	0.168	0.162	0.00600000000000001
Mkln1	0.0131481883948129	-0.132107894394944	1	0.268	0.249	0.019
Slc16a7	0.0133039251357926	0.198448705949647	1	0.188	0.145	0.043
Pde8a	0.0133503583150274	0.255617584476024	1	0.726	0.653	0.073
St3gal4	0.0134831208479634	0.122792604275963	1	0.321	0.271	0.05
Mobp	0.0134906005854901	-0.115714748315193	1	0.769	0.791	0.022
Smc3	0.013572371705528	-0.472203354974942	1	0.106	0.123	0.017
Naa15	0.0136302388568618	-0.648058465541559	1	0.082	0.102	0.02
Ubash3b	0.0137285368185608	0.246570810418868	1	0.488	0.415	0.073
Dhx36	0.013756789633251	0.399997994071636	1	0.137	0.096	0.041
Klf3	0.0137623553156623	0.530693667053617	1	0.144	0.093	0.051
Insc	0.0138114903074605	0.273035278614877	1	0.348	0.274	0.074
Abca2	0.0139086514683041	0.125294617371974	1	0.37	0.308	0.062
Apc	0.0140863908480103	0.126185079980563	1	0.468	0.412	0.056
Wdfy2	0.0141899045277844	0.346207503097503	1	0.278	0.218	0.06
Rasal2	0.0142857903760347	0.434449115148479	1	0.182	0.148	0.034
Fa2h	0.0143578864772042	0.240337850370898	1	0.653	0.573	0.0800000000000001
Ttc28	0.0144395749417905	0.40689017040081	1	0.15	0.113	0.037
Rsrc2	0.0145151629455525	-0.579324330140719	1	0.096	0.125	0.029
Phactr1	0.0145627622541877	0.385370127584239	1	0.498	0.407	0.091
Senp2	0.0146126439700046	0.594289067519497	1	0.14	0.091	0.049
Klhl4	0.0149683526372503	-0.357816640860791	1	0.226	0.247	0.021
Nlk	0.0150649791917476	-0.558572502705311	1	0.146	0.204	0.058
Fsd1l	0.0152281373545522	-0.167290735051872	1	0.234	0.228	0.00600000000000001
Trpm7	0.0154760233938175	0.186874884508913	1	0.292	0.252	0.04
Zfp62	0.0155616943847634	0.481233791551241	1	0.104	0.071	0.033
Rhot1	0.0156201931793757	0.205776404061719	1	0.135	0.119	0.016
Zfp608	0.0156608387148551	0.219390348486017	1	0.366	0.291	0.075
Magi1	0.0162184118752006	0.141641662278633	1	0.596	0.53	0.0659999999999999
Mtm1	0.0162345705386742	-0.488561606969531	1	0.119	0.138	0.019
Stmn1	0.0163438797085745	-0.373052891174491	1	0.215	0.242	0.027
Pcx	0.0163653852638124	0.578998763434445	1	0.121	0.085	0.036
Gab1	0.0164525190811741	0.229743326989138	1	0.716	0.648	0.0679999999999999
Tab2	0.0164706085826632	-0.325311586555425	1	0.145	0.169	0.024
Grm7	0.0164844486136638	-0.142171875641306	1	0.613	0.615	0.002
Ldah	0.0165016567114951	-0.43796238131894	1	0.108	0.127	0.019
Pik3ca	0.0168347580437223	-0.448577575169325	1	0.093	0.128	0.035
Atrn	0.0168415650190894	-0.188046139180929	1	0.404	0.41	0.00599999999999995
Etv1	0.0168761706107523	0.628886667837229	1	0.121	0.08	0.041
Sox10	0.0168804375221638	0.18448390249086	1	0.401	0.343	0.058
Tmc7	0.0170048450022458	0.457480863070695	1	0.181	0.129	0.052
Baz2b	0.0170890441799678	0.195341366797138	1	0.75	0.679	0.071
Pak2	0.0170940833374687	-0.403335727894938	1	0.172	0.185	0.013
Lrrc28	0.0171128187602525	0.318027676716405	1	0.233	0.177	0.056
Slc38a6	0.0172178111662186	0.142037685146491	1	0.13	0.098	0.032
Tcf7l2	0.0174710180690243	0.868778767239559	1	0.112	0.063	0.049
Parn	0.0176376348512808	0.146647506671978	1	0.173	0.169	0.00399999999999998
Rps6ka5	0.0176759523984572	0.116104783752783	1	0.518	0.451	0.067
Slc1a3	0.0176785829792308	0.327247604974243	1	0.251	0.193	0.058
Mecp2	0.0180691962171912	-0.44274081929685	1	0.163	0.193	0.03
Tfeb	0.0181582183038317	0.362697968104769	1	0.222	0.168	0.054
Myo9a	0.018287292695829	-0.36406033788184	1	0.296	0.336	0.04
Hnrnpl	0.0185019228741265	-0.41308484177119	1	0.111	0.128	0.017
Arhgef12	0.018653373858219	0.33774424056649	1	0.201	0.177	0.024
Tmem132b	0.0187195778472191	-0.37259353241358	1	0.101	0.142	0.041
Hnrnpu	0.0188870865008261	-0.188284342649887	1	0.233	0.231	0.002
Sbf2	0.0189117934189852	-0.44951672688295	1	0.201	0.262	0.061
Lrch3	0.0194539203201029	0.122527282094628	1	0.389	0.331	0.058
Dgki	0.0195642497612184	-0.14350355036936	1	0.74	0.748	0.00800000000000001
Maml2	0.0196377553893581	0.585530928482763	1	0.106	0.068	0.038
Stox2	0.0197821114208368	0.241294923096073	1	0.254	0.202	0.052
Gng12	0.019787675160104	-0.136811785298498	1	0.226	0.208	0.018
Macrod2	0.019829594941623	0.134183018433759	1	0.232	0.257	0.025
Shroom2	0.0199707504836572	-0.316784017922437	1	0.132	0.134	0.002
Srsf5	0.0200798862632647	-0.44013612321447	1	0.187	0.209	0.022
Lonp2	0.0200998874512287	0.243410269475324	1	0.201	0.16	0.041
Lamc1	0.0201214452352863	-0.796062653030657	1	0.079	0.113	0.034
Zmym2	0.0201839709530473	0.417387718058945	1	0.162	0.127	0.035
Trip12	0.0202327291373486	-0.410522030873659	1	0.188	0.223	0.035
Npepps	0.020579698262312	-0.278413949980941	1	0.304	0.322	0.018
Pxk	0.0205881721277015	-0.537350121294822	1	0.13	0.16	0.03
Lrrc8d	0.0206168075466943	0.27164601471544	1	0.341	0.277	0.064
Xrcc6	0.0208202110536785	-0.541239458049429	1	0.185	0.243	0.058
Washc2	0.0208775990793454	0.320711787392712	1	0.163	0.12	0.043
Msi2	0.0208789052133173	0.243489371283063	1	0.1	0.069	0.031
Ppp4r3b	0.021048276605276	-0.664220301926087	1	0.092	0.129	0.037
Uvrag	0.0211659497284037	0.439263517256202	1	0.149	0.114	0.035
Phf20l1	0.021221036410987	-0.606687150940944	1	0.093	0.129	0.036
Fkbp15	0.0212723874069815	0.122931389460832	1	0.105	0.08	0.025
Txndc16	0.0213384150975743	-0.204557760017814	1	0.371	0.383	0.012
Rufy1	0.0214806539783835	0.400650236714598	1	0.18	0.137	0.043
Chp1	0.0214824296909296	-0.498400407248888	1	0.092	0.105	0.013
Mnat1	0.0215372100714493	0.426931591584355	1	0.121	0.081	0.04
Rufy3	0.0215962571610506	-0.681887044647117	1	0.115	0.144	0.029
Luc7l3	0.0216604120390463	-0.249817138690447	1	0.207	0.212	0.005
Ube2d3	0.0217300988932907	-0.41372925844201	1	0.109	0.147	0.038
Galnt6	0.0223251979410817	0.188144856390776	1	0.306	0.246	0.06
Atr	0.0225436915100028	-0.12827235989869	1	0.105	0.093	0.012
Gnptab	0.0226031448641079	0.366159473035767	1	0.198	0.145	0.053
Ddr1	0.0227715889526834	0.32338152945427	1	0.412	0.332	0.08
Mon2	0.0229930071880738	0.172888472593007	1	0.189	0.163	0.026
Sort1	0.0230275491007895	-0.107814503329976	1	0.418	0.402	0.016
Dnm2	0.0232706368847363	-0.419489956150861	1	0.213	0.252	0.039
Pcbp2	0.0235239048945092	-0.555116716690802	1	0.103	0.125	0.022
Kcna6	0.0240531965161352	-0.282152651212785	1	0.26	0.281	0.021
Lnpep	0.0242831454974054	0.207291389520702	1	0.14	0.112	0.028
Frmd8	0.0244026575739439	0.540868086359833	1	0.169	0.119	0.05
Fam120c	0.0244671384289601	0.284854561168505	1	0.112	0.086	0.026
Rint1	0.0248007891227545	0.557484439776857	1	0.109	0.075	0.034
Bicra	0.024814256206695	0.376256733640455	1	0.199	0.15	0.049
Smc5	0.0251771640943417	0.320693454238618	1	0.124	0.09	0.034
Scaf8	0.0252321113152307	0.201080721170143	1	0.16	0.137	0.023
Prag1	0.025716558766396	0.298169783855259	1	0.201	0.145	0.056
Pllp	0.0257382026346435	0.259999349033749	1	0.259	0.197	0.062
Dnajc7	0.0260678551905793	0.283724356331118	1	0.14	0.11	0.03
Usp24	0.0265815585904195	0.403095350992246	1	0.193	0.139	0.054
Wwox	0.0266007427287109	0.142747779214143	1	0.439	0.376	0.063
Gab2	0.0266716110433598	0.2917473110931	1	0.326	0.273	0.053
Exoc5	0.0269114228976169	0.201762804360949	1	0.141	0.117	0.024
Mthfs	0.0269118100573313	0.366035755517916	1	0.173	0.125	0.048
Dapk2	0.0271094105807746	0.63000369971307	1	0.108	0.073	0.035
Mapk14	0.0271647554399643	0.233496963798535	1	0.102	0.086	0.016
Ccser1	0.027395614136128	-0.143633905595222	1	0.146	0.13	0.016
Rnf144a	0.0276069167914933	-0.392087958376753	1	0.16	0.179	0.019
Ano10	0.027761806810751	0.517460391276402	1	0.121	0.081	0.04
Ezh2	0.0281798814838943	0.484053441902365	1	0.103	0.075	0.028
Babam2	0.0285539197881214	0.245769605122308	1	0.292	0.256	0.036
Srgap2	0.0285848917166056	0.34256930259014	1	0.159	0.127	0.032
Lrba	0.0291465137350771	-0.421652156718179	1	0.21	0.253	0.043
Specc1	0.0292507062319813	0.174181780038336	1	0.449	0.386	0.063
Far1	0.0292741575102228	-0.698987302842678	1	0.119	0.163	0.044
Etnk1	0.0293704777601247	-0.725579083555941	1	0.058	0.1	0.042
Camkmt	0.0300411069358805	0.235065250193021	1	0.325	0.262	0.063
Kat2b	0.0301239953044473	-0.121406989711746	1	0.342	0.323	0.019
Nfatc3	0.0301315458555203	0.270091066094811	1	0.194	0.149	0.045
Orc3	0.0301834872688696	-0.714829139059872	1	0.074	0.105	0.031
Cpsf7	0.0302437825812964	0.581020335785152	1	0.115	0.079	0.036
Bmp2k	0.0304456074224672	0.108662852756593	1	0.329	0.284	0.045
Lap3	0.0304485490874911	0.231187838901882	1	0.127	0.094	0.033
Plekhb1	0.0305714059063123	0.113197899628093	1	0.138	0.109	0.029
Polr3e	0.0305823420381024	-0.676662930383738	1	0.083	0.119	0.036
Atxn2	0.0305865690484918	-0.212673723657142	1	0.216	0.214	0.002
Tecpr2	0.0306372313051137	0.415310038750579	1	0.206	0.155	0.051
Macir	0.0307309418874947	0.18213976732283	1	0.238	0.188	0.05
Soga3	0.0311012965550751	0.370899560527065	1	0.143	0.107	0.036
Apbb2	0.0314865238868316	0.11276615813041	1	0.557	0.491	0.0660000000000001
Syt11	0.0314989286445451	-0.274653548311246	1	0.34	0.362	0.022
Lgi3	0.0330361046714536	0.308817816855116	1	0.269	0.209	0.06
Dicer1	0.0334847588516431	0.378365953740689	1	0.162	0.118	0.044
Slc43a2	0.0335775772327477	-0.182084771403938	1	0.114	0.107	0.00700000000000001
Tmem63a	0.033964291912271	0.330232605479206	1	0.384	0.323	0.061
Clasrp	0.0340146276859959	-0.146778414562216	1	0.296	0.296	0
Zfand3	0.0345408856678566	0.291631590325784	1	0.171	0.15	0.021
Zfp644	0.0346490642718824	-0.150998381537048	1	0.142	0.137	0.00499999999999998
Tmem243	0.0351205443670589	-0.669713441792766	1	0.104	0.148	0.044
Sp4	0.0354091943174136	0.301415011874039	1	0.204	0.157	0.047
Synrg	0.0357049899676653	0.187194057640473	1	0.165	0.13	0.035
Polb	0.0361570814864309	0.238185815444869	1	0.112	0.093	0.019
Cyth1	0.0363171897189875	0.237765131943708	1	0.44	0.367	0.073
Pip4k2a	0.0365742273138463	-0.136156478936136	1	0.616	0.637	0.021
Usp15	0.0368235488702024	-0.333521657727365	1	0.203	0.217	0.014
Prima1	0.0368333152892172	0.374133940542437	1	0.224	0.167	0.057
Crybg3	0.0368420241985485	0.149203975980219	1	0.177	0.144	0.033
Shroom3	0.0369439041497253	0.402820750881476	1	0.206	0.16	0.046
Trappc10	0.0377043144520234	0.149184643732323	1	0.236	0.19	0.046
Nfe2l3	0.0377702445124874	0.402664301030892	1	0.274	0.217	0.057
Xpo7	0.037844834378062	0.475505084747844	1	0.151	0.115	0.036
Cmip	0.0383575645174921	-0.523255092188973	1	0.118	0.143	0.025
Hnrnpa2b1	0.0387572097301719	0.196242297088927	1	0.325	0.266	0.059
Eri3	0.0390873103087527	-0.239300794605308	1	0.213	0.223	0.01
Ctcf	0.0390955079260714	0.46045626321968	1	0.105	0.078	0.027
Grik2	0.0392132898640336	0.188452568518166	1	0.754	0.667	0.087
Irf2	0.0393347028628981	0.459982422116281	1	0.196	0.148	0.048
Ube2e3	0.0396258305396581	-0.462783855516209	1	0.151	0.19	0.039
Zfp182	0.0396949940151525	0.297190290470079	1	0.176	0.132	0.044
Pbrm1	0.0404062737000929	0.136802883017482	1	0.315	0.277	0.038
Slc22a23	0.0408279358742881	0.244443734406576	1	0.405	0.336	0.069
Cpox	0.0411617894378657	0.105495148121496	1	0.274	0.233	0.041
Fnbp1	0.0413031524329102	0.161111495610146	1	0.957	0.949	0.00800000000000001
Dync1h1	0.0417733535820534	-0.465001441642642	1	0.107	0.124	0.017
Sema4d	0.0418803996941401	0.361852140794282	1	0.241	0.183	0.058
Fer	0.0418854428370143	0.520791446535083	1	0.121	0.093	0.028
Gramd1b	0.0420779905266728	0.312643799339973	1	0.115	0.098	0.017
Mapk6	0.0421114893437799	0.307917284969569	1	0.107	0.081	0.026
Pcca	0.0423673602685423	0.209563863817178	1	0.135	0.13	0.005
Rttn	0.0427395765494064	0.351218007462329	1	0.114	0.098	0.016
Pphln1	0.043002834327742	0.501968832681651	1	0.106	0.075	0.031
Ablim2	0.0430595968241307	0.187499505478885	1	0.367	0.302	0.065
Csde1	0.0432363333139621	0.142972611323211	1	0.107	0.098	0.00899999999999999
Trim35	0.0433701966856058	0.326814677194102	1	0.244	0.194	0.05
Kif16b	0.0437052347056016	0.168744390859197	1	0.281	0.233	0.048
Pnisr	0.0437979339670077	-0.34474011843817	1	0.31	0.362	0.052
Cntrl	0.0443428780482452	0.139890219965579	1	0.147	0.119	0.028
Fbl	0.0445216866138936	-0.629077804394022	1	0.069	0.102	0.033
Arhgef11	0.0447299671909216	0.187112640488265	1	0.125	0.104	0.021
Ube2h	0.0448213540279527	0.120210932710427	1	0.237	0.193	0.044
Pcm1	0.0450229526000819	0.10316257486386	1	0.243	0.222	0.021
Wdr33	0.0452807806598814	0.328974723281058	1	0.19	0.157	0.033
Mfn1	0.0453897826631779	-0.45160034063935	1	0.156	0.179	0.023
Map6d1	0.0456384406069404	0.423868580130463	1	0.119	0.091	0.028
Marchf8	0.0457215891752091	-0.117888054484059	1	0.276	0.254	0.022
Gnb4	0.0458249082950463	0.643414534249736	1	0.135	0.093	0.042
Xrn2	0.0459729747734165	-0.127458081915785	1	0.15	0.164	0.014
Micu1	0.047000818100518	-0.133743705563069	1	0.197	0.18	0.017
Rapgef1	0.0476381548115133	0.297969692688143	1	0.124	0.094	0.03
Ccnyl1	0.0480234565071929	0.353922451134523	1	0.111	0.083	0.028
Ggnbp2	0.0487614050822494	-0.543786681410889	1	0.088	0.125	0.037
Thada	0.048797092143878	0.279456876134266	1	0.168	0.128	0.04
Enox2	0.0496362925208871	-0.270384007486646	1	0.231	0.244	0.013
Tbc1d22a	0.0496576463636524	0.311803228851541	1	0.135	0.099	0.036
Atp11a	0.050050829354633	0.249697441074851	1	0.336	0.282	0.054
Nfat5	0.0504646356680462	0.232847777088642	1	0.24	0.197	0.043
Slc10a7	0.050659103335786	0.432055295930851	1	0.174	0.13	0.044
Zhx3	0.0508549117185185	0.186521606498085	1	0.18	0.144	0.036
Sned1	0.0510989821844548	0.245703290876867	1	0.204	0.159	0.045
Cfdp1	0.0513802052150484	-0.309695043835556	1	0.102	0.109	0.00700000000000001
Asah2	0.0516142563744173	0.122705722086766	1	0.165	0.138	0.027
Ppp1r12a	0.0522550896530339	-0.175125282163217	1	0.226	0.229	0.003
Irs2	0.0527165439228402	0.483686702676262	1	0.118	0.093	0.025
R3hcc1l	0.0528066866549717	0.230028530298295	1	0.221	0.178	0.043
Mboat1	0.0529548190531054	0.148202871826793	1	0.307	0.263	0.044
Adam22	0.0530432877157412	-0.745055065559565	1	0.076	0.123	0.047
Lin52	0.0534238687180405	0.128932172057971	1	0.169	0.137	0.032
Anks1b	0.0536833743514999	0.119038971120028	1	0.562	0.573	0.0109999999999999
Ecpas	0.0537931738313488	-0.431027421168052	1	0.108	0.14	0.032
Lifr	0.0543415924559847	0.382869645511446	1	0.129	0.11	0.019
Rhou	0.0544065452534631	0.206363795110484	1	0.276	0.232	0.044
Nectin1	0.054478383981978	0.18938640371805	1	0.143	0.113	0.03
Zmynd8	0.0547278191572491	-0.169784898204767	1	0.261	0.258	0.003
Fktn	0.0550087966241242	0.314407857438583	1	0.198	0.153	0.045
Lrmda	0.0552902110402882	-0.109936498528315	1	0.41	0.409	0.001
Fbxl5	0.0555101126934606	-0.324649318659048	1	0.285	0.306	0.021
9930021J03Rik	0.0558490226380952	0.362611388372792	1	0.17	0.139	0.031
Cep85l	0.0571715833744362	0.40668459978938	1	0.151	0.109	0.042
Rusc2	0.0572532669599632	-0.246887141331285	1	0.136	0.14	0.004
Elavl1	0.0573870171721829	0.281636094547737	1	0.132	0.11	0.022
Arsg	0.0574606240246169	0.183857188262107	1	0.435	0.376	0.059
Pum2	0.057894648914513	-0.427361132415947	1	0.143	0.167	0.024
Iars	0.0579173057465417	0.137696865514458	1	0.173	0.14	0.033
Coro1c	0.0582629755859306	0.453713178717767	1	0.202	0.15	0.052
Acin1	0.0583376823961888	-0.261437201960891	1	0.114	0.119	0.00499999999999999
Ermn	0.0585784738899688	-0.140417724007828	1	0.363	0.355	0.00800000000000001
Rnf216	0.0586342176776105	0.123767866984653	1	0.281	0.244	0.037
Hibadh	0.0588478286184501	0.353568749883276	1	0.102	0.075	0.027
Efnb3	0.0590523443164256	0.283376437868737	1	0.315	0.283	0.032
Siah1a	0.0593710931237957	0.467639410180019	1	0.119	0.086	0.033
Rap1a	0.059520752823249	0.102314925395314	1	0.535	0.479	0.056
Ipo13	0.0595628810528741	0.326399187986882	1	0.123	0.09	0.033
Mag	0.0597187132645662	0.140142995337466	1	0.793	0.734	0.0590000000000001
Bbs9	0.059867447617473	0.270519380718609	1	0.187	0.145	0.042
Tppp	0.0600853867619005	0.10455374255655	1	0.268	0.227	0.041
Snx30	0.0615223266271373	0.329651858438143	1	0.372	0.302	0.07
Atf7	0.0616689720632358	-0.221422229861408	1	0.246	0.256	0.01
Birc6	0.0619800049371224	0.238273161378518	1	0.254	0.208	0.046
Clip2	0.0624675126047363	0.391394856919682	1	0.192	0.144	0.048
Zbtb37	0.0626528265173304	-0.218296923746288	1	0.101	0.098	0.003
Inpp5a	0.062682881858901	0.153188756496094	1	0.153	0.122	0.031
Gprc5b	0.0628313608995855	0.27535321505625	1	0.227	0.182	0.045
Huwe1	0.0628793961640378	-0.134089402675826	1	0.261	0.249	0.012
Cdh19	0.063461972426849	-0.174393809262118	1	0.469	0.479	0.01
Rdx	0.063589396301013	-0.159278144002376	1	0.28	0.276	0.004
Fxr1	0.0638128071153136	-0.250266396293001	1	0.196	0.199	0.003
Tmem165	0.0644510197446827	-0.414187320125539	1	0.112	0.132	0.02
Trip11	0.0649778383093207	0.101842354098739	1	0.237	0.214	0.023
Mdga2	0.0654958424799599	-0.10014805489545	1	0.899	0.914	0.015
Megf10	0.0659543859962078	0.262080403997767	1	0.457	0.411	0.046
Ppp3cc	0.0659548335599718	-0.506678624164734	1	0.086	0.123	0.037
Dpysl2	0.066174519456899	0.120979983234112	1	0.49	0.432	0.058
Uimc1	0.067141009258285	0.136691242979385	1	0.109	0.107	0.002
Appbp2	0.0672793198769763	0.160115400761738	1	0.176	0.164	0.012
Setd2	0.0680596612226512	-0.109568426828442	1	0.134	0.127	0.00700000000000001
Cilk1	0.0681355388265145	0.310678057128626	1	0.288	0.239	0.049
Chdh	0.0688915621043978	0.422272136146319	1	0.112	0.094	0.018
Lipa	0.0689286172806498	-0.152751364988741	1	0.107	0.105	0.002
Psmd14	0.069040616127035	-0.494626502929354	1	0.092	0.114	0.022
Rtkn2	0.0693625654858617	-0.245456980826559	1	0.186	0.201	0.015
Plekhm2	0.0696478701355163	-0.421116606825331	1	0.112	0.134	0.022
Ptp4a2	0.0696635568970663	0.353147278697059	1	0.143	0.109	0.034
Shisa4	0.0697831383317661	0.299565845457986	1	0.238	0.193	0.045
Sec14l5	0.0705110464173112	0.16591586938151	1	0.693	0.638	0.0549999999999999
Ninj2	0.0705677987998028	0.110115956783999	1	0.535	0.474	0.0610000000000001
Dcp1b	0.0705948493073249	-0.558000928982748	1	0.104	0.125	0.021
Gigyf2	0.0707337060134821	-0.283715246095997	1	0.182	0.227	0.045
Zfp266	0.0712897278505071	-0.53561021858068	1	0.096	0.115	0.019
Nipal4	0.0714340945751054	0.319810889289576	1	0.149	0.113	0.036
Srek1	0.0718871644090795	0.266964451465147	1	0.108	0.088	0.02
Paip2	0.0721023824813975	-0.31038758904999	1	0.269	0.291	0.022
Map7d1	0.0721257949646422	-0.187351757095609	1	0.173	0.17	0.00299999999999997
Fbxo32	0.072778374501538	0.103650237134457	1	0.235	0.195	0.04
Tbl1xr1	0.0727918205676059	0.261252283831068	1	0.271	0.221	0.05
Ints4	0.0729151180919455	0.241022753243555	1	0.168	0.13	0.038
Slc13a1	0.0735007100268724	-0.557679320450306	1	0.099	0.137	0.038
Ogt	0.0740345948430083	0.304464852433692	1	0.159	0.129	0.03
Grb14	0.0745248737858641	-0.187522492913914	1	0.467	0.508	0.041
Cpd	0.0747668681988077	0.106760579007068	1	0.37	0.33	0.04
Itgb3bp	0.0751257451474574	-0.328076512927445	1	0.087	0.109	0.022
Ckap5	0.0756864537075109	-0.103456466343337	1	0.218	0.195	0.023
Zfyve16	0.075866222701326	0.110897944980177	1	0.106	0.088	0.018
Phactr3	0.0761076968328594	-0.508827331407327	1	0.157	0.192	0.035
Hdac7	0.0761515954701609	0.357757029079274	1	0.15	0.113	0.037
Ldlrad3	0.0763365574688105	0.293486190833173	1	0.27	0.228	0.042
Larp6	0.0776463285535813	-0.223240170831401	1	0.184	0.19	0.00600000000000001
Wnk1	0.0777835256833902	0.142259240254299	1	0.809	0.764	0.045
Cwf19l2	0.0783992061190169	0.241243615679572	1	0.121	0.1	0.021
Acot7	0.0784995084004013	-0.106575643454069	1	0.166	0.157	0.00900000000000001
Stk3	0.0785643319032935	0.410737345878606	1	0.151	0.108	0.043
Rsu1	0.0787700287230686	-0.399458624342527	1	0.129	0.148	0.019
Cdkl5	0.0792811736337981	-0.594680748752648	1	0.097	0.138	0.041
Snx15	0.0794474504148061	0.456847099910273	1	0.142	0.105	0.037
Myh14	0.0794720388463452	0.382112753964601	1	0.14	0.104	0.036
Galnt5	0.079775464084312	-0.693494491518466	1	0.087	0.134	0.047
Mtf1	0.0797936809448343	0.543946161701133	1	0.112	0.084	0.028
Sf3b1	0.0799414891508221	0.238580245445203	1	0.14	0.113	0.027
Klf9	0.0799854049846245	-0.208178446583706	1	0.088	0.103	0.015
Ppp1r14a	0.080115891575664	0.207454732781831	1	0.231	0.189	0.042
Creb5	0.080491252190827	0.33065884112639	1	0.597	0.518	0.079
Ksr1	0.0806294176278515	0.323810895110758	1	0.107	0.076	0.031
Usp9x	0.081069168201656	0.209157394764363	1	0.188	0.159	0.029
Lrrc8b	0.0816442137139204	0.223016368415593	1	0.318	0.262	0.056
Xpo4	0.0824624669127856	0.482475934105641	1	0.105	0.073	0.032
Sh3tc2	0.0826270657864978	0.329379247987451	1	0.221	0.178	0.043
Nxpe3	0.0833528892849765	0.336245449529982	1	0.186	0.145	0.041
Dop1b	0.0845189492076352	0.261647950595138	1	0.235	0.189	0.046
Ibtk	0.0846452303554711	0.153808194646358	1	0.126	0.103	0.023
Eps15	0.0848368136337363	-0.106543066421262	1	0.388	0.373	0.015
Adamts2	0.0850512943681566	0.530781604150477	1	0.161	0.123	0.038
Myrf	0.0853474837189906	0.154982349385917	1	0.235	0.198	0.037
Kazn	0.0854858079082644	-0.196504344286543	1	0.277	0.281	0.004
Tspan9	0.0858128179624461	0.269220884869061	1	0.204	0.16	0.044
Ubac2	0.086365627131262	0.107933470574863	1	0.121	0.098	0.023
Bcl7a	0.0866427241623882	0.34929848746377	1	0.103	0.078	0.025
Hnrnpa3	0.0873050730259102	0.149360287164975	1	0.14	0.113	0.027
Tada2a	0.0898878891530651	-0.13506775742058	1	0.162	0.154	0.00800000000000001
Adgrv1	0.089975141820073	-0.861305171639346	1	0.077	0.11	0.033
Marchf5	0.0902778028300413	-0.159878363829958	1	0.106	0.104	0.002
Nsd2	0.0909598914996407	0.178412938173888	1	0.132	0.109	0.023
Arrdc3	0.0911772496066544	-0.110940684019464	1	0.28	0.266	0.014
Krit1	0.0915777545770832	0.105873738979304	1	0.198	0.183	0.015
Usp25	0.0918614300421742	0.191985424939526	1	0.255	0.219	0.036
Sik2	0.0921447542211667	-0.11783998690766	1	0.363	0.34	0.023
Afap1l1	0.0925527321256881	0.247291693441016	1	0.185	0.148	0.037
Sos2	0.0926255278248641	0.398795705415841	1	0.1	0.074	0.026
Tnni1	0.0927137880652787	0.230742816834085	1	0.222	0.177	0.045
Sgk3	0.0927856159514714	0.10090599189056	1	0.195	0.167	0.028
Mindy3	0.0937105713890083	-0.804051132691267	1	0.072	0.107	0.035
E130308A19Rik	0.0954751342855128	-0.115610242295483	1	0.354	0.346	0.00800000000000001
Slc12a6	0.0959989708473233	0.207526933375644	1	0.193	0.162	0.031
Otud7b	0.0961809243705289	0.117940202850595	1	0.659	0.604	0.055
P2rx4	0.0965189101762675	0.355516629438473	1	0.118	0.085	0.033
Itch	0.0969541720670826	0.109847311855749	1	0.59	0.536	0.0539999999999999
5031439G07Rik	0.097036345626951	0.213444004653038	1	0.494	0.434	0.06
Arhgap32	0.0972263071339332	-0.872224422173193	1	0.062	0.105	0.043
Smchd1	0.097636802617337	0.278587730007442	1	0.138	0.107	0.031
Tom1	0.0977674636018015	0.231086218157685	1	0.138	0.104	0.034
Gtf2f2	0.098901489562734	0.305506086007758	1	0.141	0.11	0.031
1110059E24Rik	0.0991586370439877	0.387975409880985	1	0.143	0.103	0.04
Cdin1	0.0995465275239064	0.1915931572742	1	0.172	0.145	0.027
Ccar1	0.101269667399487	-0.250524854451758	1	0.119	0.134	0.015
Fbxo21	0.101843534473335	0.130102968111016	1	0.107	0.085	0.022
Ints7	0.10246868043597	0.151298675717873	1	0.133	0.105	0.028
Cept1	0.102936841255046	-0.402344588640932	1	0.162	0.189	0.027
Zcchc24	0.103282928135273	0.255752435208639	1	0.153	0.123	0.03
Tyro3	0.104886576683051	0.307412884395942	1	0.152	0.118	0.034
Rybp	0.105343360500827	0.285592156452575	1	0.286	0.234	0.052
Zfp280c	0.106226936500607	0.153774743802571	1	0.347	0.315	0.032
Sap130	0.106969382659928	0.278718413259524	1	0.115	0.089	0.026
Prr14l	0.107283170276185	-0.12102916873291	1	0.169	0.16	0.00900000000000001
Epn2	0.108504892400349	0.176247974410229	1	0.567	0.503	0.0639999999999999
Metap1d	0.108712376481925	0.215993752783286	1	0.232	0.193	0.039
Rif1	0.108798447183569	-0.174483943634412	1	0.238	0.231	0.00699999999999998
Abl1	0.10898890425914	0.28472757229116	1	0.306	0.261	0.045
Upf3b	0.110798636510793	-0.326085662023389	1	0.136	0.147	0.011
Hnrnpr	0.110859393501371	0.361886472377027	1	0.124	0.096	0.028
Insr	0.111078617344528	-0.10559515989238	1	0.27	0.261	0.00900000000000001
Tdrd3	0.111135102478932	0.14966120759428	1	0.113	0.108	0.005
Ehmt1	0.111281580165856	0.17800818628556	1	0.139	0.113	0.026
Mad1l1	0.111889043051061	0.196471250816656	1	0.188	0.152	0.036
Tesk2	0.112360971070874	0.146173080749172	1	0.242	0.203	0.039
Fbn2	0.112691421381347	0.240495579928051	1	0.125	0.096	0.029
Asxl3	0.112879315768319	0.30255758788625	1	0.274	0.223	0.051
Adamts4	0.112961454733144	0.266383398172798	1	0.183	0.149	0.034
Pik3c2a	0.114108254315096	-0.527983794446562	1	0.107	0.142	0.035
Fam133b	0.114570900339615	-0.237629409113345	1	0.114	0.122	0.00799999999999999
Hs3st1	0.115006375764426	0.343039078495596	1	0.182	0.14	0.042
Brf1	0.116076984677396	0.302327053223501	1	0.1	0.078	0.022
Tcerg1	0.116276337254753	-0.274630295742383	1	0.098	0.1	0.002
Hace1	0.116651197096691	-0.981451023172558	1	0.061	0.104	0.043
Gng7	0.117108799591874	0.25994170850918	1	0.213	0.169	0.044
Itprid2	0.117977180665657	0.2986885067496	1	0.235	0.192	0.043
Dlg1	0.119775078476701	0.179211636717249	1	0.757	0.694	0.0630000000000001
Cdc42ep1	0.120828618477596	0.57215052387534	1	0.102	0.071	0.031
Olfml1	0.121158261223806	0.282188254746535	1	0.357	0.288	0.069
Slc6a9	0.121507734353833	0.309091815877918	1	0.149	0.114	0.035
Wipf1	0.122393194272761	0.171473168005715	1	0.528	0.474	0.054
Oga	0.122758388810626	0.210779369529704	1	0.102	0.09	0.012
Elavl3	0.122979223342413	0.10800897907764	1	0.411	0.373	0.038
Prtg	0.123129790614986	0.269413563215171	1	0.113	0.088	0.025
Adipor2	0.123631731474528	-0.216200589057659	1	0.474	0.496	0.022
Rab11fip2	0.124471090083949	-0.381045194448307	1	0.159	0.17	0.011
Pcdh11x	0.124904738064243	0.250984548298561	1	0.221	0.179	0.042
Dusp15	0.125570387979794	0.283006830147712	1	0.179	0.144	0.035
Dnm3	0.125769267609185	0.16262312933917	1	0.934	0.905	0.029
Rev3l	0.126144715215878	0.275191269115621	1	0.221	0.189	0.032
Invs	0.126574683226061	0.291502835900907	1	0.143	0.11	0.033
Dcaf17	0.127924016007257	0.311533560993627	1	0.171	0.137	0.034
Ccdc191	0.129085717877021	-0.296609862386935	1	0.137	0.148	0.011
Fech	0.129533517387049	0.336407318919615	1	0.136	0.115	0.021
Adamtsl1	0.130139397982093	0.166652898111704	1	0.54	0.482	0.0580000000000001
S100b	0.130449227890739	0.37411431905584	1	0.115	0.085	0.03
Kmt2a	0.131988917210943	-0.66527653464984	1	0.074	0.117	0.043
Asrgl1	0.132831706585723	-0.102204253454547	1	0.131	0.125	0.00600000000000001
Foxo1	0.132845223655782	0.407721218346194	1	0.135	0.104	0.031
Ift43	0.132870964773907	0.173859751790738	1	0.21	0.177	0.033
Agpat4	0.132917049604468	0.235019866168687	1	0.387	0.331	0.056
Rspry1	0.134495190573791	0.228130984401559	1	0.121	0.094	0.027
Slc6a6	0.134877117843824	-0.231935558861314	1	0.143	0.148	0.005
Dnajb6	0.135565858739645	-0.145994258988373	1	0.164	0.159	0.005
Senp6	0.136357319919924	0.192118485707924	1	0.16	0.134	0.026
Psme4	0.138140963100732	0.115339760447071	1	0.162	0.16	0.002
Kcna1	0.139261697127608	0.14025746609923	1	0.288	0.248	0.04
Wdr70	0.140086701995883	-0.362261837029967	1	0.093	0.107	0.014
Nkain1	0.141643036741365	0.254585727715831	1	0.405	0.355	0.05
Zdhhc14	0.142433430301411	0.175258803047068	1	0.715	0.653	0.0619999999999999
Clic4	0.143304712627875	0.200145466432759	1	0.388	0.328	0.06
Gtf3c2	0.143335889009973	0.107815752748255	1	0.132	0.125	0.00700000000000001
Rab40c	0.143470331262481	0.14221894808016	1	0.414	0.361	0.053
Ube2d2a	0.144143581643688	-0.314321686350859	1	0.162	0.185	0.023
Msh3	0.145489814307825	-0.406031901142848	1	0.117	0.139	0.022
Taok1	0.14571706901071	-0.22225855587456	1	0.136	0.142	0.00599999999999998
Elf1	0.145779087786062	-0.187060750953698	1	0.163	0.164	0.001
Efhd1	0.146726366733958	-0.204572305968499	1	0.09	0.109	0.019
Zfyve1	0.14676353576389	-0.234050322473976	1	0.19	0.203	0.013
Slc25a13	0.14839386447179	0.138927943916468	1	0.406	0.358	0.048
Lypd6	0.149171166823757	0.579093697444634	1	0.112	0.08	0.032
Dcc	0.149212844234664	0.162077589935682	1	0.412	0.361	0.051
Abca1	0.150145705911339	0.184226309421968	1	0.215	0.179	0.036
Bnip3l	0.150435735160006	0.118390478758085	1	0.151	0.125	0.026
Tial1	0.150455639629071	-0.200866365503024	1	0.165	0.159	0.00600000000000001
Wwp2	0.150700672025754	0.238487908722352	1	0.148	0.118	0.03
Mboat2	0.15131370855063	0.359552236071979	1	0.112	0.083	0.029
Cldn11	0.15149429520427	-0.176282217618259	1	0.417	0.416	0.001
Dnajc19	0.152417062971847	-0.363619714674635	1	0.111	0.135	0.024
Sfswap	0.152471295300275	0.154353604085846	1	0.193	0.159	0.034
Trim2	0.152806344158799	0.18705083935701	1	0.724	0.665	0.0589999999999999
Chd9	0.154026366345755	-0.403193878318199	1	0.075	0.103	0.028
Nudt4	0.154028549725564	0.327510898697621	1	0.117	0.088	0.029
Mxi1	0.154547766809564	-0.135263948067453	1	0.145	0.14	0.00499999999999998
Lims1	0.155252573312044	0.173072208805026	1	0.155	0.134	0.021
Btbd7	0.156291400111742	0.251412679590173	1	0.144	0.114	0.03
Mta3	0.157146133824722	-0.212568838677037	1	0.285	0.299	0.014
Sash1	0.158352363387476	0.251792915833677	1	0.294	0.259	0.035
Pcbp4	0.159300268404066	0.196348762165938	1	0.193	0.162	0.031
Arfgef1	0.159919735735743	0.374712496719188	1	0.104	0.076	0.028
Micu2	0.159983619799211	-0.21788469320535	1	0.171	0.167	0.004
Zbtb20	0.160262648787476	0.150593916778757	1	0.916	0.904	0.012
Ccnl2	0.162836298747817	-0.126250615251363	1	0.132	0.128	0.004
Tbcd	0.162920284723046	-0.113123591687158	1	0.299	0.292	0.00700000000000001
B3galt5	0.163430670739795	-0.136190228282534	1	0.21	0.204	0.00600000000000001
Strn3	0.164451606869625	-0.137415419804227	1	0.265	0.267	0.002
Bicral	0.164656988335439	0.245695271926947	1	0.161	0.129	0.032
Pter	0.166159201382821	-0.403591856000256	1	0.09	0.103	0.013
Wdr26	0.166519800861449	-0.193024124265682	1	0.168	0.17	0.002
Numb	0.168752839528799	0.22129273260864	1	0.14	0.125	0.015
Dcaf6	0.170698765412033	-0.447266754756601	1	0.154	0.197	0.043
Aven	0.17097985747609	-0.411823434878797	1	0.099	0.115	0.016
Arhgap31	0.175240150860064	0.317348790499507	1	0.113	0.088	0.025
Sh3d19	0.175647312560224	0.177236349153949	1	0.552	0.509	0.043
Tspan2	0.176997067161467	0.10184319754817	1	0.538	0.491	0.047
Zc3h6	0.178078738084326	-0.320621579623921	1	0.09	0.109	0.019
Acsl1	0.178982553266403	-0.383823704249256	1	0.112	0.142	0.03
Otud4	0.179293305119684	-0.440550453733677	1	0.092	0.11	0.018
Lrig2	0.179680967987871	-0.125472942051186	1	0.176	0.177	0.001
Thoc2	0.179799071880879	0.156498148027016	1	0.146	0.134	0.012
Rbbp4	0.181404248579989	0.291086678593578	1	0.11	0.09	0.02
Hdac5	0.182871822439783	0.358014127089733	1	0.109	0.083	0.026
Gas7	0.182969106361846	0.192279428562805	1	0.418	0.366	0.052
Erbb3	0.183299818053366	0.32374258017575	1	0.121	0.091	0.03
Scamp5	0.183674070319258	0.115984367148306	1	0.306	0.263	0.043
Clmn	0.184453837457488	0.164855030487168	1	0.578	0.516	0.0619999999999999
Sema6a	0.184717457734938	0.170367699489528	1	0.54	0.471	0.0690000000000001
Mllt10	0.186905427534273	0.240400534585503	1	0.202	0.172	0.03
Dmtf1	0.187855319127353	0.210012189152813	1	0.138	0.115	0.023
Tom1l2	0.189074623987945	0.174610999680839	1	0.421	0.361	0.06
Amph	0.190804472948206	0.126340239790871	1	0.289	0.258	0.031
Lamp1	0.192347397508207	-0.266351999607197	1	0.135	0.147	0.012
Usp6nl	0.193028058307843	0.270761930616821	1	0.182	0.145	0.037
Fggy	0.193048415547796	0.119783830347423	1	0.201	0.185	0.016
Itgb4	0.194011681179603	0.144766546167494	1	0.106	0.085	0.021
Actn4	0.194914371076432	-0.106750642311876	1	0.188	0.182	0.00600000000000001
Agtpbp1	0.1956992091704	-0.366528448253135	1	0.2	0.202	0.002
Prrg1	0.196408607177724	-0.195370395004868	1	0.263	0.281	0.018
Braf	0.197530721166135	0.219046232809997	1	0.134	0.129	0.005
Ppp2r5c	0.198715776211625	0.133303723118581	1	0.196	0.178	0.018
Dcps	0.199074157768288	0.267828782816533	1	0.159	0.135	0.024
Fam228b	0.199630300461531	-0.265570479589978	1	0.168	0.177	0.00899999999999998
Ankrd17	0.200201530534305	-0.48981251287394	1	0.119	0.159	0.04
Lpcat2	0.200776768926151	0.287224441838737	1	0.105	0.088	0.017
Tent4b	0.201553778396778	-0.271747252499222	1	0.134	0.144	0.00999999999999998
Morf4l1	0.201610419065829	-0.483426247696134	1	0.101	0.123	0.022
Kidins220	0.202758566369212	-0.394591544234101	1	0.088	0.118	0.03
Thsd7a	0.203068939285497	0.211595210097731	1	0.198	0.169	0.029
Dusp10	0.204188154133092	0.228709516490099	1	0.166	0.129	0.037
Epb41l4a	0.209418403899534	0.341164308823439	1	0.15	0.119	0.031
Cavin4	0.210608678186339	0.217362486293956	1	0.124	0.105	0.019
Zfp148	0.211397621115936	-0.233042662510162	1	0.077	0.102	0.025
Inpp5f	0.211943523006539	0.202896410826015	1	0.454	0.409	0.045
D5Ertd579e	0.217020427009172	0.170766110434593	1	0.154	0.135	0.019
Top2b	0.217168123469916	-0.127819024012909	1	0.11	0.108	0.002
Ythdf3	0.218746258812222	-0.483384235799044	1	0.11	0.134	0.024
Kmt5a	0.219587769785831	0.31285896262476	1	0.107	0.089	0.018
Tor1aip1	0.219749361401016	-0.230962027948959	1	0.129	0.137	0.00800000000000001
Ewsr1	0.221578157695971	0.146913740237132	1	0.135	0.123	0.012
Phf14	0.224158500632921	-0.218228307771517	1	0.253	0.264	0.011
Usp32	0.225638185615882	-0.566377128920151	1	0.118	0.153	0.035
Ehbp1	0.226649590693751	-0.13558519638921	1	0.09	0.112	0.022
Hnrnph1	0.226908125066329	0.261662305988992	1	0.1	0.085	0.015
Thsd4	0.228061066225209	-0.194344883900214	1	0.229	0.229	0
Cbfb	0.228242615398005	0.216794541668668	1	0.114	0.104	0.01
Abtb2	0.228659843155928	0.179686679331338	1	0.196	0.172	0.024
Cd9	0.229951098370147	-0.114223966794847	1	0.131	0.129	0.002
Sccpdh	0.231358047172561	0.141684124331642	1	0.192	0.165	0.027
Mtmr10	0.231710059827632	0.193923792222322	1	0.204	0.165	0.039
Ppp2ca	0.232399555752477	0.108781104901382	1	0.218	0.195	0.023
Lpcat3	0.232708832212934	0.351073663445955	1	0.114	0.086	0.028
Ccnl1	0.233634483014498	0.200937684835442	1	0.162	0.15	0.012
Cdc73	0.233814285572099	-0.321141575477893	1	0.101	0.122	0.021
Snx32	0.235594771601584	0.194560001796995	1	0.115	0.094	0.021
Lcor	0.241500160584032	-0.175204191328796	1	0.196	0.201	0.005
Senp7	0.244226461540546	-0.3184863359086	1	0.103	0.115	0.012
Prrt1	0.24550888640811	0.29411121098898	1	0.146	0.113	0.033
Il33	0.246652397370338	-0.10164642209401	1	0.44	0.459	0.019
Platr25	0.246761384831356	0.18687255063894	1	0.103	0.083	0.02
Clcn3	0.248452933398916	-0.519572119540816	1	0.082	0.109	0.027
Hnrnpm	0.250098160810562	-0.174328465743631	1	0.179	0.178	0.001
Aff4	0.250508624903753	0.101907715772941	1	0.193	0.174	0.019
Fkbp1a	0.252924670769223	-0.40155100819817	1	0.11	0.132	0.022
Smarca5	0.253162914684502	0.304332507797799	1	0.115	0.094	0.021
Sltm	0.254182944058742	-0.139785715157582	1	0.385	0.381	0.004
Tmem108	0.254560513039784	-0.135610449032947	1	0.104	0.098	0.00599999999999999
Mau2	0.256572039192269	-0.265139087014028	1	0.13	0.149	0.019
Wdfy3	0.259762361637021	-0.103947333903438	1	0.227	0.224	0.003
Trip4	0.260403683208678	-0.138958844542896	1	0.119	0.113	0.00599999999999999
Snrnp48	0.261044138734051	0.166514289878339	1	0.191	0.163	0.028
Gtdc1	0.262213063506122	-0.33802018790103	1	0.225	0.257	0.032
Sec11c	0.262272487217186	0.132369909529258	1	0.286	0.249	0.037
Snx6	0.262484942923214	-0.22398418220132	1	0.123	0.127	0.004
Tspan15	0.262809849090696	0.23917367555668	1	0.15	0.12	0.03
Ptma	0.262845725481241	-0.201550668454689	1	0.24	0.257	0.017
Crebbp	0.2631171690301	-0.289663672320523	1	0.27	0.297	0.027
Nktr	0.263341886616217	-0.28752029230408	1	0.211	0.243	0.032
Garre1	0.264273724499673	-0.158142503062889	1	0.236	0.241	0.005
Sh3gl3	0.266447292361096	0.26643871282093	1	0.225	0.19	0.035
Elovl5	0.267064876653185	0.26558220077439	1	0.17	0.143	0.027
Grb2	0.269969883411101	-0.157523289417302	1	0.11	0.108	0.002
Taldo1	0.270065678901224	-0.375224272963338	1	0.121	0.144	0.023
Glod4	0.270138696374859	-0.235682120326702	1	0.099	0.109	0.01
Tmem151a	0.270340126987418	0.17961623455647	1	0.314	0.272	0.042
Prpf40a	0.270678819139793	0.125378694691284	1	0.166	0.145	0.021
Zfp438	0.271768521475116	0.286474553192836	1	0.139	0.114	0.025
Nsmce2	0.27289644777472	-0.122825689075775	1	0.312	0.308	0.004
Chn2	0.274408701755447	-0.293332211600458	1	0.235	0.252	0.017
Bcar1	0.278131808676292	0.32187347906357	1	0.131	0.1	0.031
Plod1	0.278319479271744	0.145485030248105	1	0.113	0.094	0.019
Usp47	0.278679602344431	-0.227767116993389	1	0.117	0.118	0.000999999999999987
Spast	0.27871056860658	0.182373974331617	1	0.104	0.086	0.018
Gpr137c	0.280664037645858	0.132485629285605	1	0.145	0.124	0.021
Tnks2	0.281550940044395	-0.411351820033217	1	0.1	0.123	0.023
Eefsec	0.282449235243724	-0.384116346179676	1	0.098	0.115	0.017
Sulf2	0.282495156979259	-0.245559014504273	1	0.143	0.158	0.015
D16Ertd472e	0.284841655628379	-0.30705813558855	1	0.174	0.192	0.018
Fut8	0.285370322057648	-0.155162241442796	1	0.147	0.155	0.00800000000000001
Cttnbp2nl	0.286511059273684	0.160255919933305	1	0.176	0.147	0.029
Snrnp70	0.286953911981806	-0.157043551024756	1	0.315	0.308	0.00700000000000001
T2	0.287320400948144	-0.244379253036716	1	0.099	0.113	0.014
Matn4	0.28899289317857	-0.120368130870854	1	0.104	0.099	0.00499999999999999
Galnt7	0.291504794537917	-0.206556476779183	1	0.291	0.311	0.02
Ptprm	0.29240432248478	0.24354235821892	1	0.144	0.112	0.032
Tra2a	0.294619944263723	0.149268405080257	1	0.351	0.321	0.03
Lrrc1	0.29578179700001	-0.152116116723241	1	0.185	0.194	0.00900000000000001
Snx24	0.297253006405783	-0.205557895831022	1	0.203	0.219	0.016
Ldb3	0.297531269569587	0.13095341089745	1	0.146	0.127	0.019
Efcab14	0.297666550638725	-0.154405403309791	1	0.254	0.257	0.003
Ctif	0.3005239594815	0.21934499877133	1	0.181	0.147	0.034
Sik3	0.300841178266027	0.200539860952715	1	0.851	0.811	0.0399999999999999
Tspan14	0.303165689033699	0.251754396488129	1	0.205	0.178	0.027
Rab11fip3	0.304239003954643	-0.403153044689978	1	0.118	0.134	0.016
Stxbp6	0.305228429615764	-0.139833002745709	1	0.529	0.538	0.00900000000000001
Ubxn7	0.305436804412028	0.170437194770416	1	0.114	0.1	0.014
Msl2	0.306312017799156	-0.197594375882041	1	0.106	0.11	0.004
Sass6	0.307015298980465	0.163472133444847	1	0.109	0.098	0.011
Dixdc1	0.307174872132638	0.158534860759892	1	0.389	0.347	0.042
D7Ertd443e	0.307964353808653	0.103499169649656	1	0.78	0.746	0.034
Cdk19	0.308117517707335	0.106540658972489	1	0.815	0.778	0.0369999999999999
Fam171b	0.308396037680491	0.246700587995422	1	0.129	0.113	0.016
Pcmtd1	0.30900903903228	-0.295569107691714	1	0.149	0.172	0.023
Stx6	0.30980294648309	0.135548838920909	1	0.132	0.11	0.022
Scmh1	0.310388444960105	0.109029108053128	1	0.147	0.134	0.013
Akt3	0.311188276899556	-0.529107605242891	1	0.095	0.113	0.018
Tmem163	0.31169410345615	-0.169848974687055	1	0.137	0.139	0.002
Klf13	0.312167770610932	-0.140547438456978	1	0.284	0.305	0.021
Wdr91	0.312850225387013	0.420249967254296	1	0.101	0.08	0.021
Ddx6	0.317570403693698	0.246736318215609	1	0.113	0.093	0.02
Rasal1	0.318582268217512	0.220214238829017	1	0.107	0.083	0.024
Mpdz	0.320310003690225	-0.313105693338878	1	0.131	0.139	0.00800000000000001
Mettl25	0.324154788246351	0.193149037503385	1	0.118	0.098	0.02
Abca8a	0.325983788484394	-0.131361518675265	1	0.364	0.368	0.004
Zmym4	0.326113932048423	-0.225691818084295	1	0.128	0.137	0.00900000000000001
Carns1	0.327731799622802	0.131443283294284	1	0.181	0.16	0.021
Epb41l2	0.328480967991994	0.164203022397735	1	0.254	0.223	0.031
Psmd1	0.330000076162223	-0.528301648024617	1	0.101	0.123	0.022
Pign	0.333616351359807	0.228908545665558	1	0.131	0.105	0.026
Trim3	0.333652876206336	0.208450284759454	1	0.138	0.117	0.021
Rb1cc1	0.335666294607994	-0.178357485681329	1	0.101	0.119	0.018
Kcnk13	0.337791988008377	0.113938555750405	1	0.477	0.437	0.04
Umad1	0.338064063023191	-0.371224695694245	1	0.175	0.203	0.028
Acox1	0.339866456176932	0.198996098960063	1	0.185	0.155	0.03
Tjap1	0.340494006377145	-0.133324741234272	1	0.146	0.144	0.002
Heatr3	0.341996394408422	-0.152181475861005	1	0.15	0.148	0.002
Aftph	0.342041403879036	0.114767590703508	1	0.112	0.098	0.014
Parm1	0.342186942030624	0.381357486364726	1	0.151	0.128	0.023
Smyd3	0.342888892003528	-0.140549125743262	1	0.136	0.155	0.019
Iffo1	0.345514110718144	0.215957031169047	1	0.153	0.128	0.025
Immp1l	0.346202257107973	-0.412588039286377	1	0.178	0.212	0.034
Fgd3	0.347813563814775	0.240480045391897	1	0.121	0.096	0.025
Rab2a	0.348551997893586	0.100681271663231	1	0.21	0.187	0.023
N4bp2l2	0.351275433320402	-0.297164922401359	1	0.132	0.163	0.031
Itgb8	0.355004601401292	0.114366822134495	1	0.2	0.17	0.03
Sil1	0.355356631123394	-0.23885438991334	1	0.135	0.135	0
Arnt2	0.355934836016164	-0.203335120233307	1	0.366	0.375	0.00900000000000001
Kif6	0.35627059031082	0.183755047620833	1	0.314	0.282	0.032
Plekha5	0.360897102447191	-0.267898937178975	1	0.149	0.182	0.033
Tcf25	0.361079081909774	-0.378357479123096	1	0.176	0.216	0.04
Slc20a2	0.363454733828383	0.198460056230235	1	0.287	0.258	0.029
Dusp16	0.364041723680577	0.280523027459274	1	0.346	0.294	0.052
Trpc4ap	0.365177642151219	0.110642370449944	1	0.208	0.182	0.026
Chchd3	0.366571499095617	-0.390007902488342	1	0.112	0.132	0.02
Marf1	0.367029213891623	0.103787162511095	1	0.129	0.113	0.016
Lrrc4b	0.370801987567043	0.196772957712417	1	0.129	0.112	0.017
Fgf1	0.372770480761254	-0.261308792147345	1	0.094	0.105	0.011
Afdn	0.372986172045317	0.143282974822809	1	0.114	0.105	0.00900000000000001
Gna12	0.375427206189189	0.152588000284383	1	0.464	0.416	0.048
Cd81	0.376321666445805	-0.250068288303615	1	0.146	0.167	0.021
Rlf	0.378260244686674	-0.528889476024552	1	0.104	0.13	0.026
Nfib	0.379669895548931	0.125036306060486	1	0.341	0.298	0.043
Pgap1	0.379897052977555	-0.157967565447339	1	0.13	0.123	0.00700000000000001
Mink1	0.379959853226173	-0.108108217209859	1	0.256	0.251	0.005
Pcyt1b	0.380643993669296	-0.261262170186376	1	0.176	0.193	0.017
Kndc1	0.380689578395622	0.230107358280168	1	0.423	0.372	0.051
Trp53bp2	0.380751089030991	0.21487723149892	1	0.224	0.193	0.031
Ctnna2	0.382138651380016	-0.122183479855449	1	0.804	0.816	0.0119999999999999
Gosr1	0.383501844379961	-0.234357908601723	1	0.109	0.114	0.005
Erbin	0.391225699411194	0.145210699146316	1	0.799	0.761	0.038
Numa1	0.392654804100471	-0.243263157227247	1	0.093	0.1	0.00700000000000001
Prdx1	0.393362189024188	-0.234843708943225	1	0.191	0.195	0.004
Vps35l	0.396773480807406	-0.174687417356636	1	0.167	0.168	0.001
Zbtb38	0.401465496095309	0.116019473608845	1	0.193	0.165	0.028
Elovl7	0.401822447584746	0.130248681333803	1	0.485	0.452	0.033
Rcan2	0.401910950951329	-0.287784162579997	1	0.281	0.308	0.027
Cobll1	0.402155927134846	0.130597637997181	1	0.447	0.41	0.037
Inf2	0.405875072629304	0.144849987501909	1	0.221	0.194	0.027
Btrc	0.406182606557566	-0.191473683978099	1	0.134	0.137	0.003
Akap6	0.406842122591783	0.147644606384133	1	0.335	0.311	0.024
Retreg3	0.407588804049977	-0.158159900466242	1	0.186	0.197	0.011
Mgat3	0.407843212826366	0.189737132675798	1	0.118	0.098	0.02
Sirt2	0.412133831169184	-0.145004525125365	1	0.215	0.216	0.001
Brd4	0.41263549295269	-0.22497893814463	1	0.195	0.199	0.004
Abcg1	0.41753615919427	-0.220632250999509	1	0.136	0.149	0.013
Mob3b	0.421023916429242	0.185670206234661	1	0.365	0.331	0.034
Uhrf2	0.423679639397044	0.202685603022065	1	0.102	0.086	0.016
Ints8	0.424844113708928	-0.393148061761668	1	0.102	0.12	0.018
Ndufaf2	0.425965498875197	-0.26442384435232	1	0.124	0.132	0.00800000000000001
Opalin	0.427302791505261	0.148755728466903	1	0.432	0.391	0.041
Iftap	0.428199712854573	0.237351320765903	1	0.134	0.108	0.026
Pam	0.429566087458085	-0.378761660322942	1	0.138	0.167	0.029
Spata5	0.432293272786817	0.117189908783112	1	0.133	0.119	0.014
Cdk12	0.432631263806272	-0.282942075968924	1	0.227	0.242	0.015
Eif4g1	0.434262571380507	0.376367142214192	1	0.101	0.079	0.022
Nup214	0.435498711138437	-0.251382035182884	1	0.107	0.112	0.005
Gfra1	0.437800745340384	0.445618747488295	1	0.133	0.102	0.031
Tkt	0.438743887584068	-0.163964539297475	1	0.115	0.118	0.00299999999999999
Hmg20a	0.438827741445844	-0.289860255284743	1	0.148	0.168	0.02
Hycc1	0.440557287324053	0.256139694384217	1	0.276	0.239	0.037
Tsc22d3	0.441036186215237	-0.190530639069098	1	0.195	0.207	0.012
Sgce	0.442133909258229	-0.273171616592419	1	0.143	0.15	0.00700000000000001
Rrbp1	0.447785171636166	0.176245156574737	1	0.149	0.124	0.025
Septin1	0.448405457182561	-0.121576176472641	1	0.109	0.114	0.005
Clcn5	0.45098100163886	0.150926288542379	1	0.135	0.123	0.012
Mfsd14a	0.452760534714245	-0.339046206461179	1	0.114	0.127	0.013
Mier1	0.455785504678925	0.16819508913873	1	0.11	0.094	0.016
Sox2	0.457160216582449	0.244243834627728	1	0.163	0.132	0.031
Pkd2	0.457165630450348	0.262685250146241	1	0.157	0.129	0.028
Srbd1	0.457972077903315	-0.284669164133404	1	0.104	0.108	0.004
Pds5b	0.459717243300751	-0.242379636564374	1	0.096	0.107	0.011
Pdpk1	0.4651537191334	0.118478597096849	1	0.108	0.094	0.014
Ubl3	0.465336008811301	0.244952709892749	1	0.128	0.112	0.016
Atosa	0.467180740082135	0.306981653736833	1	0.146	0.127	0.019
Prkcq	0.470841938631121	0.103820228153751	1	0.297	0.259	0.038
Exoc6b	0.475770155993528	0.104912369499991	1	0.807	0.774	0.033
Ext1	0.480100717143883	-0.267320447793021	1	0.211	0.239	0.028
Abca8b	0.482741840813206	0.126112802145725	1	0.208	0.185	0.023
Ankrd44	0.483130843861683	0.159342659485447	1	0.251	0.222	0.029
Tpd52	0.483431967357199	0.246582852644246	1	0.155	0.132	0.023
Rbm26	0.490150107987296	-0.138415716141223	1	0.152	0.158	0.00600000000000001
Lrig3	0.493330946859576	-0.203202471898164	1	0.11	0.117	0.00700000000000001
Glul	0.496665469865755	-0.100702655347243	1	0.299	0.312	0.013
Tasor2	0.500326971770776	-0.101364656321209	1	0.107	0.103	0.004
Farp2	0.501162511478524	0.149418874262127	1	0.105	0.09	0.015
Eml6	0.502012479700496	-0.141232033664651	1	0.109	0.127	0.018
Bod1l	0.506846363560203	-0.173254683276526	1	0.104	0.105	0.001
Ulk2	0.507312188613642	0.136054129850292	1	0.17	0.159	0.011
Mapre2	0.508620760702141	0.147942784357927	1	0.41	0.378	0.032
Tet1	0.510542826582579	-0.212239560748411	1	0.138	0.15	0.012
Tcf20	0.51111303538417	-0.101135597215181	1	0.166	0.167	0.001
Zmat1	0.511578768134309	0.174210500940629	1	0.176	0.15	0.026
Rptor	0.514433825417902	-0.274164527872789	1	0.143	0.155	0.012
Akap10	0.517313966823589	-0.12633788155333	1	0.131	0.127	0.004
Hmgcl	0.519594304297108	0.224742792272884	1	0.109	0.088	0.021
Fam222a	0.521996668123355	0.145195225163146	1	0.114	0.095	0.019
Pls3	0.522213233299872	-0.234636136810173	1	0.101	0.122	0.021
Pde7a	0.523013931180219	-0.304711807323267	1	0.097	0.108	0.011
Sorbs3	0.526230243145933	0.111870900159511	1	0.128	0.108	0.02
Chst8	0.52656301228853	0.170387071105194	1	0.116	0.099	0.017
Tm7sf3	0.527089421370184	0.171978826710866	1	0.149	0.125	0.024
Ip6k1	0.527391531538033	-0.414601349085311	1	0.112	0.133	0.021
Ano4	0.529668635433829	0.155897800051993	1	0.922	0.902	0.02
Fbxl20	0.531359820078303	-0.146666994991437	1	0.104	0.113	0.00900000000000001
Arid1a	0.531911794208259	-0.208178254882891	1	0.139	0.153	0.014
Glg1	0.532247664531266	-0.105935746605969	1	0.101	0.102	0.000999999999999987
Ylpm1	0.535677973069339	-0.185802876556727	1	0.09	0.109	0.019
Ubc	0.541784766947422	-0.149451910464745	1	0.11	0.118	0.00799999999999999
Baz1b	0.542119022700528	0.216102605917856	1	0.106	0.099	0.00699999999999999
Clk1	0.543680861305932	-0.105716513894159	1	0.236	0.236	0
Nedd4	0.544822905622638	-0.192257211974114	1	0.202	0.218	0.016
Asxl1	0.549948121799192	-0.114281167700699	1	0.121	0.124	0.003
Vps41	0.550562130995166	-0.42144160337137	1	0.138	0.16	0.022
Tnfaip6	0.550720152186589	-0.136317652742587	1	0.251	0.258	0.00700000000000001
Nrf1	0.552682859257833	-0.290356754474906	1	0.142	0.165	0.023
Sec61a2	0.558324995884353	-0.401337719158584	1	0.079	0.1	0.021
Spred1	0.558881413106027	-0.32997196410941	1	0.136	0.143	0.00699999999999998
Cep128	0.565994414912921	-0.274391661284068	1	0.115	0.12	0.00499999999999999
Creb1	0.568389773985349	-0.261384413718654	1	0.193	0.217	0.024
Fars2	0.569291381290143	-0.413024579499811	1	0.107	0.118	0.011
Otulin	0.57641410202196	-0.136239815707301	1	0.151	0.155	0.004
Tbc1d23	0.577783454481246	-0.152335161880682	1	0.124	0.125	0.001
Cldn14	0.58274870148969	-0.191234629126425	1	0.123	0.129	0.00600000000000001
Hnrnpc	0.582923790796082	0.152788073903702	1	0.115	0.1	0.015
Rnf43	0.583212141032538	0.167236836085042	1	0.152	0.14	0.012
Bckdhb	0.586496996332827	-0.206564090343352	1	0.106	0.119	0.013
Srsf2	0.588141882296828	-0.155401437536338	1	0.241	0.246	0.005
Dnajb2	0.591550141335986	0.149456505406424	1	0.26	0.243	0.017
Wscd1	0.59165122505154	0.118703893696554	1	0.316	0.284	0.032
Tra2b	0.599540686428165	-0.165971287748498	1	0.12	0.125	0.005
Bin1	0.60223981526648	0.168168171720386	1	0.755	0.713	0.042
Adamts20	0.604178813928585	0.134936578391334	1	0.169	0.144	0.025
Zfp445	0.616006653534542	-0.325493903499617	1	0.169	0.189	0.02
Ppp1r9a	0.625354533805193	-0.25659054560971	1	0.1	0.119	0.019
Evi5l	0.627477288466011	0.116241150693124	1	0.21	0.187	0.023
Dennd11	0.632334530518425	0.138509628186492	1	0.149	0.127	0.022
Atl3	0.633773821913492	0.112912620671946	1	0.207	0.183	0.024
Prpf39	0.636558612318389	-0.186072581874567	1	0.133	0.137	0.004
Eya4	0.645402577825566	0.149677429636066	1	0.1	0.089	0.011
Lama2	0.646345971749454	-0.137660406659407	1	0.417	0.429	0.012
Reep3	0.649045372365566	-0.311398022757102	1	0.131	0.154	0.023
Bclaf1	0.649688149929704	-0.135141884396019	1	0.1	0.104	0.00399999999999999
Nsd3	0.650186986357054	-0.109533476785889	1	0.174	0.169	0.00499999999999998
Ttc14	0.667410646123511	-0.295732400818578	1	0.115	0.147	0.032
Pcyt2	0.670766023003108	-0.144158641592126	1	0.204	0.221	0.017
St7l	0.673399991908484	-0.184902757376754	1	0.132	0.147	0.015
Fscn1	0.674273819984268	0.308876277079361	1	0.123	0.104	0.019
Cdk13	0.679034135636855	-0.158642601956935	1	0.141	0.149	0.00800000000000001
Pde4dip	0.680925254036881	-0.280527567395398	1	0.124	0.148	0.024
Mtdh	0.683903417539668	-0.179928471229266	1	0.124	0.135	0.011
9330159F19Rik	0.684994313645386	-0.181075131289527	1	0.099	0.109	0.01
Eif2b3	0.687903359328193	-0.230188973393583	1	0.102	0.112	0.01
Tmeff1	0.696141865796007	0.101947047943094	1	0.493	0.466	0.027
Schip1	0.704225743345892	-0.161670822440553	1	0.198	0.211	0.013
Lmbrd1	0.707552104234799	-0.244708333494982	1	0.094	0.112	0.018
Bpgm	0.711962643363877	-0.166556815842384	1	0.129	0.143	0.014
Gsn	0.729621513046824	-0.105726915604611	1	0.154	0.16	0.00600000000000001
Rap1gds1	0.730714315851999	-0.28480426522879	1	0.175	0.198	0.023
Cdip1	0.731104979864178	-0.291751439648495	1	0.176	0.201	0.025
Pld1	0.732968762892347	0.104588659180522	1	0.294	0.272	0.022
Gnb1	0.733070590768926	-0.184407962089096	1	0.134	0.14	0.00600000000000001
Pgap2	0.733104009488199	0.266240361766964	1	0.142	0.122	0.02
Ndrg1	0.736497475063497	0.105036715958497	1	0.239	0.222	0.017
Smc1a	0.736787296057892	-0.264597813639614	1	0.106	0.118	0.012
Cep350	0.737801029119879	-0.198168266222648	1	0.176	0.187	0.011
Tmem135	0.748251260910559	-0.244813620068786	1	0.163	0.183	0.02
Dync1li1	0.755331226094665	0.353736463471365	1	0.104	0.083	0.021
Pnn	0.756446218944736	-0.124201968019807	1	0.112	0.124	0.012
Chd6	0.765103805979129	-0.23799973802533	1	0.193	0.218	0.025
Fez1	0.767287383626987	-0.107282685467089	1	0.274	0.277	0.003
Micu3	0.769677772661506	-0.536821626793243	1	0.076	0.104	0.028
Nxpe4	0.770665042910661	-0.240053384283168	1	0.096	0.107	0.011
Immt	0.778252924847508	-0.347655161937512	1	0.117	0.129	0.012
Pias1	0.778614625146827	-0.233426143350401	1	0.127	0.138	0.011
Dnajc24	0.778767589215503	-0.158622483901363	1	0.162	0.165	0.003
Cpm	0.792075744850731	0.174844972509766	1	0.21	0.193	0.017
Wdpcp	0.792105107262554	-0.120187482001053	1	0.165	0.164	0.001
Dennd5a	0.794921831982433	0.111058609787001	1	0.482	0.446	0.036
Ppp2r5e	0.795458085491039	0.141297433958716	1	0.105	0.093	0.012
Lpar1	0.796550865144435	0.132029076715792	1	0.338	0.313	0.025
Zfp638	0.802179336853042	0.112374168375695	1	0.579	0.558	0.0209999999999999
Arih1	0.803373729010784	-0.133784943718158	1	0.309	0.318	0.00900000000000001
Ccnt2	0.805259145227315	-0.198631582243882	1	0.1	0.11	0.01
Fam193a	0.810592306518504	-0.18359235652731	1	0.169	0.187	0.018
Arglu1	0.811220020293182	-0.136764980794609	1	0.181	0.206	0.025
Gtf2i	0.812583600497333	-0.180790944216627	1	0.182	0.19	0.00800000000000001
Pcolce2	0.819028079046001	0.103691876014132	1	0.137	0.125	0.012
Tbck	0.819939085025788	-0.173433272970126	1	0.11	0.114	0.004
Daam1	0.820842127838602	0.11486095035735	1	0.605	0.576	0.029
Mettl15	0.821442842747339	-0.106847565409599	1	0.171	0.169	0.002
Agmo	0.825408431113581	-0.1395873403268	1	0.243	0.256	0.013
Prkd3	0.828096747413757	0.105062207516368	1	0.303	0.278	0.025
Cxxc5	0.828477834483345	0.136026172334837	1	0.157	0.145	0.012
Magt1	0.836025589692987	-0.198707736719788	1	0.094	0.108	0.014
Mpp2	0.84064640707494	0.238428084109582	1	0.105	0.085	0.02
Pcyt1a	0.841465037795214	-0.179819767716354	1	0.099	0.105	0.00599999999999999
Mark2	0.843922466029657	-0.243971014716789	1	0.118	0.124	0.00600000000000001
Onecut2	0.859683728611776	-0.171140374335643	1	0.118	0.133	0.015
Ell2	0.863962435395946	-0.140805028439537	1	0.175	0.179	0.004
Mthfd1l	0.864792480701501	-0.201105806678773	1	0.095	0.104	0.00899999999999999
Atp9a	0.866868138653139	-0.156801454790496	1	0.189	0.197	0.00800000000000001
Fnip1	0.874593243462038	-0.111188995778131	1	0.26	0.258	0.002
Zfp280d	0.875549439837185	-0.157554240476123	1	0.311	0.318	0.00700000000000001
Hid1	0.884640602474316	0.141726698644578	1	0.218	0.199	0.019
Hhip	0.89016257574942	0.194459744019716	1	0.189	0.17	0.019
Vapa	0.901360278882613	-0.241466697373877	1	0.099	0.104	0.00499999999999999
Olig1	0.918013085652695	-0.113298721707128	1	0.107	0.108	0.001
Phc3	0.926144118392417	-0.248209150831762	1	0.148	0.16	0.012
Rtkn	0.930006932222936	0.141789997670129	1	0.146	0.127	0.019
Ptbp2	0.931469443989503	-0.262810629329764	1	0.162	0.187	0.025
Cacnb4	0.933353940921724	0.203183585199501	1	0.143	0.135	0.00799999999999998
Chd2	0.944057963714955	-0.227548907394478	1	0.107	0.119	0.012
Parp8	0.945382303408458	-0.135570691865184	1	0.132	0.14	0.00800000000000001
Vps4b	0.945881371190661	-0.325153012387265	1	0.095	0.107	0.012
Nav1	0.94950277831728	-0.185909605777301	1	0.26	0.271	0.011
Taf3	0.952982195839321	-0.207412472098676	1	0.109	0.113	0.004
Pds5a	0.957909781247931	-0.214650702901068	1	0.157	0.169	0.012
Aatf	0.958632151313301	-0.109914892371331	1	0.138	0.145	0.00699999999999998
Papola	0.961772563981911	-0.313686474863556	1	0.1	0.118	0.018
Mia2	0.962267473441827	-0.171901305672885	1	0.101	0.107	0.00599999999999999
Zdhhc17	0.96580313977272	-0.171399068785801	1	0.096	0.103	0.00699999999999999
Cul1	0.96709490511094	-0.193248401748374	1	0.191	0.206	0.015
Kif1a	0.974078847142274	-0.116668763224863	1	0.116	0.123	0.00699999999999999
Rps6kb1	0.974888405078115	-0.264399476429506	1	0.124	0.14	0.016
Ppp6r3	0.975023464045171	-0.120441595910844	1	0.148	0.154	0.00600000000000001
Rnf130	0.977214086338489	-0.104753781958327	1	0.29	0.296	0.00600000000000001
Nek1	0.982362898774214	-0.182439633235645	1	0.101	0.107	0.00599999999999999
Abhd12	0.99555465542975	-0.132105623785273	1	0.113	0.12	0.00699999999999999
Kdm3b	0.999035290854753	-0.288439654824744	1	0.09	0.102	0.012
