gene	p_val	avg_log2FC	p_val_adj	percent_3	percent_0	percent_difference
Fth1	6.28676303759663e-126	1.47886735089994	1.12646220107656e-121	0.782	0.461	0.321
Kcnab1	1.79243864622428e-27	-1.13161597634658	3.21169156630466e-23	0.187	0.361	0.174
Ftl1	5.24497255735088e-25	2.67532939343212	9.39794182826131e-21	0.108	0.02	0.088
Klf9	9.55479546888695e-21	-1.43962327040473	1.71202825211516e-16	0.075	0.178	0.103
Elmo1	1.26399265987376e-19	-0.424209306961244	2.2648220479618e-15	0.786	0.859	0.073
Tmem132d	5.45798535755657e-19	0.958062919830782	9.77961816366986e-15	0.347	0.204	0.143
Tmod2	8.28878580340502e-19	-0.663651864682125	1.48518464025411e-14	0.422	0.549	0.127
Luc7l2	1.67099988870166e-17	-0.382179469478476	2.99409760057564e-13	0.711	0.797	0.0860000000000001
Oxr1	2.24106783825221e-17	-0.761019273201329	4.01554535258032e-13	0.253	0.386	0.133
Rcan2	6.84286678778899e-17	-0.669025379632204	1.22610487103603e-12	0.3	0.434	0.134
Mat2a	7.8219894176709e-16	-0.668886516850836	1.40154406385827e-11	0.271	0.39	0.119
Fam168a	4.50386426338381e-14	0.679015923465186	8.07002398713112e-10	0.333	0.22	0.113
Mboat2	3.09465431646037e-13	1.17924953801397	5.54500160423369e-09	0.166	0.078	0.088
Gse1	3.97978116408711e-13	0.945466950371236	7.13097188981129e-09	0.229	0.132	0.097
Efr3b	4.77994616127924e-13	1.46552524481708	8.56470753178015e-09	0.132	0.056	0.076
Insr	4.78615786403233e-13	-0.666614345302948	8.57583766077313e-09	0.233	0.327	0.094
Sesn1	1.45412396592755e-12	1.40228488068594	2.60549932214898e-08	0.118	0.047	0.071
Ccser2	1.84452763488089e-12	0.930651972428262	3.30502461617958e-08	0.189	0.115	0.074
Lrrtm3	2.02913543931416e-12	-1.48192489873774	3.63580488016312e-08	0.048	0.128	0.08
Fam219a	4.36847061586745e-12	-1.14436904201783	7.82742564951129e-08	0.061	0.115	0.054
Nr3c1	6.28956768403237e-12	0.517570575397017	1.12696473762492e-07	0.288	0.228	0.06
Map7	8.08382460775951e-12	-0.221103297753191	1.44845969321835e-07	0.917	0.952	0.0349999999999999
Tbc1d5	8.69591183701106e-12	-0.316429620629974	1.55813348295564e-07	0.829	0.876	0.047
Btbd9	1.56970753079158e-11	0.759795886322039	2.81260195367235e-07	0.244	0.152	0.092
Msantd2	1.68676541317787e-11	1.09718623581445	3.02234626733211e-07	0.134	0.071	0.063
Aopep	2.40793049743264e-11	0.508390880178246	4.3145298652998e-07	0.427	0.343	0.084
Pacrg	3.31572847793811e-11	-0.60137320979661	5.9411222867695e-07	0.472	0.573	0.101
Fam171a1	4.53951113756507e-11	1.06211137974361	8.13389605628909e-07	0.128	0.06	0.068
Amph	6.64433252224815e-11	0.646352324600303	1.19053150133642e-06	0.348	0.252	0.096
Tmem178b	7.32160404869680e-11	0.241729498969406	1.31188501344549e-06	0.881	0.858	0.023
Lrrc4b	8.12436194864144e-11	0.972155184509824	1.45572317395757e-06	0.161	0.093	0.068
H2aj	8.90681677820467e-11	-0.989813268690023	1.59592343031871e-06	0.097	0.169	0.072
Kcnq3	8.94269870141403e-11	0.310014803691947	1.60235275331937e-06	0.839	0.783	0.0559999999999999
Fbxw15	9.85549618473443e-11	-1.243825568035	1.76590780638071e-06	0.075	0.154	0.079
Appl1	1.27989865514868e-10	-1.35580942275015	2.29332241029541e-06	0.044	0.103	0.059
Igf1r	3.00301195336987e-10	0.48078325069361	5.38079681804814e-06	0.407	0.335	0.072
Cachd1	3.31946382921152e-10	1.24954053427968	5.94781528918119e-06	0.131	0.067	0.064
Galnt5	3.46917347407253e-10	-1.17616641147187	6.21606503084316e-06	0.066	0.14	0.074
Cdc37l1	4.18440483422104e-10	-0.329959600729421	7.49761658195725e-06	0.699	0.771	0.0720000000000001
Plekha1	6.6391057554401e-10	-0.45506359887968	1.18959496925976e-05	0.407	0.501	0.094
Cdh19	7.50985907484499e-10	-0.434868791200608	1.34561654903073e-05	0.476	0.567	0.091
Csde1	1.06215019239366e-09	-0.999652978956679	1.90316071473095e-05	0.074	0.145	0.071
Maml3	2.13497243248106e-09	1.22110166773163	3.82544360451956e-05	0.107	0.049	0.058
Ank	2.408141034704e-09	0.456500839107583	4.31490710598262e-05	0.485	0.422	0.063
Epb41l4b	2.57301535699734e-09	0.732166640938259	4.61032891666783e-05	0.211	0.151	0.06
Sema6d	3.33339334595346e-09	0.434616647342323	5.97277419727941e-05	0.481	0.375	0.106
Tent4b	3.85195800574042e-09	0.795074840662235	6.90193835468568e-05	0.18	0.117	0.063
9330159F19Rik	9.17538439068294e-09	-0.740396978881187	0.000164404537512257	0.127	0.193	0.066
Sort1	1.45022867404064e-08	0.398097956635895	0.000259851973814602	0.418	0.359	0.059
Vps50	1.78436581035787e-08	1.08822658823279	0.000319722665899924	0.103	0.054	0.049
Adamts2	1.90953871876443e-08	0.83011808133903	0.000342151147628211	0.201	0.125	0.076
Copg2	2.1979404694873e-08	0.628912218551577	0.000393826973322734	0.172	0.134	0.038
Polr3e	2.68883685546084e-08	-0.854704168722318	0.000481785787761474	0.093	0.16	0.067
Tmem108	3.54008515869376e-08	0.700646247139249	0.000634312458734748	0.169	0.097	0.072
Actb	7.01079004085171e-08	-0.670303860025627	0.00125619335951981	0.197	0.265	0.068
Arrdc3	7.05620785419024e-08	-0.489087282923844	0.00126433132331381	0.263	0.344	0.081
Marchf1	7.69256637592108e-08	0.278288132649716	0.00137835404323754	0.831	0.786	0.0449999999999999
Sgms1	7.81140096416211e-08	0.792617622565953	0.00139964682475857	0.139	0.081	0.058
Hipk3	8.86208884090658e-08	0.657936519087036	0.00158790907851364	0.129	0.091	0.038
Zfp280d	9.01484897453619e-08	-0.407737681284087	0.0016152806392574	0.307	0.402	0.095
Aspa	9.32284008633637e-08	-0.248032256577194	0.00167046648666975	0.739	0.799	0.0600000000000001
Ppp2r5a	1.49696300182677e-07	0.521141200798838	0.0026822583066732	0.295	0.247	0.048
Abhd17b	1.60797635949034e-07	-0.382234356766249	0.00288117204093479	0.443	0.517	0.074
Elavl3	1.95459576231218e-07	0.382739120478572	0.00350224468691096	0.458	0.376	0.082
Scfd2	2.48755519797814e-07	-0.692643994678752	0.00445720140373723	0.127	0.18	0.053
Mobp	3.03945396228783e-07	-0.233814955076885	0.00544609360962733	0.781	0.828	0.0469999999999999
Foxp1	3.07491971582047e-07	0.427232422612943	0.00550964114680712	0.425	0.324	0.101
Gnaq	3.18557858855468e-07	0.384938041816809	0.00570791971497227	0.406	0.349	0.0570000000000001
Gapvd1	3.33227010886723e-07	0.705458284146111	0.0059707615810683	0.167	0.108	0.059
R3hdm1	3.46791250842622e-07	-0.466157304361511	0.00621380563259809	0.165	0.243	0.078
Nfatc3	4.0052888183373e-07	0.506361735427472	0.00717667650469677	0.176	0.143	0.033
Tle1	4.19371767908157e-07	0.756537061248016	0.00751430333737835	0.183	0.119	0.064
Vps13b	4.6187069911899e-07	0.474733408661491	0.00827579918681406	0.32	0.236	0.084
Otud4	4.7089417849711e-07	-0.755824052231677	0.00843748189031122	0.098	0.146	0.048
Nap1l4	5.27994170281876e-07	-0.937896880073078	0.00946059954311065	0.063	0.106	0.043
Ksr1	6.77546116519949e-07	0.907113540354718	0.0121402713158044	0.102	0.061	0.041
Anapc5	8.02025230792029e-07	0.783515403394479	0.0143706880853316	0.125	0.082	0.043
Septin7	9.2825736208224e-07	-0.190037110392091	0.0166325154137896	0.852	0.895	0.043
Klf13	9.29329537667409e-07	-0.411006673798216	0.0166517266559246	0.284	0.365	0.081
Robo1	1.13459137697349e-06	0.344350795784437	0.020329608292611	0.574	0.515	0.0589999999999999
Creb1	1.13606444912241e-06	-0.562971393003367	0.0203560027993754	0.185	0.256	0.071
Rasal2	1.18773166536566e-06	0.687939502707637	0.0212817759800219	0.215	0.148	0.067
Usp9x	1.60921735980242e-06	0.585099344709823	0.0288339566529398	0.227	0.158	0.069
Slc13a1	1.80222469526041e-06	-1.03366360635938	0.032292262089676	0.071	0.124	0.053
Mog	2.22625868619895e-06	-0.243069037482782	0.0398901031393128	0.714	0.761	0.047
Apc	2.31105431877895e-06	0.324322426344462	0.0414094712838813	0.524	0.456	0.068
Appbp2	2.31863517978651e-06	0.420603669748002	0.0415453051514147	0.218	0.188	0.03
Flnb	2.86429323768995e-06	0.577764554865223	0.0513224062329284	0.202	0.15	0.052
Golim4	3.24260095500037e-06	0.883088918203288	0.0581009239116966	0.105	0.067	0.038
Sap130	3.42895168408609e-06	0.63074257484307	0.0614399562754545	0.122	0.088	0.034
Tmem167	3.44980857182641e-06	-0.68814088418621	0.0618136699899856	0.072	0.103	0.031
Ddx5	3.68054300145597e-06	-0.301194672905113	0.065947969500088	0.395	0.485	0.09
Zc3h6	3.74133762059741e-06	-0.873480859211555	0.0670372874858644	0.079	0.133	0.054
Apoe	3.96762854539989e-06	0.575023888749616	0.0710919682764753	0.282	0.205	0.077
Gatad2b	4.06519374967645e-06	0.398853306030683	0.0728401416067027	0.316	0.267	0.049
Ccdc186	4.65590141912022e-06	0.832110324941152	0.0834244416277962	0.105	0.064	0.041
Thoc2l	4.82426117517794e-06	-0.645434232972702	0.0864411117368383	0.111	0.16	0.049
Kcna1	5.75906112436622e-06	-0.430209613065342	0.103190857226394	0.286	0.357	0.071
Rcor3	6.32372970123448e-06	0.77728489100794	0.113308588786719	0.105	0.065	0.04
Slc6a1	7.54664364033791e-06	-0.825289846998366	0.135220760747575	0.063	0.108	0.045
Xrcc6	9.0761485175677e-06	-0.646361249084236	0.162626429137778	0.155	0.225	0.07
Dennd5b	9.31698883979391e-06	-0.516876130273928	0.166941806031427	0.176	0.215	0.039
Phactr1	9.41520927513626e-06	0.379444929124679	0.168701719791892	0.452	0.369	0.083
Dnmt3a	9.75984323882677e-06	0.460392681208946	0.174876871153298	0.244	0.189	0.055
Adgrv1	9.96356599205699e-06	-1.053900056061	0.178527175445677	0.06	0.107	0.047
Tmem245	1.04880651872439e-05	0.862261674415427	0.187925152025036	0.109	0.063	0.046
Il1rap	1.13952454978152e-05	-0.256296537667013	0.204180008829854	0.628	0.665	0.037
Specc1l	1.21394593872804e-05	0.808868564666604	0.21751483330129	0.113	0.069	0.044
Gas7	1.43265529876275e-05	0.431912402008277	0.256703176432309	0.457	0.387	0.07
Il33	1.50064360932801e-05	-0.307648709032392	0.268885321919394	0.42	0.495	0.075
Macf1	1.63616380805648e-05	0.418105623518533	0.293167831127561	0.425	0.342	0.083
Armc8	1.74285305028694e-05	0.674009653345325	0.312284409550414	0.139	0.095	0.044
Zswim6	1.76667375191256e-05	0.430429401605221	0.316552602867693	0.301	0.226	0.075
Fer	1.79003724585224e-05	0.705342587326953	0.320738873711805	0.155	0.106	0.049
Stox2	1.84487579851953e-05	0.524047481613074	0.33056484557873	0.298	0.241	0.057
Gpr137c	1.85526696583627e-05	-0.529439077290119	0.332426734938544	0.14	0.198	0.058
Reep3	1.86117656624094e-05	0.37686203724719	0.333485617139052	0.163	0.143	0.02
Sos2	1.97220201921284e-05	0.766493078486487	0.353379157802557	0.119	0.071	0.048
Tent2	2.06738767347606e-05	-0.75693300439233	0.370434523333441	0.077	0.108	0.031
Opalin	2.32094294649275e-05	-0.199601100110965	0.415866557152572	0.379	0.453	0.074
Phf14	2.45096000757098e-05	-0.435597074521829	0.439163014156568	0.252	0.318	0.066
Sptbn1	2.49069436650116e-05	0.375394626614638	0.446282616589678	0.423	0.345	0.078
Dusp10	2.52007965237266e-05	-0.608902990050939	0.451547872112133	0.12	0.171	0.051
Rsrp1	2.5243625577513e-05	-0.306080034043637	0.452315283097878	0.418	0.49	0.072
Fgfr2	2.71044310063489e-05	-0.166684474457021	0.485657194771759	0.816	0.865	0.049
Swt1	2.76802886825035e-05	0.521962356746461	0.495975412613098	0.143	0.11	0.033
Bach2	2.87991585206692e-05	0.437710320532052	0.51602332237335	0.326	0.279	0.047
Ppp1r16b	2.92370350213023e-05	-0.175371724021371	0.523869193511695	0.716	0.778	0.0620000000000001
Cadm2	3.09776548735859e-05	0.179738737392992	0.555057620024913	0.851	0.785	0.0659999999999999
Ubl3	3.22957997342154e-05	0.691597419914538	0.578676139637672	0.153	0.104	0.049
Plxnb3	3.44325414793553e-05	0.552172394788903	0.616962278227088	0.242	0.174	0.068
Gphn	3.49766562402646e-05	-0.128547889049361	0.626711726513061	0.767	0.823	0.0559999999999999
Bicral	3.78736080617346e-05	-0.494336272891601	0.678619309250161	0.131	0.167	0.036
Srbd1	4.04445818458686e-05	-0.669501860484048	0.724686017514273	0.093	0.135	0.042
Tlk2	4.05946098016572e-05	0.608309595802596	0.727374218426095	0.124	0.08	0.044
Pspc1	4.24981424551006e-05	0.778299812853744	0.761481716510492	0.105	0.064	0.041
Tnfaip6	4.38150500141238e-05	-0.43407605034348	0.78507806615307	0.253	0.316	0.063
Acbd5	4.62878910230414e-05	-0.914791166079261	0.829386431350857	0.06	0.102	0.042
Rnf144a	4.76740196661987e-05	-0.572177089660802	0.854223084378948	0.151	0.198	0.047
Afdn	5.45482525423591e-05	0.645425635110331	0.977395589053991	0.149	0.1	0.049
Rbm33	5.71647049083706e-05	-0.648930344147097	1	0.106	0.157	0.051
Dgki	5.8903486807082e-05	-0.223187793896653	1	0.74	0.777	0.037
Apbb2	5.96499710633836e-05	0.219406309358658	1	0.536	0.517	0.019
Lrrc8d	6.06506336249413e-05	0.431811350576921	1	0.343	0.276	0.067
Kif1a	6.07255861548641e-05	0.616057796990178	1	0.172	0.12	0.052
Arih2	6.21810330630222e-05	-0.663824151853015	1	0.091	0.128	0.037
Map4k4	6.82497039483897e-05	0.301550867900671	1	0.561	0.491	0.0700000000000001
Ttc14	6.9934372705248e-05	-0.645296289644132	1	0.11	0.167	0.057
Nlk	7.21089247010701e-05	0.488477793779703	1	0.225	0.165	0.06
Tkt	7.22936039422033e-05	0.758248247600732	1	0.1	0.068	0.032
Eml1	7.39801540813129e-05	0.365983142191419	1	0.464	0.397	0.067
Rab28	7.41087618999342e-05	-0.702988230505897	1	0.067	0.101	0.034
Cntn3	7.72342434728099e-05	0.533635406727119	1	0.233	0.174	0.059
Emsy	8.41079946367641e-05	0.628688525514481	1	0.122	0.077	0.045
Fto	8.57188528088079e-05	0.243137445753558	1	0.436	0.394	0.042
B3galt1	8.60172048579053e-05	0.236146952187445	1	0.73	0.68	0.0499999999999999
Mtmr2	8.71971034832236e-05	-0.356815544930446	1	0.261	0.31	0.049
Cdc42bpa	8.86147448864273e-05	-0.179662323508678	1	0.841	0.878	0.037
Arfgef2	8.93651191942595e-05	0.40854183556875	1	0.28	0.24	0.04
Htra1	9.42981097308569e-05	-0.781138954828499	1	0.068	0.108	0.04
Micu1	9.44812282402315e-05	0.437671073186317	1	0.205	0.167	0.038
Mipol1	9.88502640402893e-05	0.712866807479769	1	0.1	0.069	0.031
Slc25a12	9.99767848754464e-05	0.646457450949894	1	0.159	0.105	0.054
Auh	0.000101875828575707	0.644362884430146	1	0.121	0.078	0.043
Map3k3	0.000103138751867653	-0.667824059459404	1	0.077	0.124	0.047
Top1	0.000103665901234576	-0.7591991749111	1	0.069	0.11	0.041
Mob2	0.000107114523452863	0.64984222959117	1	0.122	0.08	0.042
Ralyl	0.00011465633453233	-0.663971552590969	1	0.093	0.138	0.045
Zfp462	0.000119489863378911	0.265062650300732	1	0.282	0.261	0.021
Tnni1	0.000119822044353499	-0.414439931307187	1	0.195	0.252	0.057
Zbtb16	0.000127709358039532	-0.620990613037844	1	0.118	0.172	0.054
Rfx3	0.000133585612437686	-0.742644300474709	1	0.071	0.115	0.044
Acox1	0.000136653922917765	-0.453531669159216	1	0.169	0.219	0.05
Uvrag	0.000138000539741117	0.461365269962267	1	0.155	0.127	0.028
Slc9a9	0.000138075812675947	0.297062529711029	1	0.366	0.333	0.033
Ptprk	0.000140260563729853	-0.149805376123758	1	0.757	0.812	0.055
Tspan5	0.000141644264283173	0.27874411743324	1	0.498	0.442	0.056
Dnajc13	0.000152650006541161	0.509239676843582	1	0.13	0.095	0.035
Cldn11	0.000154501738416853	-0.271235070108093	1	0.439	0.506	0.067
Apba1	0.000154564576636506	0.253326587077148	1	0.499	0.473	0.026
Aatf	0.000155040353537014	0.542173738720567	1	0.164	0.116	0.048
Tmem87a	0.00016202356245735	-0.624964628544513	1	0.086	0.127	0.041
Ptch1	0.000165349797062465	0.629219301183563	1	0.118	0.075	0.043
Stag1	0.000166738856505637	-0.449915103618501	1	0.222	0.281	0.059
Iqsec1	0.000175320831864886	0.270747917429095	1	0.539	0.475	0.0640000000000001
Add1	0.000188657931475375	-0.303289513885547	1	0.356	0.419	0.063
Grid2	0.000191058550743255	-0.156681169488537	1	0.791	0.802	0.011
Aig1	0.000199508464398548	0.264116658849306	1	0.502	0.476	0.026
Paqr8	0.000202323891241497	0.572745523937443	1	0.151	0.112	0.039
Spen	0.000208145922317065	0.673348395190235	1	0.113	0.076	0.037
Ypel2	0.000211184702038312	0.225965354393237	1	0.791	0.736	0.055
Mbd5	0.000211651749248731	-0.389008790321569	1	0.234	0.292	0.058
Grik4	0.000215332062172147	0.540272557453666	1	0.18	0.126	0.054
Bptf	0.000223540863669488	0.336372748734665	1	0.264	0.219	0.045
Hcn2	0.000223651406786003	0.447858879758971	1	0.288	0.228	0.06
Usp48	0.000236119460345908	0.500146343379676	1	0.189	0.143	0.046
Tecpr2	0.000236435337689074	0.461506558771215	1	0.211	0.167	0.044
Ogt	0.000240564323360419	-0.459940804040991	1	0.128	0.18	0.052
Ufl1	0.000253928827368827	-0.4933986014264	1	0.092	0.119	0.027
Tanc2	0.000254386234439393	0.343619647004393	1	0.269	0.215	0.054
Ube2g1	0.000256239676621182	0.380797716408569	1	0.239	0.2	0.039
Med13	0.000258660597335659	-0.687511477116751	1	0.076	0.117	0.041
Nemf	0.000263108820278497	0.724364257112567	1	0.103	0.067	0.036
Synrg	0.000264293155339329	0.493764821888856	1	0.173	0.131	0.042
Mast3	0.000271483349493687	-0.259047447237132	1	0.479	0.543	0.0640000000000001
Cwc27	0.000281218162400784	-0.233332860557695	1	0.106	0.105	0.001
Pak1	0.000291273325953328	-0.158810405779355	1	0.763	0.793	0.03
Ikzf2	0.000293731768197265	-0.478139636475708	1	0.17	0.223	0.053
Trappc9	0.00029418539044741	0.5449019264193	1	0.14	0.097	0.043
Psat1	0.000307646866438973	-0.518790314500375	1	0.129	0.178	0.049
Srebf2	0.000312781080803941	0.313355109176908	1	0.187	0.169	0.018
Pkn2	0.000320975832269223	0.555676866535478	1	0.14	0.093	0.047
Adipor2	0.000337270672581076	-0.198639438035914	1	0.593	0.647	0.054
Tspan9	0.000339103945472744	0.501774217913389	1	0.191	0.16	0.031
Ext1	0.000343880542088184	0.384142599194025	1	0.276	0.215	0.061
Dennd4a	0.00034798452266804	-0.411097440466901	1	0.194	0.239	0.045
Phf3	0.000363183395377457	0.379294603580689	1	0.266	0.21	0.056
Rab5b	0.000373555846699629	-0.711790894167354	1	0.068	0.1	0.032
Srgap3	0.000379720752909051	0.626914885801649	1	0.133	0.092	0.041
Ctso	0.000386217795840172	-0.498601304978681	1	0.067	0.104	0.037
Slc6a6	0.000392753384494154	0.47436031924978	1	0.189	0.146	0.043
Etnk1	0.000395032812526559	-0.609463301618283	1	0.086	0.128	0.042
Son	0.000398528753015094	-0.196855279917482	1	0.574	0.627	0.053
Ctnna2	0.000421456835932544	0.163024054171906	1	0.793	0.758	0.035
Gatm	0.000425553591453071	-0.21797761046592	1	0.607	0.654	0.047
Rprd2	0.000443358305094669	0.532865917390195	1	0.144	0.1	0.044
Cep350	0.000453498907541518	0.250715367975815	1	0.201	0.183	0.018
Rsf1	0.000457707952434226	0.358072953127683	1	0.26	0.215	0.045
Sppl3	0.000470208969255983	0.505541732046149	1	0.124	0.097	0.027
Lpgat1	0.000490930676780526	-0.212385134760292	1	0.624	0.656	0.032
Slc10a7	0.00050258574503405	0.494609399087516	1	0.165	0.132	0.033
Dync1h1	0.000506236143660532	-0.239880081580178	1	0.148	0.152	0.004
Cnot1	0.000537817849205662	0.427558004550407	1	0.201	0.157	0.044
Srsf11	0.000544467165243002	-0.43489561199379	1	0.145	0.187	0.042
Glt8d1	0.000546238201476598	0.415343594128528	1	0.129	0.107	0.022
Plekhg1	0.000550081142209324	0.216595622207189	1	0.691	0.634	0.0569999999999999
Pdss2	0.000550651574148265	-0.593536874214164	1	0.086	0.11	0.024
Mapre3	0.000582748217976676	0.519242134106004	1	0.102	0.075	0.027
Hapln2	0.000619101580173276	-0.252818298220482	1	0.38	0.442	0.062
Smchd1	0.00066350530950317	-0.474466919958528	1	0.113	0.143	0.03
Dbndd2	0.000668377277821817	-0.348100663827614	1	0.255	0.311	0.056
Exoc3	0.000682297342379523	-0.69913629672505	1	0.075	0.107	0.032
Pcdh15	0.000691069710215592	-0.605540827956898	1	0.103	0.14	0.037
Trip12	0.000699073377599963	-0.284606011490671	1	0.229	0.249	0.02
Arhgef11	0.000713945057482326	0.484543628263282	1	0.152	0.115	0.037
Exoc4	0.000720165814042415	-0.244591012573503	1	0.439	0.498	0.059
Tmem219	0.000733929569985696	-0.728820715366853	1	0.07	0.108	0.038
Kif1b	0.000747850225463524	0.120079498391085	1	0.87	0.864	0.00600000000000001
Ak3	0.000867141039923996	-0.536497666370729	1	0.087	0.121	0.034
Ube2d1	0.00088516374676225	-0.285000900444411	1	0.333	0.39	0.057
Kazn	0.0008898402725181	-0.219908575035553	1	0.303	0.36	0.057
Vta1	0.000892572462330185	-0.687131921927357	1	0.075	0.113	0.038
Ccdc50	0.000894496271723266	-0.335210581447579	1	0.328	0.387	0.059
Herc1	0.000895634834531453	-0.494360336804484	1	0.102	0.15	0.048
Rbm5	0.000914465433705176	-0.296212581564269	1	0.278	0.322	0.044
Zcchc7	0.000927839097962585	-0.137161546985144	1	0.554	0.614	0.0599999999999999
Fbxl5	0.000994945930162619	-0.341822042129929	1	0.286	0.345	0.059
Ctif	0.00100403422821316	0.395454531572143	1	0.156	0.13	0.026
Hnrnpa2b1	0.00101838437836622	0.225864340179108	1	0.321	0.29	0.031
Lin52	0.0010334635245731	0.444721125276117	1	0.186	0.152	0.034
Tfdp2	0.0010435313264891	0.317105594233866	1	0.272	0.224	0.048
Actn4	0.00106468674902849	-0.297490837856497	1	0.188	0.237	0.049
Specc1	0.00109510672253676	0.221634544295721	1	0.434	0.401	0.033
Dnm2	0.00111356322082456	-0.339653360902794	1	0.243	0.294	0.051
Trmt13	0.00114290390138633	-0.468069196952381	1	0.13	0.176	0.046
Fhit	0.00115824515562974	-0.555210505674538	1	0.08	0.118	0.038
Pik3c2b	0.00118716907529579	0.292825795133046	1	0.443	0.381	0.062
Mettl7a1	0.00119612542222862	-0.4242963910255	1	0.17	0.217	0.047
Elavl1	0.00120295361875686	0.434809998345673	1	0.147	0.118	0.029
Samd4	0.00122662849233944	0.252679170808966	1	0.492	0.421	0.071
Cdkal1	0.0012280295761659	-0.349917673239558	1	0.255	0.307	0.052
Map6	0.00125296336503901	0.564204772415456	1	0.114	0.076	0.038
Gpbp1l1	0.0012710590805708	0.379448060239703	1	0.109	0.09	0.019
Pnpla7	0.00132857876120032	-0.684064732783648	1	0.068	0.104	0.036
Trim44	0.00136452516181688	-0.41944614795406	1	0.161	0.202	0.041
Birc6	0.00143501693740724	-0.311014907063788	1	0.25	0.294	0.044
Dmtf1	0.00145440708358201	-0.364886949456525	1	0.117	0.135	0.018
Gspt1	0.00146475518628075	0.491014748776271	1	0.117	0.088	0.029
Man2a2	0.00146741891300834	0.45712962526542	1	0.148	0.116	0.032
Arid2	0.00147267543153265	0.296188793378393	1	0.153	0.115	0.038
N4bp2l2	0.00149936023606062	-0.41275306561612	1	0.156	0.201	0.045
Armh3	0.00155875673061295	0.410631182070501	1	0.181	0.15	0.031
Pafah1b1	0.00162470139553538	-0.175954172543967	1	0.637	0.691	0.0539999999999999
Hip1r	0.00166524025911086	0.552975090461734	1	0.111	0.082	0.029
Oga	0.00169035647503076	0.524280330145736	1	0.154	0.115	0.039
Eri3	0.00175238572585356	0.264383833889806	1	0.215	0.194	0.021
Rhoj	0.00186050120725822	-0.578576527089802	1	0.074	0.106	0.032
Sh3kbp1	0.00187334869081159	0.233780795202747	1	0.456	0.434	0.022
Exoc5	0.00191487074615825	0.428548754304394	1	0.18	0.139	0.041
Smarca2	0.00193221611045267	0.37838651146525	1	0.198	0.161	0.037
Trim24	0.0019554478622259	0.250974048904017	1	0.16	0.152	0.00800000000000001
Vps8	0.00200366318818705	-0.170751961651541	1	0.395	0.45	0.055
Orc3	0.00205778697921762	-0.273412674820811	1	0.103	0.133	0.03
Tsc22d2	0.00213983510308792	0.503010585963442	1	0.147	0.107	0.04
Ddr1	0.00215156761243158	-0.177227511669258	1	0.375	0.427	0.052
Cfl2	0.00215669670593725	-0.472635507746119	1	0.115	0.156	0.041
Snx32	0.00218443934308514	-0.520652828805121	1	0.093	0.128	0.035
Xkr4	0.00221511280183209	0.403371104685256	1	0.308	0.261	0.047
Herc2	0.00229117094052837	0.308092318765583	1	0.201	0.178	0.023
Gm11437	0.00230617658096215	-0.61735410207437	1	0.064	0.1	0.036
Riok3	0.00233577652197439	0.512527462524986	1	0.135	0.097	0.038
Acap2	0.00233798542276459	0.173168964114402	1	0.452	0.428	0.024
Zdhhc14	0.00238039376156385	0.222855377025292	1	0.727	0.681	0.0459999999999999
Grm7	0.00241362766232378	0.125693853071056	1	0.582	0.602	0.02
Wwox	0.002457269967701	0.258992993048109	1	0.397	0.358	0.039
Wapl	0.00249027493220596	-0.376464612934783	1	0.147	0.181	0.034
Ascc3	0.00258175196663897	-0.362098836541114	1	0.17	0.217	0.047
Gigyf2	0.0026022571448915	0.316185295166466	1	0.248	0.215	0.033
Bltp1	0.00266362346743149	0.391631609317172	1	0.199	0.156	0.043
Piga	0.00266437764961476	-0.345933495341501	1	0.162	0.209	0.047
Ugp2	0.00268070631209863	0.362516123956317	1	0.203	0.178	0.025
Map2k5	0.00278441408805884	-0.225280932667193	1	0.293	0.344	0.051
Paxbp1	0.00280922165849164	0.464687900521043	1	0.12	0.09	0.03
Fam228b	0.00294258895059565	-0.44637897975104	1	0.144	0.19	0.046
Mical3	0.00296670436282275	-0.562372910754219	1	0.097	0.137	0.04
Reep5	0.00297410699079603	0.459175418564244	1	0.13	0.1	0.03
Hnrnph3	0.0029933272414956	-0.434808127317652	1	0.109	0.136	0.027
Magi1	0.00305411797130688	0.198088265005531	1	0.557	0.521	0.036
Vldlr	0.00305932919100283	0.349277758557098	1	0.249	0.198	0.051
Shprh	0.00307746183827796	0.195998288822338	1	0.121	0.117	0.00399999999999999
Cpm	0.0031818020715149	-0.234827288623039	1	0.202	0.247	0.045
Adamts4	0.00319712003479138	0.337313639655456	1	0.193	0.15	0.043
Dennd1a	0.00324270687701892	-0.25347785396055	1	0.311	0.356	0.045
Fam135a	0.00341244269037027	0.48771310147979	1	0.133	0.108	0.025
Mon2	0.00341431954779546	0.23613673966098	1	0.213	0.193	0.02
Dbi	0.00348544708483914	0.426872672658805	1	0.138	0.099	0.039
Rbpj	0.00350755477556699	0.401761755407929	1	0.119	0.098	0.021
Matr3	0.003543575447444	-0.393627475556759	1	0.174	0.21	0.036
Erbin	0.00362043057310452	-0.138055520417855	1	0.788	0.813	0.0249999999999999
Kansl1	0.00362598329073737	0.267729067084794	1	0.383	0.322	0.061
Fam13c	0.00365138414878813	-0.307965049646649	1	0.248	0.3	0.052
Ngly1	0.00369441416177505	0.480950342071559	1	0.102	0.079	0.023
Nrxn3	0.003795708993203	0.576087973164807	1	0.107	0.078	0.029
Ythdc2	0.00386061802378902	0.472022323167592	1	0.115	0.085	0.03
Pigu	0.00386159211617734	0.336218287530028	1	0.139	0.121	0.018
Gmds	0.00387800714238943	0.415498501346279	1	0.197	0.151	0.046
Mia2	0.00389887791348878	-0.410734619589163	1	0.108	0.134	0.026
Gramd1b	0.0039048210503812	0.448832894897166	1	0.126	0.093	0.033
Vps13d	0.00390986825743701	0.478154592404838	1	0.105	0.073	0.032
Nkd1	0.00399481368542869	0.602574248415545	1	0.11	0.079	0.031
Celf2	0.00400886487750298	0.567815178894146	1	0.114	0.084	0.03
Pacs2	0.00415848745960164	0.206977314311424	1	0.489	0.46	0.029
Zfp704	0.00416111096214954	0.29245381573165	1	0.35	0.318	0.032
Trim2	0.00416268303874188	0.158145961104426	1	0.702	0.691	0.011
Aplp2	0.00422937572724839	-0.462370245353502	1	0.097	0.116	0.019
Ppp3ca	0.00423747639663417	0.401928154023212	1	0.271	0.23	0.041
Septin1	0.00428267529507716	-0.486421445458701	1	0.105	0.137	0.032
Smc3	0.00436111590089357	0.37018263042493	1	0.152	0.127	0.025
Erbb4	0.00443386050691371	-0.107442437008608	1	0.751	0.792	0.041
Irf2	0.00450106334911776	0.261100632730242	1	0.143	0.13	0.013
Clk1	0.00450486041943737	-0.327786013320519	1	0.251	0.3	0.049
Stard13	0.0045520391507759	-0.182706012349436	1	0.503	0.553	0.05
Clip2	0.00462289906876375	0.392987247584195	1	0.188	0.16	0.028
Cerk	0.00465898838861154	-0.312927714020384	1	0.2	0.246	0.046
Nbeal1	0.00466702984535627	-0.320942124903856	1	0.185	0.216	0.031
Vgll4	0.00471289451402534	0.317265608940239	1	0.339	0.3	0.039
Itgb3bp	0.00474752585339648	-0.539380153208171	1	0.084	0.118	0.034
Ermn	0.00477556500410604	-0.307158835366037	1	0.318	0.366	0.048
Pias2	0.00489379211102214	0.572509511810742	1	0.124	0.088	0.036
Dip2c	0.00490874012951901	0.39262733178972	1	0.245	0.195	0.05
Rsrc2	0.00498117908518419	-0.543665149999069	1	0.09	0.123	0.033
Arap2	0.0050401828460634	-0.186852116738575	1	0.444	0.496	0.052
Akap10	0.00510258927804595	-0.432015956102386	1	0.133	0.165	0.032
Nrxn1	0.00513328542976573	0.440558822059822	1	0.162	0.128	0.034
Nr2c2	0.00525089097213976	-0.399943378235745	1	0.124	0.163	0.039
Adamtsl1	0.00527897303026453	-0.124055309038174	1	0.509	0.56	0.051
Rock1	0.00528463086919149	-0.356337171464315	1	0.18	0.226	0.046
Eml2	0.0052903206059644	0.270254234703507	1	0.253	0.233	0.02
Fbxl3	0.00534404681532095	-0.362296415476897	1	0.192	0.231	0.039
Lbr	0.00535809847424512	-0.509102600773351	1	0.093	0.122	0.029
Myo1d	0.00540336167878238	0.180845948991136	1	0.676	0.626	0.05
Srgap2	0.00552344936429199	0.439844553570043	1	0.178	0.143	0.035
Gab1	0.00565325471386511	0.168958312103997	1	0.709	0.665	0.0439999999999999
Depdc5	0.00580887328356725	0.317461822455767	1	0.166	0.142	0.024
Ugt8a	0.00598019418183621	0.181867058565555	1	0.767	0.737	0.03
Tbl1xr1	0.00599975917196721	0.297162670755772	1	0.284	0.244	0.04
Mtss1	0.00603629067853665	0.348160332530501	1	0.287	0.239	0.048
Arid1b	0.00604160125974201	0.204255433066451	1	0.32	0.299	0.021
Nav1	0.00604603745318692	0.207745405557071	1	0.353	0.324	0.029
Apbb1	0.00611916124454631	0.517835228447358	1	0.109	0.08	0.029
Myo1e	0.00612416328418819	0.298558380842023	1	0.357	0.307	0.05
Prdm2	0.00618247605939078	-0.456916742369688	1	0.11	0.139	0.029
Brwd1	0.00636516924689869	0.299967627552319	1	0.279	0.236	0.043
Tab2	0.00636520723618814	0.371301900768592	1	0.194	0.16	0.034
Fan1	0.00653290500847261	-0.396165767988672	1	0.106	0.141	0.035
Cop1	0.0065549299412728	0.274042073029641	1	0.184	0.162	0.022
Sipa1l3	0.00668544305294355	0.497575888905688	1	0.101	0.08	0.021
Fbxo7	0.00675711697496187	-0.279162916370107	1	0.282	0.315	0.033
Stk39	0.00681006508354375	0.256032312422233	1	0.324	0.278	0.046
Atosa	0.00687757398911001	-0.287206228521346	1	0.133	0.17	0.037
Ankrd12	0.0069330225727937	-0.33806362925534	1	0.203	0.242	0.039
Fbxo11	0.00694069473861005	0.390530776746787	1	0.222	0.185	0.037
Ktn1	0.0069592567824511	-0.498430693292467	1	0.109	0.143	0.034
Mta3	0.00696576415151666	-0.311530677907416	1	0.268	0.312	0.044
Thsd4	0.00707410902322309	0.3570334704156	1	0.243	0.205	0.038
Zbtb38	0.00711474580019667	-0.109131322434152	1	0.167	0.193	0.026
Pum1	0.00712277790039168	0.212893246953319	1	0.198	0.181	0.017
Lama2	0.00712370511872369	-0.261862626702799	1	0.395	0.446	0.051
Padi2	0.00713393438528983	0.400448837301601	1	0.153	0.112	0.041
Gabpb2	0.00715431259632814	-0.39988591210532	1	0.106	0.138	0.032
Phkb	0.00717017825885239	0.388047722067172	1	0.176	0.142	0.034
Arhgap23	0.00722323926098053	0.174111390012041	1	0.847	0.824	0.023
Senp7	0.00728329963062313	-0.403499628981559	1	0.126	0.156	0.03
Dcp1a	0.00728795459504854	-0.572988310335148	1	0.072	0.104	0.032
Fam193b	0.00731686713221061	0.468874012238952	1	0.109	0.08	0.029
Clk4	0.00732973984712593	-0.348014197258515	1	0.227	0.273	0.046
Sp4	0.0073359797947938	-0.364240021870541	1	0.159	0.199	0.04
Cbfa2t2	0.00734713098097773	0.402453432913088	1	0.113	0.089	0.024
Smg1	0.00738042511456444	0.402710026258617	1	0.134	0.098	0.036
Bckdhb	0.00740726317350015	0.40088948765664	1	0.14	0.117	0.023
Tom1l2	0.00755825003413947	0.217095652791566	1	0.408	0.385	0.023
Elapor2	0.00762622664062762	0.283135912951299	1	0.324	0.281	0.043
Taf3	0.0076297437394466	0.43725165160843	1	0.153	0.117	0.036
Tbc1d22a	0.00768448686112979	0.358103294359016	1	0.108	0.094	0.014
Ecpas	0.00770428906695986	-0.517295086839457	1	0.087	0.122	0.035
Fbxl17	0.00785479512082736	0.311250965899904	1	0.221	0.176	0.045
Srsf6	0.00792202158457865	-0.457456108300885	1	0.086	0.106	0.02
Thada	0.00800526975986897	-0.361393407705591	1	0.159	0.195	0.036
Supt20	0.00801869056042766	0.264242038196977	1	0.105	0.095	0.01
Hnrnpc	0.00831805445020073	0.46967110425272	1	0.134	0.101	0.033
Npepps	0.00849926612098085	-0.212733906438575	1	0.35	0.4	0.05
Cmip	0.00855720234253123	0.352425294301106	1	0.176	0.138	0.038
Lrig3	0.00869280138710322	0.486607193587331	1	0.121	0.095	0.026
Snx2	0.00877378751167395	-0.401586163058129	1	0.107	0.145	0.038
Psmd14	0.00880826900184685	-0.322007772068332	1	0.105	0.118	0.013
Zfp236	0.00883099885877666	0.515277066211185	1	0.107	0.079	0.028
Zfand3	0.00888046977673571	0.401247143999252	1	0.184	0.153	0.031
Kif16b	0.0088868396490138	0.125558987520246	1	0.234	0.239	0.00499999999999998
Spata5	0.00895025223626033	0.390693103698673	1	0.16	0.126	0.034
Myo6	0.00900949078288218	-0.138359957668694	1	0.614	0.661	0.047
Bclaf1	0.00901457449838655	-0.331598675523324	1	0.133	0.158	0.025
Atg4c	0.00906016187980827	-0.209751074151297	1	0.293	0.34	0.047
Tenm2	0.00908450514731813	-0.245837387099828	1	0.226	0.272	0.046
Sorcs1	0.00922765817947731	0.168214132093245	1	0.796	0.781	0.015
Dop1b	0.00947570185529782	0.257133362224157	1	0.222	0.198	0.024
Ptprm	0.00954497441080947	0.52265055490141	1	0.144	0.106	0.038
Invs	0.00964301690786908	0.391539872904044	1	0.164	0.139	0.025
Pex5l	0.0096474418721264	-0.11637426705681	1	0.902	0.92	0.018
Ptbp2	0.00970346155962925	0.238236121901577	1	0.19	0.172	0.018
Pcolce2	0.00970894240915487	-0.322657917094223	1	0.147	0.181	0.034
Snx6	0.00989125615358682	-0.443325737443962	1	0.106	0.133	0.027
Wwp1	0.00993184770838194	-0.288029230140644	1	0.218	0.249	0.031
Asxl3	0.010049745853994	0.273714134526047	1	0.264	0.237	0.027
Eif4g1	0.0100679706545127	-0.335397192862199	1	0.118	0.147	0.029
Rhot1	0.0104548475510792	0.303830169552292	1	0.141	0.121	0.02
Sertad2	0.0104562267061131	-0.456613129555164	1	0.096	0.124	0.028
Umad1	0.010494192689312	0.304381534591618	1	0.202	0.167	0.035
Tjp1	0.0105121671136421	-0.254833755821475	1	0.228	0.267	0.039
Sulf2	0.0105665167529202	-0.324673713478377	1	0.144	0.182	0.038
Cipc	0.0107772586426075	-0.210476666357313	1	0.434	0.486	0.052
Cpeb3	0.0108849732109633	0.305550104122747	1	0.29	0.248	0.042
Ppp1cc	0.0109231474771657	-0.297294374826823	1	0.241	0.267	0.026
Vmp1	0.0111939951230792	-0.119936177162995	1	0.657	0.702	0.0449999999999999
Kif3a	0.01120099797487	0.31774373637284	1	0.265	0.23	0.035
Eif2s3y	0.0113433770876501	0.21045523928374	1	0.191	0.181	0.01
Cdk18	0.0114981745286223	0.379617982541728	1	0.123	0.108	0.015
Ambra1	0.0115374273376562	-0.209665284485578	1	0.274	0.322	0.048
Uso1	0.0115421952376328	0.473532416015758	1	0.102	0.072	0.03
Bche	0.011549493101724	-0.322555753998724	1	0.105	0.138	0.033
Rc3h1	0.0118510824682276	0.295624166583533	1	0.254	0.224	0.03
Slc22a23	0.0118695326264027	0.233344396722363	1	0.38	0.348	0.032
Nf2	0.0119177892582841	0.50383376323045	1	0.101	0.073	0.028
Pwwp2a	0.0121426267554679	-0.177370046137845	1	0.109	0.13	0.021
Arhgef10	0.0121995566862022	-0.160641570158781	1	0.464	0.509	0.045
Rab31	0.0122090976365406	-0.178815403888758	1	0.558	0.603	0.0449999999999999
Numa1	0.0128371106286389	0.323494906575756	1	0.114	0.101	0.013
Faf1	0.0129638101977445	0.267331829856072	1	0.179	0.143	0.036
Cblb	0.0129925307163377	0.301369688634151	1	0.147	0.128	0.019
Stx8	0.0129948538096719	0.304098845196154	1	0.141	0.123	0.018
Ddx3y	0.0132159837819506	0.251304983723046	1	0.102	0.091	0.011
Spast	0.0132300209149514	0.30511277403422	1	0.114	0.099	0.015
Ptgds	0.0133892456294456	-0.213932046906007	1	0.445	0.499	0.054
Unc5c	0.013394007101244	-0.157179482169692	1	0.787	0.808	0.021
Tmcc3	0.0135525060645183	0.213837356643652	1	0.562	0.527	0.035
Trappc8	0.0135884915095003	-0.345723486971207	1	0.12	0.145	0.025
Jarid2	0.0137951872960859	0.149389134618632	1	0.261	0.254	0.00700000000000001
Trip4	0.0138671097418441	0.309798027348609	1	0.151	0.132	0.019
Retreg1	0.0141455421528431	0.244895638817528	1	0.445	0.407	0.038
Tra2a	0.0141756288980178	-0.202894947385109	1	0.309	0.357	0.048
Srcin1	0.0142318131978139	0.206871535434269	1	0.488	0.45	0.038
Foxo1	0.0143156148909213	0.485285510042353	1	0.128	0.103	0.025
Glul	0.0143275767396942	-0.231141044155287	1	0.266	0.316	0.05
Acss2	0.0143473978097656	-0.500704190182292	1	0.083	0.108	0.025
Ppp1r21	0.0146634007344079	0.220492768714067	1	0.317	0.298	0.019
Hnrnpr	0.0152114042012993	0.344035257722587	1	0.144	0.111	0.033
Xpo6	0.0152685057409586	0.329186215780608	1	0.164	0.136	0.028
Cnot10	0.0152931790712565	-0.403843410377352	1	0.117	0.143	0.026
Dcaf6	0.0153804802929451	-0.359108313056408	1	0.161	0.203	0.042
Plekhg3	0.0155660963119642	-0.109764407665701	1	0.332	0.372	0.04
Arsg	0.0155880716480752	0.207680745426285	1	0.401	0.374	0.027
Myo9b	0.0156286546425048	0.368573532345774	1	0.111	0.09	0.021
Tmcc1	0.0156864403258536	0.161390630873216	1	0.77	0.758	0.012
Itpk1	0.0158432725778912	-0.21034636178683	1	0.36	0.394	0.034
Rbm25	0.0162211226358353	-0.151605526862117	1	0.417	0.468	0.051
Grm3	0.0165204704909153	-0.125852993439929	1	0.821	0.85	0.029
B3galt5	0.0166610422746241	-0.317313107417645	1	0.213	0.247	0.034
Zmym4	0.0166999107557272	-0.129261130730896	1	0.157	0.155	0.002
Nbas	0.0168494076879515	-0.15342716058983	1	0.724	0.757	0.033
Rufy3	0.0169761290404177	-0.371687229876774	1	0.145	0.167	0.022
Prpf39	0.0170852787663978	-0.342324455182297	1	0.145	0.169	0.024
Cdc42se2	0.0173022934558234	0.280252574693184	1	0.33	0.298	0.032
Htt	0.0174886710474287	0.332706803570475	1	0.105	0.078	0.027
Tppp	0.0175045135823095	0.275679607485567	1	0.274	0.239	0.035
Mapkap1	0.0177079286706942	0.262322015957343	1	0.279	0.238	0.041
Mgrn1	0.0178851909031115	0.287965646817024	1	0.157	0.136	0.021
Amy1	0.018231242981739	-0.26876494628833	1	0.17	0.197	0.027
Tpst1	0.0183598684458707	-0.152428618335909	1	0.18	0.213	0.033
Pign	0.0183761535326087	0.426546159284582	1	0.114	0.09	0.024
Phf12	0.0184620178889582	0.422511275978681	1	0.111	0.087	0.024
Suco	0.0184908906141512	0.146896461116167	1	0.103	0.102	0.001
Pcmtd1	0.0186277154135467	-0.263280394609368	1	0.189	0.219	0.03
Tmem243	0.0188779469161189	-0.42895060374556	1	0.104	0.135	0.031
AU040320	0.0189617346248485	0.223791061798413	1	0.171	0.158	0.013
Otulin	0.0191994813756641	-0.33996826556471	1	0.143	0.173	0.03
Shisa4	0.0194685859928016	-0.155264777497282	1	0.206	0.242	0.036
Ptpn11	0.0196191902431276	-0.120110666266721	1	0.262	0.298	0.036
Nrd1	0.0199463886780206	-0.248230548039693	1	0.254	0.292	0.038
Glrb	0.0199664267194651	-0.351210704827411	1	0.141	0.161	0.02
Picalm	0.0200549954140518	-0.1479052326676	1	0.591	0.636	0.045
Inpp5f	0.0200955703989615	0.219155518812794	1	0.465	0.424	0.041
R3hcc1l	0.0205906417428401	0.307415350444982	1	0.209	0.187	0.022
Rcbtb1	0.0208028168139947	-0.150289719359898	1	0.447	0.492	0.045
Pbx3	0.0215627470375598	0.325405269834156	1	0.178	0.141	0.037
Xrcc5	0.0215702911704799	0.118286452193111	1	0.109	0.114	0.005
Safb2	0.0216702796492357	-0.306196050716904	1	0.124	0.157	0.033
Zfyve16	0.0218322923212667	0.341525755127503	1	0.122	0.099	0.023
Prkcq	0.0220401084399457	-0.10582736807018	1	0.241	0.277	0.036
Olig1	0.0221479454577295	-0.483193660005645	1	0.09	0.114	0.024
Phldb1	0.0224539899993326	0.115471146066938	1	0.711	0.721	0.01
Frmd4b	0.022666647759381	0.135587858853351	1	0.811	0.772	0.039
Kmt2a	0.0227890200330208	0.300737773341392	1	0.116	0.091	0.025
Hid1	0.0229379050060911	-0.242983790073937	1	0.209	0.245	0.036
Folh1	0.0229620917888589	-0.223198161563998	1	0.295	0.314	0.019
Pik3cb	0.022993617044123	0.459630372910544	1	0.108	0.083	0.025
Nup98	0.0230506064515175	0.316806853482243	1	0.147	0.118	0.029
Pdxdc1	0.0231207151502821	0.154044427995558	1	0.206	0.193	0.013
Cxxc5	0.0232715552706983	0.390098960287691	1	0.139	0.107	0.032
Kiz	0.023799538035129	-0.412226906403455	1	0.114	0.143	0.029
Zbtb37	0.0238552512874166	-0.447111819104352	1	0.088	0.113	0.025
Csrp1	0.0238813319384253	-0.19293770802124	1	0.357	0.394	0.037
Raf1	0.0240918362790661	0.406938764777407	1	0.123	0.097	0.026
Otud7a	0.024358286673762	0.131023776682583	1	0.494	0.487	0.00700000000000001
Ppp2r5e	0.0244022636699628	0.388848084227614	1	0.13	0.097	0.033
Car2	0.0245360842326916	-0.153451085651729	1	0.582	0.615	0.033
Ehbp1	0.0246295212889795	-0.311217580967268	1	0.115	0.146	0.031
Rb1cc1	0.0247257661567643	0.372871298936644	1	0.143	0.112	0.031
Ndufaf2	0.024843095304059	0.379705276962011	1	0.141	0.11	0.031
Pak2	0.0249004131769015	0.163965260346282	1	0.165	0.157	0.00800000000000001
Cadm1	0.0251331944876052	-0.325689302330249	1	0.151	0.187	0.036
Zfp438	0.0252658093862969	-0.209689787629692	1	0.143	0.172	0.029
Capza1	0.025387835657216	-0.465373036290635	1	0.079	0.108	0.029
Thsd7a	0.0254354146259519	0.32784858077835	1	0.233	0.191	0.042
Rab11fip2	0.0257000777641548	-0.167650936233424	1	0.149	0.174	0.025
Prkcz	0.025941218842967	0.184277392128883	1	0.418	0.392	0.026
Sorcs3	0.0259606377680185	0.552347953432393	1	0.113	0.082	0.031
Adam19	0.0259685223494503	0.328656929000816	1	0.209	0.172	0.037
Hdac11	0.0259857050856401	0.328657444847638	1	0.113	0.097	0.016
Hecw2	0.0261953032769678	-0.146285107997874	1	0.749	0.783	0.034
Rab11fip4	0.0262583568073365	0.302716900000589	1	0.118	0.093	0.025
Dip2b	0.0266179166335993	0.154219873456315	1	0.641	0.621	0.02
Smurf2	0.02668592462998	0.14268226085393	1	0.199	0.195	0.004
Pnisr	0.0266869354064538	-0.216727466892538	1	0.347	0.372	0.025
Lims1	0.0268221072172272	0.209337706074881	1	0.149	0.136	0.013
Ube2k	0.0270235935569351	-0.348930319504651	1	0.116	0.151	0.035
Clasrp	0.0270282903454689	-0.228939169525927	1	0.293	0.322	0.029
Dhdds	0.0271594066953806	0.53973726154328	1	0.105	0.075	0.03
Kif21a	0.0272242382794357	-0.12176981454885	1	0.638	0.679	0.041
Fam193a	0.0272528533944846	0.191059683992238	1	0.228	0.191	0.037
Xrn1	0.0273042617298531	0.297918326606353	1	0.184	0.154	0.03
Cttnbp2	0.0275017279608635	0.228557091588451	1	0.374	0.325	0.049
Mcam	0.0276154974449362	0.396545318476635	1	0.102	0.088	0.014
Usp31	0.0277737507747901	0.208888707920865	1	0.398	0.366	0.032
Rbm39	0.0279574112169174	-0.144237593871428	1	0.49	0.527	0.037
Scaf11	0.0282336199166488	0.240860658635662	1	0.177	0.158	0.019
Exoc1	0.0282530388698061	-0.414664701107259	1	0.09	0.119	0.029
Heg1	0.0285200118346176	0.235182240937424	1	0.384	0.336	0.048
Atxn2	0.0286821382752835	0.248509134156493	1	0.217	0.185	0.032
Rfx7	0.0287623201542791	0.496651713051784	1	0.104	0.078	0.026
Phc3	0.0288317905701464	-0.287739296985553	1	0.14	0.171	0.031
Mysm1	0.0289611817433856	-0.360081850483653	1	0.104	0.134	0.03
Tmed10	0.0292951872097218	0.409482929173357	1	0.13	0.104	0.026
Ints3	0.0296734181939156	0.402749529764427	1	0.109	0.084	0.025
Itfg1	0.0297334589595406	0.278180885591032	1	0.174	0.14	0.034
Ewsr1	0.0298105105775505	0.347468125710748	1	0.132	0.108	0.024
Cpd	0.0298132527253479	0.214612716011454	1	0.356	0.331	0.025
Spata13	0.0299508789352727	0.351858932560001	1	0.138	0.108	0.03
Dot1l	0.0300847507650903	0.290725109703898	1	0.161	0.143	0.018
Rhobtb3	0.0304191785363096	0.295142510984745	1	0.163	0.145	0.018
Bcorl1	0.0304665226906154	0.384587478831163	1	0.118	0.101	0.017
Irs2	0.0305320066471908	0.378521231680606	1	0.125	0.103	0.022
Ankub1	0.0306661967572261	-0.316464004540033	1	0.205	0.241	0.036
Tulp4	0.0311023971804698	-0.119904200861531	1	0.671	0.707	0.0359999999999999
Znrf3	0.0311795653676377	0.465446576812082	1	0.105	0.075	0.03
Elovl5	0.0312421050515913	0.363251650536127	1	0.175	0.147	0.028
Zfp608	0.0313974180528467	0.253978693894065	1	0.333	0.29	0.043
Hnrnpu	0.032202082980727	-0.228226706005769	1	0.234	0.259	0.025
Pde4dip	0.0322046594672997	0.25095088596968	1	0.199	0.163	0.036
Peli2	0.0325647443789111	0.450067512865771	1	0.132	0.1	0.032
Rnf38	0.0330171806665922	0.322286385912969	1	0.155	0.126	0.029
Sbf1	0.0331025899313479	-0.286153960663432	1	0.208	0.241	0.033
Coro1c	0.0334961383727063	-0.293564657509115	1	0.17	0.189	0.019
Ccdc191	0.0338943240207802	-0.28792980637732	1	0.136	0.167	0.031
Dtna	0.0339519979231724	0.159242234392512	1	0.509	0.472	0.037
Psen1	0.0340207505567797	0.290010464340935	1	0.144	0.127	0.017
Ppp2r2c	0.0341707979371335	0.325754999333658	1	0.118	0.092	0.026
Mkln1	0.0342566075701652	0.124829449336256	1	0.274	0.264	0.01
Ston2	0.0345882053652066	0.25872830704594	1	0.221	0.18	0.041
Glcci1	0.0347689850472995	0.163082608647208	1	0.248	0.241	0.00700000000000001
Atr	0.0348186617401847	-0.3994579793666	1	0.103	0.123	0.02
Fndc3a	0.0355432657822775	-0.327099912548248	1	0.105	0.121	0.016
Trpc1	0.0360039921966828	0.182413773830055	1	0.161	0.158	0.003
Rlf	0.0362137651343001	-0.285348847264858	1	0.138	0.171	0.033
Cdh20	0.0364112040436494	0.126339010809543	1	0.774	0.765	0.00900000000000001
Kdm5a	0.0365160460636895	0.331816771918804	1	0.118	0.097	0.021
Qdpr	0.0365611452816899	-0.204237759174477	1	0.296	0.334	0.038
Sp1	0.0367079914758086	-0.374146679773792	1	0.084	0.111	0.027
Med13l	0.0367664544699705	0.295071807273802	1	0.116	0.092	0.024
Tial1	0.0370073966678315	0.216050700569915	1	0.168	0.141	0.027
Slc25a13	0.037259830460359	-0.125634659245035	1	0.361	0.402	0.041
Foxn3	0.0375137408727041	0.174733471140491	1	0.67	0.629	0.041
Mob3b	0.0377879890818765	0.250346599697102	1	0.328	0.296	0.032
Ncoa6	0.038072615551934	0.160795362699054	1	0.243	0.229	0.014
Babam2	0.0381668405360763	0.146290336596613	1	0.321	0.313	0.00800000000000001
Grik1	0.0395808834119279	0.205921403560258	1	0.21	0.176	0.034
Map4	0.0396888394759567	0.147521000786482	1	0.606	0.594	0.012
Grb14	0.0399514616399416	-0.161663342602187	1	0.485	0.52	0.035
Myef2	0.0400253246472819	-0.404768442176954	1	0.09	0.116	0.026
Spsb1	0.040081116424399	0.312552491362697	1	0.135	0.104	0.031
Lpcat3	0.0404992311369294	0.452144061807282	1	0.105	0.08	0.025
Ephb1	0.0408064495147927	0.138740126416701	1	0.626	0.588	0.038
Zfr	0.0411566901931296	-0.320257538741242	1	0.174	0.208	0.034
Arid1a	0.0412114055554321	0.309031894736455	1	0.18	0.145	0.035
Hibadh	0.0412636397597497	-0.422448745396158	1	0.091	0.115	0.024
Srcap	0.0414752921567167	0.180935909009006	1	0.131	0.124	0.00700000000000001
Ggnbp2	0.0415267579747071	-0.394254438898296	1	0.098	0.12	0.022
Mgat3	0.0416622143316748	0.351536151175769	1	0.139	0.115	0.024
Extl3	0.0416841974640818	0.203556353086463	1	0.152	0.146	0.00600000000000001
Ell2	0.0419248105671758	0.225067810456171	1	0.196	0.187	0.00900000000000001
Grb2	0.042023569029539	0.266034384531988	1	0.111	0.099	0.012
Ppp2r5c	0.0422278709948902	0.211346439481707	1	0.194	0.177	0.017
Zfhx2	0.0423023880530384	-0.455682915193957	1	0.083	0.11	0.027
Fa2h	0.0425147360770673	0.152428029316429	1	0.676	0.628	0.048
Chp1	0.0427952324083012	-0.39795163371776	1	0.09	0.114	0.024
Spag9	0.0432480722387594	0.137348329773022	1	0.375	0.369	0.00600000000000001
Synj2	0.0433432778389638	0.183991089679912	1	0.47	0.431	0.039
Fus	0.0435521101672401	0.143787443148123	1	0.151	0.13	0.021
Stx6	0.0440410859933061	0.351230368327168	1	0.133	0.114	0.019
Cul1	0.0441348852457107	0.182162941684333	1	0.241	0.222	0.019
Abca8b	0.0448168387289327	0.302544942947836	1	0.243	0.207	0.036
Rnf220	0.044964625035746	0.117192925195936	1	0.921	0.912	0.00900000000000001
Syt11	0.0456686517973876	-0.259926714049569	1	0.279	0.326	0.047
Cers2	0.0458340675350435	-0.230337477698412	1	0.127	0.137	0.01
Dcp1b	0.0458576312306066	0.208088486650562	1	0.131	0.116	0.015
Eea1	0.0459852647125447	0.286884836644022	1	0.115	0.103	0.012
Kmt5b	0.0461551482156272	0.212987424865716	1	0.221	0.2	0.021
Usp15	0.0464127714331066	0.173336327072338	1	0.26	0.243	0.017
Cdip1	0.0466243869986752	-0.269125048774849	1	0.201	0.236	0.035
Sgce	0.0477531530177635	0.17281464219245	1	0.137	0.13	0.00700000000000001
Elovl7	0.0480531153438301	0.167745260215341	1	0.492	0.473	0.019
Gak	0.0481343008075522	0.264886749540518	1	0.108	0.092	0.016
Zranb1	0.0484286023526459	0.157431321577147	1	0.214	0.2	0.014
Desi1	0.0485962673072881	-0.159084774734454	1	0.276	0.311	0.035
Pde8a	0.0493681306244622	-0.122790884328081	1	0.681	0.704	0.0229999999999999
Atp9b	0.0498581482838917	0.27779871002322	1	0.137	0.11	0.027
Rab10	0.0500062046022592	-0.175795311513415	1	0.384	0.394	0.01
Gpm6b	0.0502580515547418	-0.100655343656352	1	0.766	0.798	0.032
Rbl2	0.0503759803427157	0.185752022872195	1	0.141	0.133	0.00799999999999998
Prag1	0.0505426690699227	0.131682236028547	1	0.196	0.167	0.029
T2	0.050636096053901	-0.3605236264169	1	0.102	0.126	0.024
Hepacam	0.0508524233807852	-0.102625875204885	1	0.375	0.412	0.037
Rftn1	0.0513088992655996	0.190475730436293	1	0.389	0.348	0.041
Stmn1	0.0517812740800843	0.165725517550195	1	0.221	0.21	0.011
AW554918	0.0521701427497939	-0.268322292937837	1	0.254	0.289	0.035
Fars2	0.0522367043982976	-0.239829797837717	1	0.14	0.145	0.00499999999999998
Tnrc6c	0.0526891372675005	0.237637141105622	1	0.286	0.249	0.037
Kidins220	0.0530347304010427	-0.376234397806073	1	0.102	0.126	0.024
Vti1a	0.0531370663905443	-0.101494686404529	1	0.274	0.307	0.033
Sash1	0.0534579253717238	0.218265474018631	1	0.287	0.256	0.031
Nipsnap2	0.0543659781604373	-0.378965234782437	1	0.091	0.115	0.024
Nufip2	0.0549436233203282	0.181223684639675	1	0.132	0.108	0.024
Onecut2	0.0551441119250306	-0.20413681057827	1	0.129	0.155	0.026
Chd6	0.0551884085934815	-0.204780984252515	1	0.217	0.238	0.021
Pum3	0.0554648259902536	-0.250191323182124	1	0.08	0.101	0.021
Pafah1b2	0.0554834226951579	0.260317541428154	1	0.141	0.124	0.017
Map2k2	0.056019126486978	0.3778197112736	1	0.109	0.083	0.026
Thra	0.0560638271584511	-0.185424163931451	1	0.255	0.291	0.036
Abcc5	0.0560697525818917	0.181363143598221	1	0.232	0.199	0.033
Tasor	0.0567933568338463	-0.15606666817575	1	0.422	0.461	0.039
Prrt1	0.0570278117118637	0.321030042188024	1	0.128	0.113	0.015
Atg10	0.0572953288302842	0.103311645511622	1	0.123	0.123	0
Ldlrad3	0.0577122419461271	0.257868666158604	1	0.268	0.233	0.035
Abhd5	0.0582000562795327	-0.307317884687942	1	0.09	0.104	0.014
Kif13a	0.059172522906353	0.119539599267529	1	0.687	0.683	0.004
Bcl9	0.0596509326539843	0.29640390968057	1	0.233	0.198	0.035
Rusc2	0.0606941345837193	-0.328071014872989	1	0.111	0.134	0.023
Stard3nl	0.0612423399721078	-0.36350980544477	1	0.085	0.108	0.023
Cd2ap	0.0612890170818302	-0.274631427872005	1	0.191	0.228	0.037
Nhlrc2	0.0616742163819144	0.34831236253875	1	0.114	0.093	0.021
Mboat1	0.0618807596066971	0.237333536901138	1	0.3	0.265	0.035
Crlf3	0.0633717251600462	-0.328295579265477	1	0.095	0.119	0.024
Tada2a	0.063633833563784	0.151818429744429	1	0.175	0.165	0.00999999999999998
Dennd5a	0.0638406809041638	0.123608912723122	1	0.445	0.448	0.003
Eml6	0.0645656531241784	0.319637790880695	1	0.185	0.156	0.029
Kcnj10	0.0647035785592148	0.268192107242943	1	0.186	0.158	0.028
Nipa1	0.0647733915351842	0.199195995661059	1	0.235	0.22	0.015
Slc8a1	0.0649786022915421	-0.158022255487037	1	0.745	0.773	0.028
Gnao1	0.0653873610845119	0.120850388463723	1	0.768	0.763	0.005
Rasal1	0.0661951332222615	-0.187927953847789	1	0.096	0.116	0.02
Anks1b	0.066465715794863	0.135813581684073	1	0.536	0.532	0.004
Tut4	0.0665031583231165	-0.390561257652594	1	0.096	0.119	0.023
Ptn	0.0673965986786523	-0.105599671219597	1	0.483	0.524	0.041
Fam234a	0.0678048753382779	0.324070903520539	1	0.199	0.17	0.029
Styx	0.06873532123032	-0.203531349024032	1	0.084	0.102	0.018
Ccnd3	0.0690163298474034	0.378919838337399	1	0.102	0.079	0.023
Pter	0.0692502961597827	-0.373881510143994	1	0.094	0.109	0.015
Kansl1l	0.0700617407642286	-0.329385530098292	1	0.187	0.221	0.034
Gpd2	0.0701978475242435	0.238472949847884	1	0.209	0.187	0.022
Ralgapa1	0.0702692093761401	-0.212016295384843	1	0.252	0.286	0.034
Matn4	0.0713754808298729	-0.386274583965532	1	0.083	0.108	0.025
Enox2	0.0714284479094854	-0.242902015181698	1	0.217	0.243	0.026
Mapk6	0.0715010543024064	0.293747997093564	1	0.118	0.093	0.025
Sbf2	0.0718597126198334	-0.229431383628983	1	0.234	0.271	0.037
Hip1	0.0726356440070674	-0.136206876636265	1	0.293	0.327	0.034
Cacnb4	0.0729452712812555	-0.226383908994259	1	0.137	0.163	0.026
Pdcd6ip	0.0733118343682861	-0.169641808570277	1	0.186	0.213	0.027
Cep85l	0.0733579810794909	0.335256157858861	1	0.147	0.122	0.025
Epc2	0.0735013010773817	-0.30865851941341	1	0.094	0.11	0.016
Ip6k1	0.0737190314648008	-0.244261438372092	1	0.128	0.142	0.014
Gjc3	0.0739330115762216	-0.120703961518832	1	0.594	0.626	0.032
Schip1	0.0746630523807291	0.252707902133179	1	0.276	0.241	0.035
Rhou	0.07474317681259	-0.141149775562779	1	0.291	0.323	0.032
Dcaf17	0.0747688675272211	-0.292610860845743	1	0.136	0.165	0.029
Stag2	0.0752241265140298	0.103808128563429	1	0.21	0.206	0.004
Uty	0.075260482976346	-0.307581861611679	1	0.148	0.171	0.023
Lrch3	0.0757906605710479	-0.122534031750842	1	0.367	0.375	0.00800000000000001
Osbp2	0.0764089759594853	0.354307463285116	1	0.108	0.084	0.024
Tafa5	0.076686205921094	-0.158930227299033	1	0.285	0.318	0.033
Sltm	0.0768481469903625	-0.189052851340208	1	0.383	0.416	0.033
9930021J03Rik	0.0768839515024781	0.310824937019497	1	0.155	0.13	0.025
Luc7l3	0.0776285172659255	0.111617412072477	1	0.236	0.208	0.028
Zmat1	0.0776912939745736	-0.189048473709456	1	0.169	0.195	0.026
Cd81	0.0776935785002946	-0.288039025746881	1	0.135	0.156	0.021
Osbpl7	0.0780803986890062	0.247914367078529	1	0.199	0.17	0.029
Ctnna1	0.0784067854768743	-0.226971548349094	1	0.15	0.169	0.019
Stx16	0.078721591299464	-0.345236428157342	1	0.091	0.117	0.026
Mvb12b	0.0807397222672281	0.24790349974585	1	0.234	0.209	0.025
Rptor	0.0811467038856131	-0.322186149225799	1	0.129	0.152	0.023
Dmxl1	0.0813630044227629	-0.103751166171597	1	0.271	0.273	0.002
Lpcat2	0.0821255170853458	0.353262807451536	1	0.104	0.084	0.02
Zcchc24	0.0821346240580458	0.271383791713881	1	0.157	0.137	0.02
Ccp110	0.0826031443349954	-0.158459941914515	1	0.414	0.445	0.031
Cwf19l2	0.0839713096587424	-0.346421152413375	1	0.111	0.134	0.023
Ago3	0.0842142716849116	0.162524000448548	1	0.336	0.304	0.032
Gabbr1	0.0844177237783849	-0.31958052371417	1	0.104	0.127	0.023
Zfp292	0.085369702313012	0.324879396727735	1	0.145	0.121	0.024
Dlg2	0.0858271301907126	0.103051163684419	1	0.918	0.9	0.018
Ubac2	0.0859770892193853	0.278847320605554	1	0.144	0.123	0.021
Tgfa	0.0862204770229669	0.283721074517727	1	0.151	0.122	0.029
Rtkn2	0.0862271501975352	-0.297868242719041	1	0.166	0.195	0.029
Pds5b	0.0865715461598745	0.334727762383381	1	0.102	0.082	0.02
Afap1l1	0.0866577492640101	0.301702164534756	1	0.185	0.156	0.029
Rspry1	0.0868673987066324	0.283435940150206	1	0.133	0.115	0.018
Dennd11	0.088558271335628	0.358579142475112	1	0.144	0.119	0.025
Slc48a1	0.0886918160899932	-0.216224816775171	1	0.184	0.213	0.029
Nsmce2	0.0890255204581696	0.141324300940932	1	0.309	0.283	0.026
Cdk12	0.0893665450850435	-0.141196447412781	1	0.252	0.28	0.028
Abl1	0.0903132286781451	0.133777308990308	1	0.292	0.291	0.001
Gtf3c2	0.0910743973454668	-0.22856073286751	1	0.132	0.158	0.026
Fnip1	0.0914429087887202	-0.224222471964179	1	0.27	0.296	0.026
Sdccag8	0.0916376607437269	0.180738881425542	1	0.134	0.125	0.00900000000000001
Slc1a3	0.0919149401354763	-0.22198859711131	1	0.232	0.257	0.025
Prpsap1	0.0924520684737878	-0.197058304276814	1	0.084	0.101	0.017
Ep400	0.0928643457442527	-0.133521873905807	1	0.135	0.135	0
Adap1	0.092893530457218	0.228852190176376	1	0.284	0.259	0.025
Micu3	0.0940539952619397	-0.196592332869963	1	0.121	0.132	0.011
Tfeb	0.0950382855950312	0.287616419425685	1	0.221	0.191	0.03
Ptp4a2	0.0950664547837797	0.297336180486094	1	0.139	0.115	0.024
Lrba	0.0954261395997776	-0.103670489939551	1	0.248	0.241	0.00700000000000001
Rapgef1	0.0955199158211353	0.279622622175818	1	0.11	0.089	0.021
Tcf20	0.0967896659203194	0.233532385786468	1	0.18	0.158	0.022
Ulk2	0.0968074213776521	0.212865795611187	1	0.164	0.139	0.025
Dop1a	0.0971335039652586	0.275270679688442	1	0.152	0.133	0.019
Magt1	0.0983763470955739	-0.238020201222285	1	0.086	0.107	0.021
Zmym2	0.0985550668090415	0.28533979298238	1	0.169	0.145	0.024
Suz12	0.0986388297672922	-0.277766467016094	1	0.097	0.111	0.014
Setd2	0.0996968846551275	-0.284718033370259	1	0.129	0.152	0.023
Nopchap1	0.10014734458263	0.302169488480535	1	0.116	0.092	0.024
Btaf1	0.100455915498781	0.292432529763375	1	0.161	0.137	0.024
Rrbp1	0.100805837008977	-0.248983353600189	1	0.143	0.167	0.024
Kctd13	0.101308670048527	-0.235610431337175	1	0.242	0.276	0.034
Unc5b	0.10196694271551	0.298189486586257	1	0.143	0.121	0.022
Pik3ca	0.102066134892702	0.306048656588223	1	0.123	0.105	0.018
Hdgfl3	0.10220152135907	-0.225173743476464	1	0.084	0.101	0.017
Zfp182	0.102533628512932	-0.20869113493794	1	0.164	0.189	0.025
Dscaml1	0.103083745381587	0.113526765756105	1	0.721	0.692	0.029
Zfp771	0.103117848294357	0.365300296646893	1	0.128	0.105	0.023
Tpr	0.103206512894618	0.135756815227131	1	0.154	0.146	0.00800000000000001
Ppp4r3b	0.103250498906596	-0.357617568138198	1	0.097	0.115	0.018
Ralgps1	0.103607836817393	0.12514614243746	1	0.437	0.428	0.00900000000000001
Bnip3l	0.104682939319523	0.22482535312276	1	0.139	0.13	0.00900000000000001
Pik3ip1	0.10505327341543	-0.115183409402462	1	0.101	0.115	0.014
Fam117b	0.105689154859286	0.233672559087955	1	0.122	0.101	0.021
Tcp11l1	0.106432413908472	0.277451053932368	1	0.122	0.103	0.019
Itsn2	0.10677341638944	-0.125400460850825	1	0.525	0.557	0.032
Ldah	0.106918378054352	-0.293084113081122	1	0.105	0.121	0.016
Ap3b1	0.10699623582879	-0.119764522273135	1	0.255	0.281	0.026
Rbm6	0.108290861665014	-0.215012673076601	1	0.321	0.355	0.034
Phf21a	0.109076761140602	0.163919497847798	1	0.253	0.22	0.033
Cdc73	0.109469295039413	-0.109095296903268	1	0.114	0.126	0.012
Lsamp	0.10976611068223	0.181086286384036	1	0.275	0.251	0.024
Tuba1a	0.110288065472256	0.215847763389831	1	0.105	0.086	0.019
Tet1	0.111448899840869	0.103081243427684	1	0.137	0.141	0.00399999999999998
Pot1b	0.111600351001094	-0.354656756594403	1	0.1	0.119	0.019
Cog5	0.1117551235221	-0.193685339651991	1	0.266	0.283	0.017
Chdh	0.111800427740088	0.30354232253804	1	0.11	0.1	0.01
Psmd1	0.11192948728531	-0.334763710380357	1	0.102	0.114	0.012
Lpar1	0.112776193157246	0.207389675956716	1	0.32	0.295	0.025
Pogk	0.113385269197721	-0.282823455910004	1	0.095	0.117	0.022
Pias1	0.114015714092572	0.257866806906875	1	0.155	0.128	0.027
Cntln	0.115018408832645	0.165561707912976	1	0.161	0.148	0.013
Trpm7	0.115465074637491	0.160948923917244	1	0.317	0.294	0.023
Mdm4	0.115554183980858	-0.13950148062634	1	0.263	0.29	0.027
Klhl2	0.115697969457519	0.107031190828076	1	0.753	0.741	0.012
1700025G04Rik	0.116555282085408	0.222118275814214	1	0.192	0.164	0.028
Prdx1	0.116745277797167	-0.35498978932784	1	0.157	0.186	0.029
Pkm	0.116846443135858	-0.187150491837123	1	0.106	0.116	0.01
Rttn	0.118991212265677	-0.10479308948851	1	0.11	0.128	0.018
Macir	0.119504278675627	-0.206909113748911	1	0.194	0.22	0.026
Dusp11	0.120572460713599	0.142248506047367	1	0.189	0.179	0.01
Ube2e3	0.121153087223509	-0.237682162891671	1	0.169	0.195	0.026
Luc7l	0.121572085880309	-0.30320588215251	1	0.082	0.102	0.02
Tmcc2	0.12163570189359	0.262848061319766	1	0.195	0.167	0.028
Hnrnpl	0.121732487419113	-0.307318387432385	1	0.114	0.136	0.022
Dennd6a	0.121994427649889	-0.206461739627822	1	0.18	0.202	0.022
Ankrd13a	0.122810052399556	-0.178927173054697	1	0.105	0.123	0.018
Rsu1	0.123204317606215	-0.264249404333687	1	0.141	0.158	0.017
Galnt7	0.123508029939816	-0.131678032641519	1	0.274	0.309	0.035
Cyth1	0.124377189564205	0.17186423763694	1	0.431	0.399	0.032
Mfsd14a	0.124487276333114	-0.345116948379496	1	0.11	0.133	0.023
Ppp2r2a	0.124801154329129	-0.1289161157733	1	0.448	0.479	0.031
Wdfy2	0.124867965109611	0.195050663678626	1	0.276	0.259	0.017
Sos1	0.125722635188089	0.198873033808517	1	0.115	0.108	0.00700000000000001
Nlgn1	0.126457924122781	0.191201871933721	1	0.429	0.404	0.025
Sh3gl3	0.127260849491054	0.260083654498415	1	0.227	0.2	0.027
Wrn	0.128380306840965	-0.193466094515638	1	0.173	0.202	0.029
Pik3r3	0.129043727091588	-0.296423477219795	1	0.12	0.143	0.023
Trps1	0.131136672642137	0.228348357332898	1	0.282	0.265	0.017
Crim1	0.132445219150562	0.166871839382084	1	0.118	0.111	0.00699999999999999
Zfand5	0.132445302293409	0.160487705353254	1	0.133	0.117	0.016
Uhrf2	0.132658904838793	0.183963108639005	1	0.124	0.117	0.00699999999999999
Scfd1	0.132770186301732	0.312719737909166	1	0.104	0.083	0.021
Cd9	0.13284985198006	-0.287932267882879	1	0.128	0.15	0.022
Nipbl	0.134087115988641	0.146838227140712	1	0.358	0.326	0.032
Pls1	0.13654074313919	-0.146970292915639	1	0.416	0.429	0.013
Gsk3b	0.136788518496124	-0.283996931073417	1	0.119	0.138	0.019
Rtkn	0.138666234430488	-0.168344316191205	1	0.146	0.166	0.02
Mfsd6	0.138796108746625	0.157139961784371	1	0.17	0.156	0.014
Dicer1	0.138878501689989	0.274172428463723	1	0.176	0.153	0.023
Smc5	0.139191145583743	-0.19840653144119	1	0.145	0.16	0.015
Map6d1	0.140474832479176	0.186743221759077	1	0.108	0.104	0.004
Clip3	0.140767177342313	0.261396794704667	1	0.101	0.086	0.015
Wasf2	0.141089390235058	-0.238666121523152	1	0.157	0.179	0.022
Hmgcl	0.141516673259662	-0.141137493081128	1	0.094	0.11	0.016
Ints9	0.141691696707066	0.318035610741176	1	0.101	0.083	0.018
Rufy1	0.142200938471041	0.119995549265498	1	0.159	0.158	0.001
Brd8	0.142246763009031	-0.31956993685721	1	0.087	0.107	0.02
Eps15	0.143203024165019	-0.117533856518042	1	0.397	0.414	0.017
Dnajc6	0.144023206126	0.16882113354219	1	0.236	0.209	0.027
Dctn4	0.144319396229971	0.171239932356415	1	0.204	0.18	0.024
Crppa	0.144502817168433	-0.140531484348916	1	0.331	0.339	0.00800000000000001
Fggy	0.144557067867887	-0.102053077751578	1	0.209	0.234	0.025
Senp6	0.144707706427582	-0.206827021225785	1	0.17	0.185	0.015
Wdr7	0.145146676045272	-0.347997792664479	1	0.083	0.104	0.021
Ubap2l	0.145230075311485	0.17595830252047	1	0.149	0.137	0.012
Kirrel3	0.14525096843217	-0.103064107458994	1	0.457	0.488	0.031
Gng7	0.146929393362645	0.192207124382709	1	0.205	0.176	0.029
Spg20	0.147020707802092	-0.282308436797394	1	0.107	0.126	0.019
Wdr26	0.147074053920006	0.188659336185475	1	0.205	0.18	0.025
Siah1a	0.148761099122318	-0.302226321183713	1	0.094	0.114	0.02
Ppp2ca	0.149742636565526	-0.220654083893853	1	0.194	0.222	0.028
Fam13b	0.149775692857023	0.127355759868865	1	0.272	0.256	0.016
Nsd2	0.150033955948998	-0.297563859492961	1	0.106	0.122	0.016
Fign	0.150637575084459	-0.120895459380625	1	0.4	0.412	0.012
Cdk5	0.151083539366363	-0.278433416026598	1	0.093	0.114	0.021
Shroom3	0.151862747609115	0.279567996639171	1	0.185	0.169	0.016
Kif21b	0.152914080296632	-0.320296298578276	1	0.099	0.121	0.022
Hdac8	0.153653945448628	0.210223543677905	1	0.119	0.101	0.018
Bbs9	0.155060515701663	0.226361533954917	1	0.176	0.155	0.021
Cavin4	0.15586164764151	-0.32571353082432	1	0.106	0.128	0.022
Agmo	0.157445517000307	-0.19638259992728	1	0.231	0.247	0.016
Arid5b	0.157563707107256	-0.267710293580609	1	0.117	0.134	0.017
Gria4	0.157804477556303	-0.159931177605257	1	0.19	0.195	0.005
Ubxn7	0.158127330972668	0.261547458528062	1	0.114	0.099	0.015
Cdin1	0.159306473830644	0.246133844385849	1	0.182	0.163	0.019
Prima1	0.160430858227864	0.168794753973935	1	0.214	0.184	0.03
Pdpk1	0.161168445229664	0.212422686725815	1	0.106	0.091	0.015
Garem1	0.16257211648359	0.364582184328012	1	0.12	0.101	0.019
Tmem132b	0.163379073631478	0.193963540705538	1	0.148	0.141	0.00700000000000001
Zfand6	0.164168881029228	0.171000341603157	1	0.303	0.284	0.019
Atp10b	0.164912802311904	-0.113600748654201	1	0.144	0.164	0.02
Rps6ka5	0.165886506694383	0.134227744650817	1	0.495	0.473	0.022
Cntrl	0.166245268991486	-0.136333044096301	1	0.123	0.141	0.018
Far1	0.169082795740792	-0.29542135583586	1	0.148	0.171	0.023
Caprin1	0.170044230719419	-0.288869947221436	1	0.115	0.135	0.02
Tubb4a	0.170061370899688	-0.116829577675155	1	0.461	0.497	0.036
Ppig	0.170629090524137	-0.257487040518648	1	0.089	0.103	0.014
Zfp609	0.170697860871188	0.101289139789816	1	0.213	0.209	0.004
Soga3	0.171213638373488	0.249467596068425	1	0.167	0.141	0.026
Dnajb2	0.172252755090146	-0.193258761453456	1	0.26	0.282	0.022
Atf7	0.172784274787669	0.118139510849725	1	0.272	0.26	0.012
Scmh1	0.17336167573661	-0.237646195109662	1	0.147	0.17	0.023
Rab3gap1	0.173371637733029	-0.110463997906684	1	0.102	0.104	0.002
Jph1	0.174059982771952	0.14462779870769	1	0.366	0.356	0.01
Snrnp70	0.174222694794683	-0.126096434392086	1	0.338	0.366	0.028
Pcdh11x	0.174442166123717	-0.15170293326152	1	0.222	0.245	0.023
Wac	0.174873870061331	-0.139718766248931	1	0.236	0.264	0.028
Sox8	0.175491033334442	0.289629447791678	1	0.132	0.107	0.025
Dync1li2	0.175580750481798	0.170147773752963	1	0.305	0.284	0.021
Megf9	0.176163230397985	0.369443215484895	1	0.117	0.094	0.023
Arl13b	0.176568284472034	0.174714309963808	1	0.106	0.098	0.00799999999999999
Camta1	0.176756066540404	0.226819149699577	1	0.106	0.091	0.015
Desi2	0.176878870197828	0.270300187662379	1	0.101	0.084	0.017
Fut8	0.17788398289664	-0.124978319385217	1	0.155	0.177	0.022
Hectd1	0.178317336559901	0.328970969843455	1	0.122	0.099	0.023
Jakmip3	0.179201189492391	0.122167086436666	1	0.337	0.324	0.013
Slc16a7	0.180142079870741	0.174612233417805	1	0.182	0.165	0.017
Fnbp4	0.181537305371	-0.302164653263701	1	0.106	0.127	0.021
Kif5b	0.182020600960592	-0.117217259557194	1	0.205	0.209	0.004
Agps	0.182092979544442	0.169466609488537	1	0.186	0.172	0.014
Reps2	0.182137218139074	-0.434942359414116	1	0.105	0.123	0.018
Pibf1	0.184258231759827	-0.167982580318081	1	0.201	0.217	0.016
Slc8a3	0.184878360846597	0.275077183702735	1	0.239	0.208	0.031
Ddx46	0.184913174666324	-0.104196865754499	1	0.112	0.11	0.002
Sec24b	0.185481818574202	0.239066763974488	1	0.13	0.116	0.014
Dcps	0.185796965967816	0.244102239327447	1	0.151	0.131	0.02
Tnks2	0.186372963638161	0.158835267011996	1	0.133	0.124	0.00900000000000001
Pstpip2	0.187210873346281	-0.10843534099951	1	0.518	0.544	0.026
U2af1	0.190040025339842	-0.367598208490125	1	0.096	0.11	0.014
Wscd1	0.19048842155789	0.174593089311291	1	0.304	0.278	0.026
Scaper	0.190764181294536	0.115752379067381	1	0.261	0.236	0.025
Ccnl1	0.191643832068175	-0.191466486017265	1	0.16	0.18	0.02
Mpp2	0.193301518006307	0.338865738543311	1	0.105	0.083	0.022
Camkmt	0.193509768161412	-0.149315003200216	1	0.283	0.291	0.00800000000000001
Fech	0.195901282168178	-0.126299471141305	1	0.122	0.139	0.017
Tank	0.19610359958259	-0.238319899629178	1	0.11	0.132	0.022
Dnajc19	0.196436821705672	-0.239957241716576	1	0.125	0.143	0.018
Pnn	0.196711839713562	-0.189915021064492	1	0.16	0.178	0.018
Zfp532	0.196787612482346	0.155273513390198	1	0.454	0.425	0.029
Plod1	0.197148445265089	0.33994140066461	1	0.114	0.096	0.018
Rapgef6	0.198388792364522	-0.174189317898613	1	0.155	0.162	0.00700000000000001
Rab2a	0.1989770910617	-0.216595994610102	1	0.194	0.217	0.023
Cyp4f13	0.199084403915102	-0.279255712214074	1	0.094	0.108	0.014
Hnrnpa3	0.199736125841027	-0.192547713983646	1	0.153	0.174	0.021
Kmt2e	0.199925839212335	-0.150388726839266	1	0.325	0.341	0.016
Immp1l	0.200018096431292	-0.249819471546669	1	0.178	0.206	0.028
Pard3	0.200098090340443	0.117819120618945	1	0.636	0.61	0.026
Selenop	0.20031309214319	0.205102105424238	1	0.132	0.119	0.013
Sik2	0.202748499698937	0.123709479288039	1	0.364	0.343	0.021
Inf2	0.203275538946798	0.206797239061316	1	0.214	0.202	0.012
Tmtc2	0.203536396959643	-0.109480953192414	1	0.61	0.624	0.014
Tnpo3	0.205492522713072	0.271683976745611	1	0.114	0.094	0.02
Ralgds	0.205846643660522	0.300868253770049	1	0.108	0.088	0.02
Fbxl20	0.209835714843306	0.228555947749899	1	0.129	0.115	0.014
Sirt2	0.210005637706779	0.125152389535227	1	0.212	0.204	0.00800000000000001
Gramd3	0.211116208743298	0.149904918095438	1	0.186	0.181	0.005
Taf15	0.211361621862942	-0.211019112859685	1	0.197	0.222	0.025
Efhd1	0.212110956294544	-0.306298369386628	1	0.103	0.119	0.016
Hhip	0.212713008865944	0.133202276983151	1	0.171	0.169	0.002
Ythdf3	0.212773748687822	-0.235169869423941	1	0.122	0.135	0.013
Cstf3	0.213832506825725	-0.2085507085606	1	0.108	0.115	0.00700000000000001
Brdt	0.2165313470386	-0.340221992824521	1	0.085	0.103	0.018
Epc1	0.216554004695303	0.153578049353625	1	0.28	0.258	0.022
Srek1	0.217879869028682	-0.129447887425712	1	0.121	0.126	0.005
Mrps28	0.218571888565276	-0.273911182535315	1	0.091	0.108	0.017
Ctdspl2	0.218699766336029	0.151557958231291	1	0.102	0.097	0.00499999999999999
Fbxo21	0.219373254662154	0.146465910201395	1	0.118	0.115	0.00299999999999999
Ano10	0.219505991191078	0.332263154930391	1	0.116	0.096	0.02
Crebzf	0.219765754009134	-0.196677707884366	1	0.109	0.127	0.018
Parg	0.220718621335895	0.153315619894205	1	0.229	0.219	0.01
Csnk1a1	0.222789843295916	-0.223677809812942	1	0.22	0.241	0.021
Huwe1	0.223033426221724	0.112342781324465	1	0.283	0.258	0.025
Pik3r1	0.223990072981868	-0.11281870720693	1	0.461	0.481	0.02
Lzts2	0.225944178498817	-0.166884502323297	1	0.201	0.222	0.021
Rabep1	0.226013129374474	0.218445005891727	1	0.11	0.094	0.016
Brd4	0.229185387990852	-0.159124424358449	1	0.236	0.256	0.02
Rasa1	0.2295783976981	0.127416955953471	1	0.114	0.098	0.016
Gtf2a1	0.230991532071798	-0.224825551241371	1	0.094	0.11	0.016
Zfp277	0.23209754196354	0.195314823618206	1	0.113	0.104	0.00900000000000001
Rsbn1	0.232967556400982	-0.220233019948022	1	0.095	0.108	0.013
Baz1b	0.233398228636184	-0.203180470497041	1	0.117	0.132	0.015
Rnf141	0.233762724444267	-0.160895816119135	1	0.191	0.212	0.021
P2rx7	0.233880788127713	-0.17572988404171	1	0.116	0.133	0.017
Ccnyl1	0.234571235107423	0.233055630306905	1	0.11	0.093	0.017
Sema4d	0.235303606550454	0.204587406774258	1	0.236	0.21	0.026
Mier1	0.236673033988431	0.191974330346666	1	0.138	0.126	0.012
Nedd4	0.237056309744709	0.153283783845656	1	0.245	0.221	0.024
Nxpe4	0.237600067660718	-0.268445445112665	1	0.106	0.122	0.016
Abca8a	0.238375465193011	-0.137380538761872	1	0.375	0.398	0.023
Med27	0.240013961259917	0.196910364984018	1	0.136	0.126	0.01
Scarb2	0.240699872401854	-0.111944908342975	1	0.173	0.191	0.018
Rybp	0.241227223291246	-0.124702577042989	1	0.239	0.252	0.013
Lcor	0.241445599641975	0.121001788311003	1	0.229	0.209	0.02
Lrrc28	0.24192342926296	0.208151006208122	1	0.219	0.193	0.026
Dgkd	0.242771803545709	0.149343914915886	1	0.112	0.106	0.00600000000000001
Rassf2	0.243201916497643	0.22797483533526	1	0.244	0.219	0.025
Ppp3cc	0.24500972664979	-0.294443504109121	1	0.091	0.107	0.016
Sf3b1	0.245868599892294	-0.163301827255713	1	0.139	0.148	0.00899999999999998
Morf4l1	0.245907719143955	-0.241417568145752	1	0.122	0.137	0.015
Ddx6	0.246229363810949	0.256443441543391	1	0.123	0.104	0.019
Chd7	0.247375433196	0.165372775526217	1	0.419	0.401	0.018
Pam	0.247775154314223	-0.169415348890559	1	0.168	0.171	0.003
Gbf1	0.248051146377343	0.157400782606997	1	0.222	0.195	0.027
Gna12	0.249374479689112	0.144421153062023	1	0.456	0.434	0.022
Kdm5c	0.249733763397247	-0.218598890994736	1	0.1	0.112	0.012
Akap9	0.249938232750293	0.155768463636265	1	0.27	0.247	0.023
Commd1	0.250029166233374	0.276237817672684	1	0.125	0.109	0.016
Chm	0.250354881805284	-0.201056101161746	1	0.096	0.11	0.014
Phyhipl	0.250670801484318	0.223600499211866	1	0.236	0.215	0.021
Nfix	0.25083077847641	0.181273649926195	1	0.356	0.337	0.019
Frmd8	0.251511541746882	0.210999448316706	1	0.185	0.158	0.027
Capn15	0.255107867108567	-0.164154490210785	1	0.121	0.137	0.016
Trappc10	0.259971715231925	0.19764749900973	1	0.221	0.206	0.015
Mthfd1l	0.260068807039991	-0.175163324241124	1	0.107	0.123	0.016
Lypd6	0.262782895282948	0.354873516208371	1	0.102	0.09	0.012
Ppm1b	0.264055132470878	-0.164683887597024	1	0.166	0.183	0.017
D5Ertd579e	0.265496872321592	-0.197374686415082	1	0.152	0.174	0.022
Mtm1	0.266771682811773	-0.139754885402202	1	0.115	0.129	0.014
Gab2	0.268256412251897	0.162965431061503	1	0.31	0.287	0.023
Rabgap1	0.269280162164229	-0.219480859005549	1	0.251	0.278	0.027
Kdm4a	0.272598688808933	-0.127227842080371	1	0.091	0.103	0.012
Tasor2	0.273600878613004	-0.20581254245763	1	0.102	0.108	0.00600000000000001
Opcml	0.274312913786863	0.166657385835686	1	0.202	0.178	0.024
Eeig1	0.275245869836609	-0.130488335621945	1	0.29	0.298	0.00800000000000001
Mtus1	0.275492678593814	0.188615318251281	1	0.234	0.218	0.016
Hs3st1	0.276185504193253	0.238635526577553	1	0.156	0.139	0.017
Hapstr1	0.276483358045049	-0.249288045027897	1	0.123	0.142	0.019
Ppp1r13b	0.277395322303761	-0.187713692156694	1	0.099	0.11	0.011
Lrrn1	0.277833997316329	0.168387171586713	1	0.247	0.219	0.028
Tln2	0.277994874202182	0.150607117671782	1	0.199	0.178	0.021
Dusp16	0.278187360584725	-0.152007425437122	1	0.279	0.302	0.023
Mindy3	0.280643193837001	0.171884887772289	1	0.117	0.105	0.012
Pcm1	0.28078251862724	-0.113879608918605	1	0.246	0.272	0.026
Jmjd1c	0.281807024601068	0.197134089420413	1	0.255	0.232	0.023
Kdm4c	0.283243284632104	-0.180812779061456	1	0.113	0.123	0.01
Gpr37	0.283617058213889	-0.145057147145754	1	0.222	0.247	0.025
Zfhx4	0.283642914075193	-0.200241491843876	1	0.095	0.108	0.013
Tyro3	0.2844809784708	-0.20848772627803	1	0.122	0.14	0.018
Ppp1r9a	0.285905599173638	-0.116349377261128	1	0.126	0.141	0.015
Sox2	0.286351091045848	0.267240390008384	1	0.14	0.123	0.017
Mff	0.288212328095874	-0.223339818928538	1	0.151	0.17	0.019
Prdm5	0.289790664009643	-0.136218714888949	1	0.143	0.145	0.002
Gpatch2l	0.290120567413158	-0.227866949284065	1	0.095	0.11	0.015
Fcho2	0.291453844183229	-0.144741917980833	1	0.162	0.17	0.00800000000000001
Dnajc24	0.291629809584879	-0.150402658101414	1	0.153	0.171	0.018
Tdrd3	0.291931382805516	-0.176190286432374	1	0.132	0.141	0.00899999999999998
Gdpd1	0.292613587649622	-0.231284482103435	1	0.091	0.105	0.014
Fkbp15	0.293740036595533	0.193082283025204	1	0.1	0.087	0.013
Jak2	0.294643662423941	0.175611866423796	1	0.287	0.261	0.026
Lsm14a	0.296516777566708	0.235257172211649	1	0.124	0.106	0.018
Usp25	0.300079137898785	0.164497411397886	1	0.261	0.239	0.022
Nup214	0.300454251320306	0.12328656984668	1	0.121	0.115	0.00599999999999999
Nrf1	0.300672728900698	0.144319375017598	1	0.146	0.136	0.00999999999999998
D16Ertd472e	0.303223739390101	-0.11302832364624	1	0.173	0.192	0.019
Gsn	0.306305276156354	0.167862908441158	1	0.161	0.15	0.011
Atrx	0.306722524895402	0.144342048671958	1	0.302	0.275	0.027
Iws1	0.310477748333532	-0.301990601967535	1	0.09	0.104	0.014
Kat6a	0.310663279984967	-0.100019047894909	1	0.264	0.285	0.021
Rint1	0.311939076757288	0.275814633086887	1	0.113	0.098	0.015
Prkd3	0.313835945595374	-0.115556450652206	1	0.261	0.274	0.013
Cep128	0.315724894630792	-0.20692450461846	1	0.12	0.126	0.00600000000000001
Pla2g4a	0.316942728643229	0.220573926112759	1	0.153	0.135	0.018
Ankhd1	0.317070197972822	0.116347256723784	1	0.262	0.245	0.017
Adamts20	0.318630189314358	0.166887494673989	1	0.156	0.146	0.01
Abca1	0.318953265346319	0.204294195768301	1	0.205	0.185	0.02
Eefsec	0.319823279612462	0.179306436463357	1	0.131	0.123	0.00800000000000001
Carns1	0.320355032297094	0.122771002428222	1	0.203	0.182	0.021
Nudt4	0.322257213921899	0.275441427159265	1	0.112	0.095	0.017
Zfx	0.322522631052608	0.185246125420966	1	0.113	0.103	0.01
Sned1	0.322827940055117	0.148392613454162	1	0.194	0.182	0.012
Fgd3	0.326287800861773	-0.219563797659285	1	0.095	0.11	0.015
Ube2h	0.327078691008062	-0.227088434288854	1	0.195	0.217	0.022
Pcx	0.327687020504801	-0.209157550797542	1	0.098	0.105	0.00699999999999999
Eif2b3	0.328569897623875	0.251493006290294	1	0.118	0.105	0.013
Aatk	0.329016802981546	0.105331030449831	1	0.615	0.588	0.027
Papola	0.330126062619774	-0.14736901062034	1	0.13	0.133	0.003
Klf3	0.330463586823	0.215649525548977	1	0.126	0.107	0.019
Ippk	0.330722985915075	0.263841989160285	1	0.111	0.097	0.014
Adamts6	0.331491534093397	-0.172947351083925	1	0.178	0.194	0.016
Cnot2	0.331731158478864	0.153435110761015	1	0.158	0.142	0.016
Ralgapb	0.332498982226358	-0.173379899394279	1	0.105	0.119	0.014
Cpsf6	0.334887070603996	-0.203858446317115	1	0.151	0.163	0.012
Gnai1	0.33544329372717	0.119995602924621	1	0.384	0.376	0.00800000000000001
Cab39l	0.335650955846258	-0.141932802984652	1	0.162	0.182	0.02
Cox16	0.336220480192695	0.123710649804624	1	0.309	0.289	0.02
Rbks	0.337090692620112	-0.169795011992885	1	0.089	0.101	0.012
Epb41l2	0.337439605554595	0.135138626653617	1	0.228	0.219	0.00900000000000001
Prr14l	0.338929354423286	-0.184902053491947	1	0.148	0.167	0.019
Usp32	0.342616505255874	0.111037929576611	1	0.149	0.139	0.00999999999999998
Hltf	0.346880813438127	-0.255315865601153	1	0.102	0.117	0.015
Prex1	0.347186615179958	0.240040540508137	1	0.124	0.11	0.014
Arl2bp	0.350019107309796	-0.265602718529283	1	0.086	0.101	0.015
Smc1a	0.35043140938478	-0.178321174499799	1	0.118	0.13	0.012
St3gal4	0.35115745880478	0.132854035398287	1	0.301	0.282	0.019
Pik3c2a	0.35286269672307	-0.262332338138508	1	0.118	0.135	0.017
Prpf4b	0.35610849267844	-0.167383612520976	1	0.162	0.171	0.00900000000000001
Cpsf7	0.356782481260993	-0.209399747993897	1	0.096	0.109	0.013
Qrich1	0.357095993930108	-0.118386502434054	1	0.123	0.128	0.005
Lipa	0.357256755785049	-0.109530050120452	1	0.106	0.117	0.011
Lrrc1	0.357710082478265	0.199381791375767	1	0.197	0.178	0.019
Lifr	0.358390533704694	-0.160733288386048	1	0.12	0.134	0.014
Acot7	0.36202322441397	0.194066447017007	1	0.183	0.165	0.018
Casc3	0.363367253921664	-0.136445734599099	1	0.095	0.106	0.011
Cyp2j12	0.363940190954128	0.196555314695699	1	0.246	0.224	0.022
Nfat5	0.364804146374639	0.16265925607409	1	0.238	0.219	0.019
Hbp1	0.364879880885337	-0.189917418138821	1	0.147	0.156	0.00900000000000001
Ankrd44	0.365993289188603	-0.120621218161484	1	0.234	0.253	0.019
Mettl15	0.368092589604238	-0.140862983757039	1	0.161	0.18	0.019
Slc38a2	0.368633846579595	-0.15522251459017	1	0.289	0.307	0.018
Ino80	0.369393622752391	0.135406234443994	1	0.142	0.128	0.014
Supt3	0.370864206528533	0.156851578764291	1	0.197	0.18	0.017
Ctnnal1	0.372229687651068	0.20411314639251	1	0.129	0.111	0.018
Mapre2	0.372690117273072	0.136456606122439	1	0.369	0.355	0.014
Tpd52l2	0.376530077418838	-0.177005283583883	1	0.101	0.115	0.014
Cul3	0.379554017004283	0.176483343631334	1	0.101	0.086	0.015
Phc2	0.38433468461872	0.115798517671666	1	0.116	0.109	0.00700000000000001
Rtn3	0.385067165451364	-0.21557952213539	1	0.095	0.11	0.015
Zfp101	0.386239665265709	-0.155491845381693	1	0.129	0.136	0.00700000000000001
Tspan15	0.387919649764879	0.145663451090663	1	0.14	0.123	0.017
Parm1	0.389014918513946	0.27041317073665	1	0.132	0.12	0.012
Rap1gds1	0.390852395301806	0.104452200904206	1	0.199	0.183	0.016
Slc12a6	0.392277725497313	-0.1568181363606	1	0.177	0.196	0.019
Gng12	0.392598340325935	0.141940095665708	1	0.222	0.203	0.019
Pten	0.39463878958357	-0.121742436095213	1	0.09	0.102	0.012
Ubr2	0.394791111884915	-0.10071724540643	1	0.294	0.311	0.017
Inpp5a	0.39493422614754	0.126620460255929	1	0.149	0.133	0.016
Tnks	0.397820710813478	-0.171984733401807	1	0.147	0.156	0.00900000000000001
Chst8	0.399565846179836	0.149926425805637	1	0.122	0.108	0.014
Mink1	0.39972659713036	-0.130223094191152	1	0.262	0.282	0.02
Snapc3	0.400114065471938	-0.102985246704194	1	0.111	0.121	0.01
Usp24	0.400205189069789	-0.116646141274559	1	0.163	0.178	0.015
Zfp276	0.404101104238763	-0.163786819878317	1	0.096	0.108	0.012
Kdm2a	0.407664029381461	0.118585543177287	1	0.19	0.172	0.018
Unk	0.407941994840015	0.193476371349035	1	0.111	0.102	0.00900000000000001
Rc3h2	0.409403911852953	0.121096881335084	1	0.125	0.112	0.013
1110059E24Rik	0.412842845909396	0.2402431784689	1	0.134	0.119	0.015
Hnrnpdl	0.415153046782303	0.107293849344174	1	0.248	0.23	0.018
Plekhb1	0.415944064864194	0.175130708916337	1	0.13	0.121	0.00900000000000001
Rnf20	0.417974626608024	-0.184240260576207	1	0.13	0.14	0.01
Creb3l2	0.418433975794161	0.194420149765602	1	0.133	0.126	0.00700000000000001
Srrm2	0.420946830900334	0.132839269465207	1	0.276	0.256	0.02
Secisbp2l	0.422656284856671	0.143063361359169	1	0.272	0.259	0.013
Crebbp	0.425339355246305	-0.144786786053905	1	0.282	0.305	0.023
Immt	0.426562512505705	-0.130897691379129	1	0.146	0.152	0.00600000000000001
Tsc22d3	0.427292009464667	-0.100082362040085	1	0.198	0.215	0.017
Cmtm5	0.427760595314268	-0.151534194366212	1	0.157	0.173	0.016
Ncoa1	0.427956812843463	0.164916661039949	1	0.198	0.178	0.02
Plekhm3	0.429609726879728	-0.208958829423553	1	0.138	0.153	0.015
Fmn1	0.430012413028947	0.104900262034102	1	0.281	0.267	0.014
Tex2	0.432713221183143	0.106693365190658	1	0.242	0.22	0.022
Rnf43	0.433942028802962	0.181444127749406	1	0.152	0.14	0.012
Chuk	0.434075210187805	0.145067446149243	1	0.133	0.119	0.014
Lamc1	0.437350323287142	-0.216867683991453	1	0.111	0.122	0.011
Zfp207	0.438139560197479	0.104566511779106	1	0.117	0.104	0.013
Smyd3	0.440273174803131	0.226146330060127	1	0.125	0.116	0.00899999999999999
Galnt6	0.441946834905208	0.115270175005182	1	0.29	0.268	0.022
Vps35l	0.450423090532025	-0.114185865091526	1	0.172	0.188	0.016
Pcyt1a	0.450691009956097	0.176684811839693	1	0.11	0.099	0.011
Mtmr3	0.45472700178708	-0.183970311204565	1	0.175	0.194	0.019
Rubcn	0.45698790509616	0.159512930164809	1	0.118	0.112	0.00599999999999999
Polb	0.459143810806596	-0.14414720053155	1	0.132	0.146	0.014
Bicra	0.462588829195541	0.133099575301762	1	0.186	0.176	0.01
Mpzl1	0.467042621454773	0.123230400461432	1	0.286	0.27	0.016
Lnpep	0.471008667476452	-0.155145733849075	1	0.146	0.152	0.00600000000000001
Rnpc3	0.473881082549898	-0.145972517981193	1	0.137	0.152	0.015
Glg1	0.478011313123309	0.165158711299781	1	0.121	0.107	0.014
Mthfs	0.478627296061644	0.196787604486132	1	0.167	0.15	0.017
Rdx	0.478836026416422	0.132120817688317	1	0.284	0.272	0.012
Metap1d	0.479443897027971	0.124952480875554	1	0.23	0.219	0.011
Nipal4	0.479834540567568	0.171144222400875	1	0.148	0.132	0.016
Traf6	0.480156395592059	-0.14497697410721	1	0.092	0.104	0.012
Eif4g3	0.48100444242384	-0.186836520890874	1	0.134	0.147	0.013
Krcc1	0.4831580668253	-0.150387574388577	1	0.102	0.112	0.01
Ndrg1	0.488825304981608	0.118511797619255	1	0.236	0.232	0.00399999999999998
Fscn1	0.491033089994286	0.238415504984497	1	0.106	0.094	0.012
Dync1li1	0.491123339627067	-0.111255194216549	1	0.096	0.102	0.00599999999999999
Ylpm1	0.49120179741676	0.112321324827331	1	0.14	0.13	0.01
Btbd8	0.492032506537929	-0.113078579173718	1	0.225	0.241	0.016
Kdm3b	0.492268462126245	-0.161079756735311	1	0.106	0.114	0.00800000000000001
Ppp6r3	0.493437558687775	-0.107349316837769	1	0.186	0.199	0.013
Elovl6	0.493724728615448	0.108406213867915	1	0.21	0.2	0.00999999999999998
Sccpdh	0.494516257465713	0.116005142625254	1	0.183	0.169	0.014
Smarcb1	0.49466563082384	-0.188223881431708	1	0.089	0.1	0.011
Ywhae	0.494986116727654	0.178686101301221	1	0.121	0.109	0.012
Myh14	0.495250781690265	0.176233699603554	1	0.121	0.108	0.013
Setd7	0.500732983944061	-0.167955273869237	1	0.166	0.18	0.014
Fbn2	0.500928861472979	0.317031165385894	1	0.101	0.088	0.013
Macrod2	0.501983203845154	0.137178912716782	1	0.199	0.183	0.016
Amd1	0.504831188677435	0.123326924050782	1	0.195	0.192	0.003
Stard9	0.507253657147253	0.130458274427521	1	0.199	0.193	0.00600000000000001
Zfc3h1	0.50965091116481	-0.178032594313283	1	0.111	0.123	0.012
Adamtsl4	0.510670902571404	0.155343039435877	1	0.16	0.142	0.018
Acaa1a	0.515420480959355	0.140336259994823	1	0.113	0.101	0.012
Epb41l4a	0.519295718759905	0.157587677834192	1	0.13	0.121	0.00900000000000001
Ccnt2	0.526644713532426	-0.101243585610152	1	0.122	0.133	0.011
2210408I21Rik	0.526890335824441	0.129577735136267	1	0.14	0.136	0.004
Arhgap17	0.528350661342639	0.158560229629744	1	0.105	0.096	0.00899999999999999
Efemp1	0.530172420150946	-0.128903377471389	1	0.121	0.123	0.002
Upf3b	0.530649101467182	-0.152643051921492	1	0.135	0.15	0.015
Csnk1g3	0.531295012040744	-0.149766833267042	1	0.099	0.11	0.011
Ints7	0.536512758680437	0.188733840431429	1	0.126	0.115	0.011
Foxn2	0.537045815014525	0.167656456373149	1	0.148	0.132	0.016
Fat1	0.537085270023104	-0.134940071149579	1	0.102	0.114	0.012
Tmem98	0.538819250071809	-0.136064979958241	1	0.098	0.108	0.01
Sil1	0.541633148082226	0.104531271723905	1	0.164	0.15	0.014
Tns3	0.542123262699765	0.14845785021586	1	0.236	0.226	0.00999999999999998
Zfyve1	0.542651203560886	-0.105571695213164	1	0.197	0.209	0.012
Hmg20a	0.542696778207333	0.128266631420869	1	0.182	0.17	0.012
Rasa3	0.543883398103089	0.13451933939484	1	0.249	0.229	0.02
Vps4b	0.544297023216256	-0.199875313498223	1	0.11	0.123	0.013
Wdr70	0.552071974986847	0.111955339099083	1	0.113	0.102	0.011
Tor1aip1	0.5537795021377	-0.138114693137042	1	0.128	0.136	0.00800000000000001
Srsf5	0.557523686628537	-0.219449872123795	1	0.186	0.201	0.015
Sympk	0.557671473957657	0.109499063634346	1	0.103	0.092	0.011
Gosr1	0.562221519376969	0.10013237477763	1	0.105	0.099	0.00599999999999999
Snx15	0.562609776814409	-0.118518178519662	1	0.142	0.146	0.004
Papss1	0.56277699587575	0.102241929573312	1	0.138	0.133	0.005
Micall1	0.563470741743394	0.108478705982729	1	0.287	0.268	0.019
Synpr	0.563756809515041	0.111218369860084	1	0.152	0.139	0.013
Nectin1	0.564195328987388	0.131865021456371	1	0.126	0.123	0.003
Lta4h	0.568397419575081	0.181444331602948	1	0.134	0.124	0.01
Relch	0.569595890962841	-0.106888186556523	1	0.279	0.294	0.015
Ncapd3	0.570582754087974	-0.146303509948771	1	0.094	0.1	0.00600000000000001
Ss18	0.572567407492558	0.112782429532718	1	0.126	0.124	0.002
Gpbp1	0.572725823778478	0.159456512773473	1	0.103	0.091	0.012
Rb1	0.576486556402954	-0.113265837001408	1	0.264	0.275	0.011
Pgap2	0.57786788217935	-0.156278236667275	1	0.134	0.142	0.00799999999999998
Plekha5	0.583407352057375	0.180122487231469	1	0.232	0.215	0.017
Ube3c	0.590768696401903	0.110242634417353	1	0.147	0.134	0.013
Slco3a1	0.591692970409941	0.10658324615952	1	0.402	0.387	0.015
Zhx3	0.592399787987722	-0.118807854977337	1	0.172	0.181	0.00900000000000001
Kcmf1	0.598529889798804	-0.161238405510302	1	0.094	0.104	0.01
Car14	0.601277636623896	-0.176977310325419	1	0.099	0.106	0.00699999999999999
Rhoq	0.60407728643418	-0.125608252135666	1	0.098	0.104	0.00599999999999999
Cnp	0.604255165708662	0.122481659155715	1	0.233	0.223	0.01
Gnb4	0.605125572561948	0.181579126335161	1	0.116	0.103	0.013
Cep120	0.607724686047241	0.137991524262084	1	0.101	0.092	0.00900000000000001
Mnat1	0.614100896648499	0.16802122176839	1	0.116	0.103	0.013
Xrcc4	0.61693653606418	-0.101228051976683	1	0.194	0.206	0.012
Btbd7	0.616974824268909	0.164873833537219	1	0.148	0.134	0.014
Ubc	0.620665937705567	-0.173983550531193	1	0.093	0.104	0.011
Sorbs3	0.624689918624036	-0.135400063754359	1	0.108	0.112	0.004
Cfdp1	0.624879195188822	0.134315888283427	1	0.124	0.112	0.012
Ints8	0.624899733495296	-0.236019037889512	1	0.096	0.106	0.01
Taf1	0.628623884835432	0.155988917088138	1	0.1	0.089	0.011
Smarcad1	0.629559828503372	-0.107352384325767	1	0.101	0.104	0.00299999999999999
Arpc1a	0.635545258214105	-0.127937504427543	1	0.11	0.119	0.00899999999999999
Exoc2	0.636393265736049	-0.135063514784866	1	0.093	0.103	0.01
Taldo1	0.637023979952397	-0.146293280401653	1	0.142	0.152	0.01
Nsd3	0.63715667323877	0.108166366197196	1	0.217	0.199	0.018
Nudcd3	0.638534243506924	0.122010666466223	1	0.116	0.104	0.012
Tmem144	0.642772811584312	-0.199299317374535	1	0.1	0.11	0.01
Zfp740	0.646026222124702	-0.102678410521621	1	0.145	0.154	0.00900000000000001
Sec62	0.650703974438794	-0.145875463944993	1	0.098	0.106	0.00799999999999999
Hdac7	0.65974522068318	0.153611770087906	1	0.144	0.132	0.012
Rprd1a	0.67116924500245	-0.111871626664973	1	0.102	0.112	0.01
Cryab	0.67795183523151	-0.175627507560533	1	0.121	0.132	0.011
Xpo7	0.682998140417911	0.121296265537369	1	0.137	0.127	0.01
Eif4h	0.68975493639662	-0.12456256688857	1	0.098	0.108	0.01
Atf2	0.699876482096135	-0.113141684573992	1	0.095	0.102	0.00699999999999999
Slc43a2	0.703099401144532	0.150402049413013	1	0.129	0.117	0.012
Iftap	0.707755912486112	0.126751128611989	1	0.124	0.121	0.003
Smg7	0.713534328212972	-0.116523411742062	1	0.116	0.123	0.00699999999999999
Tcf25	0.714285815571869	-0.107651769136511	1	0.203	0.219	0.016
Fkbp1a	0.718091160575677	0.11621918825747	1	0.149	0.136	0.013
Arglu1	0.722895688950403	-0.103802642922716	1	0.234	0.247	0.013
Zfp445	0.731428361708425	-0.116206431491969	1	0.225	0.236	0.011
Pabpn1	0.743552568296689	-0.135684949012736	1	0.119	0.129	0.01
Prtg	0.744532772568133	0.182514256477051	1	0.102	0.095	0.00699999999999999
Mfn1	0.766585442690492	-0.126621892284221	1	0.196	0.206	0.00999999999999998
Thoc2	0.76685656578515	0.102176041235716	1	0.184	0.174	0.01
Ipo13	0.772473813513467	0.1014237933106	1	0.109	0.102	0.00700000000000001
Ints4	0.778116614527329	0.118164027767447	1	0.163	0.151	0.012
Ube2d2a	0.780734280974248	-0.101324958096908	1	0.174	0.182	0.00800000000000001
Dram2	0.78311190336166	0.134660551908418	1	0.105	0.099	0.00599999999999999
Aim2	0.788687523811646	0.121898138985994	1	0.125	0.119	0.00600000000000001
Fgf1	0.793382884106468	0.183065860740485	1	0.116	0.107	0.00900000000000001
Adam22	0.795397722615904	-0.121678832523549	1	0.101	0.105	0.00399999999999999
Itgb4	0.797192320459322	0.108798604519856	1	0.103	0.097	0.00599999999999999
Tmem88b	0.805662371019086	0.124667474307456	1	0.198	0.188	0.01
Srsf3	0.810311180239593	0.101186778634082	1	0.11	0.103	0.00700000000000001
Pphln1	0.832087230154406	0.106633294781245	1	0.106	0.099	0.00699999999999999
Usp47	0.838576566018202	-0.127825325171862	1	0.103	0.112	0.00900000000000001
Hnrnpm	0.877100050327409	-0.11775535673694	1	0.176	0.187	0.011
Arfgef1	0.925836052328329	0.128356182860495	1	0.11	0.104	0.00600000000000001
Mpdz	0.942934109454671	-0.100151525636768	1	0.126	0.129	0.003
