gene	p_val	avg_log2FC	p_val_adj	percent_PS19	percent_WT	percent_difference
Mat2a	2.16465834119851e-24	0.762295987621773	3.87863481575949e-20	0.348	0.233	0.115
C4b	9.14981807951187e-20	1.91812559291366	1.63946440348694e-15	0.1	0.035	0.065
Sarnp	1.81950978043603e-15	0.946537014871581	3.26019762458529e-11	0.124	0.074	0.05
Syt11	1.2124015304483e-14	-0.473905930076146	2.17238106225727e-10	0.269	0.348	0.079
Bclaf1	4.30285032728286e-13	0.726799336585043	7.70984721642542e-09	0.168	0.101	0.067
Son	1.86978742553364e-11	0.299898438595541	3.35028510907117e-07	0.623	0.535	0.088
Sfpq	7.42306542049656e-11	0.424232284042664	1.33006486204457e-06	0.302	0.237	0.065
Luc7l2	1.44266807387266e-10	0.265760200908544	2.58497265476503e-06	0.764	0.674	0.09
Eml6	3.74748384048812e-10	0.660250652010388	6.71474154538661e-06	0.187	0.115	0.072
Negr1	5.16972075461255e-10	-1.42207214546796	9.26310564811476e-06	0.041	0.107	0.066
Robo1	7.50609819171419e-10	-0.391361973796957	1.34494267399135e-05	0.534	0.626	0.092
Rbm5	1.22312404353833e-09	0.40608594804146	2.19159366121198e-05	0.322	0.251	0.071
Mobp	2.60042702245484e-09	0.231950973206748	4.65944513883458e-05	0.813	0.777	0.0359999999999999
Kansl1	4.69634312992367e-09	0.304753545675599	8.41490762019724e-05	0.391	0.328	0.063
Adipor2	4.70909728345732e-09	0.538091586686361	8.43776051249882e-05	0.604	0.482	0.122
Eif4g1	1.01075534213964e-08	0.712456629206271	0.000181107142204582	0.142	0.093	0.049
Efr3b	1.05106473889345e-08	0.780296659811248	0.000188329779914929	0.111	0.07	0.041
Slc44a1	1.88972639900141e-08	0.189809221171292	0.000338601176173072	0.655	0.596	0.0590000000000001
Spred1	2.17425832648427e-08	-0.453934503232614	0.000389583606939451	0.106	0.139	0.033
Kazn	2.37715706241009e-08	0.459177076636698	0.00042593900244264	0.339	0.278	0.061
Hipk3	3.72935974202528e-08	-0.39629340185291	0.00066822667857609	0.089	0.108	0.019
Scd2	6.1265045543987e-08	-0.314886362247117	0.00109774708605716	0.514	0.59	0.076
Ccar1	6.74819135125409e-08	0.414573527738494	0.00120914092631771	0.152	0.125	0.027
Npepps	8.29170585017543e-08	0.377892852174992	0.00148570785423443	0.376	0.31	0.066
Nktr	9.87491706677454e-08	0.36322111717118	0.00176938764002466	0.284	0.223	0.061
Camta1	1.00427572822827e-07	-0.441199193189553	0.00179946124983941	0.077	0.107	0.03
Fbxw15	1.15808277782671e-07	-0.596936926878141	0.0020750527213099	0.092	0.128	0.036
Dgki	1.22546245837762e-07	0.202815249519828	0.00219578363292102	0.761	0.743	0.018
Tanc2	1.40949797344464e-07	-0.448769739373096	0.00252553846881811	0.223	0.284	0.061
Akt3	1.45198039272971e-07	-0.841853741850861	0.0026016584676931	0.069	0.101	0.032
Ap1g1	1.49053173407196e-07	0.532100704494206	0.00267073476111014	0.101	0.078	0.023
Btbd9	1.82215199464032e-07	-0.275525249698927	0.00326493194399652	0.173	0.199	0.026
Opcml	2.33591130430716e-07	-0.688220354385059	0.00418548587505758	0.19	0.278	0.088
Fth1	2.47767847430587e-07	-0.27687121174344	0.00443950429026126	0.637	0.676	0.039
9330159F19Rik	3.20007747657962e-07	0.753534744336204	0.00573389882253537	0.16	0.103	0.057
Mboat2	8.86062052024432e-07	0.588508207145393	0.0158764598481738	0.142	0.101	0.041
Brd1	1.07021892812592e-06	0.639736504838452	0.0191761827541603	0.101	0.067	0.034
Slc13a1	1.16861285423248e-06	-0.733833795928041	0.0209392051221376	0.08	0.113	0.033
Phf12	1.1858201806085e-06	0.499247037875303	0.021247525996143	0.118	0.086	0.032
Cdc42bpa	1.57625096496903e-06	0.162086676268526	0.028243264790315	0.872	0.834	0.038
Ubr1	1.61663699121311e-06	0.392248657076674	0.0289669016085566	0.2	0.166	0.034
Stox2	1.72662343265105e-06	0.282986219533144	0.0309376386662415	0.295	0.235	0.06
Zcchc7	2.36832076473958e-06	0.227673502678066	0.0424355714626038	0.598	0.527	0.071
Rictor	2.42834594113598e-06	0.330589815487531	0.0435111025732744	0.197	0.174	0.023
Thoc2	2.59990118256223e-06	0.54375908877855	0.0465850293891501	0.191	0.142	0.049
Tcf25	2.81538736777886e-06	-0.195212962025957	0.0504461108558616	0.172	0.19	0.018
Nav3	3.07909588993391e-06	-0.806539902250111	0.0551712401558358	0.078	0.151	0.073
Spop	3.29155819525421e-06	0.404108446748225	0.0589781397425649	0.281	0.223	0.058
Fa2h	3.42854415724844e-06	0.122723925390433	0.0614326542095776	0.681	0.623	0.0580000000000001
Pcmtd1	5.77052275399276e-06	0.398327517164166	0.103396226706042	0.214	0.157	0.057
Trpc1	6.88990737797144e-06	0.527786775683189	0.123453360398492	0.168	0.131	0.037
Nrg3	6.92518406501335e-06	-0.693751852463121	0.124085448076909	0.09	0.15	0.06
Ppp6r3	7.08525145889909e-06	0.50223242996453	0.126953535640554	0.199	0.15	0.049
Sec61a2	7.21435071369581e-06	0.248080533791442	0.129266736088002	0.117	0.087	0.03
Bcl2l1	7.2340311532399e-06	0.383990233640555	0.129619370203753	0.447	0.372	0.075
Dicer1	8.53202371032788e-06	0.366717241553494	0.152876800841655	0.184	0.146	0.038
Tjp1	8.70043447031133e-06	0.480851064596867	0.155894384839038	0.252	0.188	0.064
Arhgef12	9.21749259919042e-06	0.402448098453426	0.165159032392294	0.249	0.192	0.057
Actb	1.05202231839704e-05	-0.467327700936987	0.188501359010381	0.222	0.262	0.04
Pacrg	1.09456426098175e-05	-0.258363302357472	0.196124024282709	0.495	0.532	0.037
Anks1b	1.27640087600629e-05	-0.204090473862787	0.228705508962808	0.511	0.566	0.0549999999999999
Zhx3	1.34503662974708e-05	0.274896968296577	0.241003663318082	0.192	0.167	0.025
Ubl3	1.35319445708209e-05	0.343214267035143	0.242465382819969	0.143	0.122	0.021
Dennd6a	1.53156849648951e-05	0.53973544923333	0.27442644320099	0.196	0.143	0.053
Fgf14	1.76848325316282e-05	-0.635064169005869	0.316876829301714	0.086	0.145	0.059
Tnrc6a	1.830959609147e-05	0.44557757950394	0.328071342766959	0.33	0.259	0.071
Daam2	1.88406435815194e-05	0.244574536091287	0.337586651693664	0.575	0.519	0.0559999999999999
Ankrd13a	2.02247768957666e-05	0.67015925620669	0.362387552418346	0.123	0.085	0.038
Baz1b	2.08984322223895e-05	0.431169559335026	0.374458108560774	0.139	0.103	0.036
Zranb1	2.27662603749576e-05	0.410487384787875	0.40792585339849	0.218	0.17	0.048
Man2a2	2.29812714230795e-05	0.560961535389663	0.411778421358739	0.142	0.103	0.039
Parp8	2.59740482889191e-05	0.506005936624829	0.465402997240853	0.172	0.135	0.037
Plekha1	2.98602763875784e-05	0.294044354459187	0.535036432312629	0.462	0.409	0.053
Nrxn3	3.00765589334874e-05	-0.743289368718883	0.538911782970228	0.103	0.169	0.066
Tkt	3.08547508229078e-05	-0.681864336367006	0.552855425244862	0.083	0.116	0.033
Taf15	3.22810236561298e-05	0.288861526498944	0.578411381870535	0.22	0.192	0.028
Eif2s3y	3.29012397062729e-05	0.794181609519159	0.589524413056998	0.134	0.068	0.066
Rc3h1	3.42666641190551e-05	0.253706076384323	0.61399008768523	0.263	0.24	0.023
Arid5b	3.43940016724244e-05	0.591440978463527	0.616271721966501	0.133	0.089	0.044
Gigyf2	4.30170841028306e-05	0.393017041271767	0.770780112954519	0.247	0.198	0.049
Ube2g1	4.33856218114551e-05	0.359300432531683	0.777383571617653	0.235	0.196	0.039
Ube2h	4.61055504751153e-05	-0.299172922780773	0.826119253413116	0.194	0.221	0.027
Mier1	4.83670644738649e-05	0.529053532501204	0.866641061242712	0.142	0.104	0.038
Fkbp1a	5.14624259583653e-05	0.47653054300951	0.922103748321989	0.151	0.118	0.033
Elf2	5.2117628027643e-05	0.280123087422408	0.933843658999307	0.321	0.268	0.053
Macrod2	6.86966513727249e-05	-0.483479455548499	1	0.184	0.241	0.057
Dazap1	6.87393713220449e-05	0.419410748011686	1	0.119	0.095	0.024
Adgrb3	6.88236203953302e-05	-0.386740504414503	1	0.274	0.364	0.09
Nckap1	7.04117741307022e-05	0.192000257578382	1	0.24	0.196	0.044
Thsd4	7.07383565234996e-05	-0.100240726099862	1	0.199	0.229	0.03
Rock1	7.33212437850821e-05	-0.242919548060061	1	0.192	0.204	0.012
Dnajc6	7.47453419419462e-05	-0.394565420451095	1	0.21	0.257	0.047
Nr3c1	8.0053083909733e-05	-0.391615779546412	1	0.255	0.308	0.053
Sptbn1	8.75316139633961e-05	0.13122890210051	1	0.409	0.353	0.056
Tmem243	8.9700951609531e-05	-0.325721796179762	1	0.105	0.12	0.015
Arhgap35	0.00011128875837969	0.526572409520473	1	0.17	0.127	0.043
Srsf3	0.00012565216606978	0.357674035211744	1	0.119	0.099	0.02
Magi2	0.00012721062695536	-0.132330759989158	1	0.997	0.998	0.001
Ep400	0.000128969974929856	0.467576645495268	1	0.146	0.107	0.039
Tenm2	0.000132455102723378	-0.324450221301921	1	0.236	0.295	0.059
Ptma	0.000153157825626223	-0.367577774429811	1	0.21	0.246	0.036
Smyd3	0.000153576961365373	-0.481993446435748	1	0.108	0.143	0.035
Spast	0.000161392004329572	0.368990364140572	1	0.119	0.098	0.021
Syncrip	0.000163755200686308	0.357889719704441	1	0.106	0.088	0.018
Stmn1	0.000166065200381108	-0.304153187149185	1	0.198	0.225	0.027
Trim24	0.00016788309364527	0.574104731197602	1	0.157	0.119	0.038
Ccnl1	0.000177269185003702	0.267169937084657	1	0.182	0.158	0.024
Ralyl	0.000203830414030245	-0.579322123655656	1	0.098	0.126	0.028
Nup98	0.000208510577109724	-0.260807854877169	1	0.119	0.137	0.018
Abhd12	0.000215971763986104	-0.527435354020016	1	0.082	0.116	0.034
Apoe	0.000222518856895245	0.200997606240616	1	0.268	0.228	0.04
Hsp90aa1	0.000226168908300734	-0.300000794442763	1	0.109	0.119	0.01
Rnf38	0.000231215509916859	0.426825967031096	1	0.154	0.117	0.037
Clk1	0.000254754751599429	0.317955734193156	1	0.282	0.236	0.046
AW554918	0.000256914585771106	-0.239324997229482	1	0.256	0.274	0.018
Mecp2	0.000259431439183544	0.251854179607704	1	0.2	0.174	0.026
Heatr3	0.000263494962290997	0.409773623755687	1	0.184	0.149	0.035
Kndc1	0.000267834475155689	0.182873565869256	1	0.448	0.404	0.044
Ctdspl2	0.000268762574387423	0.405448899296501	1	0.109	0.088	0.021
Cdh19	0.00027109860898453	0.226594509494453	1	0.528	0.473	0.055
Ptbp2	0.000285771503767342	-0.170004248256235	1	0.155	0.171	0.016
Oxr1	0.000289545410795146	0.404767878247088	1	0.315	0.255	0.06
Reep3	0.000305416951464542	-0.138678742714594	1	0.143	0.139	0.00399999999999998
Ppp1cc	0.000310082450348985	0.146174959356404	1	0.287	0.272	0.015
Ubap2l	0.000310590723779127	0.435482460368808	1	0.153	0.117	0.036
Arid1b	0.000331278445382086	-0.149299004356132	1	0.299	0.308	0.00900000000000001
Ehmt1	0.000345060148699137	0.413276434545636	1	0.174	0.129	0.045
Srsf5	0.000351829368256895	-0.209959259745769	1	0.181	0.195	0.014
Rab40c	0.00035857338329065	0.237142037507503	1	0.428	0.394	0.034
Smc5	0.000387348770456447	0.581794909168227	1	0.152	0.112	0.04
Csmd1	0.000399367230330127	-0.787835490674928	1	0.086	0.145	0.059
Zfand5	0.00040985272538707	-0.413158465140498	1	0.117	0.15	0.033
Kcnip4	0.000413659445855752	-0.613262352397685	1	0.087	0.145	0.058
Ak3	0.000430373058786615	0.383474824384789	1	0.115	0.088	0.027
Lpgat1	0.000447470624718226	0.218785643445016	1	0.643	0.587	0.056
Pstpip2	0.000459981255894699	0.203467676080304	1	0.536	0.482	0.054
2210408I21Rik	0.00047646335567544	-0.310359543370848	1	0.122	0.135	0.013
Brd4	0.000483954032474473	0.396659692592957	1	0.251	0.196	0.055
Rtkn	0.000485642297766667	0.32956594573043	1	0.171	0.139	0.032
Gpm6b	0.000489069176891276	-0.215733617047545	1	0.78	0.82	0.0399999999999999
Cnot1	0.000504318056862988	0.365669866239636	1	0.188	0.153	0.035
Pias2	0.000507513939434848	0.739733224392778	1	0.109	0.067	0.042
Gapvd1	0.000513804728565403	-0.186260250065352	1	0.125	0.139	0.014
AU040320	0.000525529106812766	0.411792060242027	1	0.173	0.133	0.04
Nrxn1	0.000530477359565669	-0.649556344555394	1	0.158	0.237	0.079
Hnrnpa2b1	0.000541373924748092	0.141674982616069	1	0.326	0.303	0.023
Oga	0.00057173035079573	0.558097144756191	1	0.138	0.098	0.04
Vps8	0.000586276608208796	0.167044952001618	1	0.443	0.409	0.034
Otud7b	0.00061106545639777	0.118809538543911	1	0.692	0.639	0.0529999999999999
Cntln	0.000616038536045154	-0.104095521532599	1	0.138	0.138	0
Dnajc7	0.000633204687959053	0.405447132913726	1	0.167	0.129	0.038
Dnajc13	0.000638784425929729	-0.229810465928794	1	0.106	0.117	0.011
Senp7	0.000650719939469396	0.307234434564724	1	0.144	0.108	0.036
Ankhd1	0.00065338957618235	0.281870995342182	1	0.268	0.233	0.035
Birc6	0.000654787953229713	0.276677588920086	1	0.283	0.237	0.046
Depdc5	0.000678472629670604	-0.236845321516081	1	0.143	0.159	0.016
Sltm	0.000679226415136332	0.162524085326394	1	0.412	0.384	0.028
Lamp2	0.000690429262138936	0.317038285506073	1	0.194	0.164	0.03
Atf7	0.000701036095598626	0.221081975079346	1	0.279	0.249	0.03
Herc2	0.000709976836159925	0.101227238604863	1	0.186	0.158	0.028
Gnb1	0.000724268055438357	0.362363605914125	1	0.18	0.136	0.044
Eif4g3	0.000724727176125503	-0.301073562027083	1	0.121	0.14	0.019
N4bp2l2	0.000788927074177736	0.342235166639288	1	0.186	0.144	0.042
Dync1li1	0.000816702396032369	0.234501883707426	1	0.116	0.096	0.02
Ywhae	0.000838402130221855	0.4425948018571	1	0.124	0.089	0.035
Prkn	0.00085736827874456	-0.147205267672348	1	0.648	0.68	0.032
Irf2	0.000870991140045695	-0.490400746483687	1	0.142	0.178	0.036
Btaf1	0.000879546528505824	0.450967762970317	1	0.159	0.12	0.039
Schip1	0.000901760932104676	0.38031498737534	1	0.263	0.203	0.06
Zfp462	0.000970277009271434	-0.227922199795267	1	0.262	0.288	0.026
Nudcd3	0.00100344093077811	0.355990303865998	1	0.121	0.09	0.031
Rhou	0.00102237960699181	0.364771637539879	1	0.309	0.259	0.05
Uty	0.00107948529175953	0.879975483259376	1	0.116	0.054	0.062
Ttc14	0.00111618249108559	-0.129561596671278	1	0.114	0.127	0.013
Adcy5	0.00118079352560213	0.405557520036964	1	0.147	0.12	0.027
Rsf1	0.0012227036871735	0.299883306663607	1	0.251	0.212	0.039
Psmd1	0.00126103921409886	-0.355055586563893	1	0.093	0.109	0.016
Trps1	0.00132754304116526	0.345701740152012	1	0.281	0.228	0.053
Chm	0.00133361300132299	0.548396533128899	1	0.11	0.079	0.031
Prdx1	0.00139843543466989	-0.320881010485607	1	0.162	0.193	0.031
Rbfox1	0.00141498066934957	-0.663896157213405	1	0.088	0.144	0.056
Srgap2	0.00141589901568305	-0.164136661222095	1	0.142	0.147	0.005
Wwox	0.00142169153329543	-0.277754334432526	1	0.373	0.416	0.043
Rasa1	0.00142686095755259	0.162634622744642	1	0.1	0.079	0.021
Nsd3	0.00150728157498739	0.356533961213858	1	0.217	0.172	0.045
Celf2	0.0015309924581738	-0.551241905400512	1	0.11	0.168	0.058
Ncapd3	0.00158130707370873	0.539184000302177	1	0.101	0.075	0.026
Pcolce2	0.00160845225890936	0.456359567978825	1	0.17	0.133	0.037
Itsn2	0.0016486255099711	0.183454958250997	1	0.547	0.511	0.036
Ldah	0.00173836393224424	-0.297689116444653	1	0.106	0.115	0.00900000000000001
Tmod2	0.00177623293466845	0.207991143159277	1	0.49	0.451	0.039
Nufip2	0.00178023545124909	0.508614962029384	1	0.126	0.09	0.036
Lrrc4b	0.00178265054787677	-0.154467078768995	1	0.117	0.122	0.00499999999999999
Kcnk13	0.00181009507234907	-0.232204110211095	1	0.411	0.462	0.051
Hdac8	0.00181572729236482	-0.258460059297225	1	0.094	0.109	0.015
Sez6l2	0.00184181981107467	0.181162880094073	1	0.404	0.389	0.015
Wls	0.00200917005800301	-0.211395314941468	1	0.192	0.208	0.016
Srsf6	0.00205865211835808	0.304937122371684	1	0.105	0.088	0.017
Bckdhb	0.0021732613547006	0.372877233800061	1	0.135	0.111	0.024
Senp6	0.00232138553286858	0.286599925542558	1	0.187	0.151	0.036
Kif16b	0.00235504212402901	-0.302050580158986	1	0.226	0.263	0.037
Pde7a	0.00237043086868047	0.34424596239195	1	0.135	0.101	0.034
Smg1	0.00243666209720426	0.345462332690004	1	0.126	0.095	0.031
Tent4b	0.00246017263841649	0.255525259236655	1	0.167	0.138	0.029
Garem1	0.00255924188095839	0.551461275293879	1	0.116	0.083	0.033
Sh3tc2	0.00261821132484383	-0.207381822214006	1	0.195	0.205	0.00999999999999998
Zfp638	0.00282210372594343	0.128769841568956	1	0.589	0.571	0.018
Fto	0.00284991345347286	-0.177149958386504	1	0.413	0.436	0.023
Fam13b	0.00296233108714206	-0.272061014567303	1	0.257	0.289	0.032
Ntan1	0.00297837130726185	0.376411815527439	1	0.1	0.077	0.023
Sgce	0.00299883963431662	-0.307044817712249	1	0.124	0.146	0.022
Tmed10	0.00306637991483091	0.361291194982135	1	0.131	0.105	0.026
Ubxn7	0.00336750091795889	-0.247478913026663	1	0.103	0.109	0.00600000000000001
Rnpc3	0.00342046546798597	0.339326735875421	1	0.149	0.128	0.021
Wapl	0.00347130198980239	0.490648241561692	1	0.165	0.123	0.042
Pcbp2	0.00353755926991027	0.256184960973808	1	0.13	0.111	0.019
Asxl1	0.00359811677275959	0.116218308102955	1	0.143	0.122	0.021
Crebzf	0.00369953196852963	0.494351339862572	1	0.12	0.085	0.035
Nfatc3	0.00372798347514118	-0.251833667446532	1	0.161	0.177	0.016
Arhgap21	0.0039308960840605	-0.118719543830788	1	0.294	0.317	0.023
Hnrnpa3	0.00403110465149022	0.351362301618716	1	0.165	0.13	0.035
Xrcc6	0.00408398995693788	-0.302738700730856	1	0.174	0.206	0.032
Fam135a	0.00413792233179024	0.100337130782676	1	0.12	0.101	0.019
Fat1	0.00417112950601843	0.33494182596409	1	0.11	0.098	0.012
Gpatch2	0.00429013937950979	-0.229268372409622	1	0.098	0.108	0.01
Mical3	0.00440873330142984	-0.309323089428583	1	0.107	0.139	0.032
Tle1	0.00441670303312407	0.251597484763823	1	0.171	0.154	0.017
Sertad2	0.00456665830322383	0.398757797330167	1	0.117	0.089	0.028
Pdpk1	0.00463427006522797	-0.239752128593454	1	0.09	0.103	0.013
Srrm2	0.00463515804180944	0.195495220054127	1	0.279	0.238	0.041
Ufl1	0.00473190150805083	0.406735682072906	1	0.111	0.091	0.02
Ctnnd1	0.00482624605196248	-0.50876034083381	1	0.079	0.107	0.028
Pcyt2	0.00489154226324113	0.280948927565835	1	0.238	0.21	0.028
Mdm2	0.00498498458994949	0.290573978884659	1	0.166	0.141	0.025
Ctnnal1	0.00499828599859196	0.400413956447014	1	0.129	0.103	0.026
Lrch3	0.00506346343461074	0.150274416664987	1	0.387	0.367	0.02
Tbl1x	0.00509485889091961	0.374654706615728	1	0.194	0.148	0.046
Prpf39	0.00524010111582067	0.306379597503684	1	0.163	0.134	0.029
Stmn4	0.00536929781745215	-0.145352887149135	1	0.347	0.378	0.031
Pum2	0.00548814795781895	0.203877102709956	1	0.169	0.152	0.017
Pcdh11x	0.00554583099730008	0.293522950037987	1	0.243	0.206	0.037
Kcna1	0.00561674205397649	0.306513651591731	1	0.32	0.273	0.047
Magi1	0.00581151329446348	-0.179690430344302	1	0.532	0.572	0.0399999999999999
Insr	0.00587109604543956	0.14092064886852	1	0.28	0.266	0.014
Clcn5	0.00607252155759695	-0.307842501690206	1	0.113	0.13	0.017
Suco	0.00609350487688177	0.456532307868285	1	0.104	0.084	0.02
Riok3	0.00623199592297469	0.373337484939324	1	0.128	0.101	0.027
Ptprm	0.00641755869180229	0.200437705048326	1	0.141	0.132	0.00899999999999998
Immp2l	0.00656112558749873	-0.199838461575882	1	0.204	0.209	0.005
Zfp236	0.00661279143326096	0.442083382980534	1	0.102	0.077	0.025
Ugp2	0.00670022719092541	0.296296280810405	1	0.202	0.172	0.03
Tmem87a	0.00674198068402826	0.464458348664666	1	0.107	0.081	0.026
Wdr33	0.00677089014563562	0.272363732411939	1	0.211	0.177	0.034
Klf7	0.00678793778186443	-0.224496007730397	1	0.399	0.449	0.05
Srek1	0.00700906368379729	0.381535596034723	1	0.131	0.101	0.03
Zfp438	0.00705487151674276	0.393889064101233	1	0.162	0.13	0.032
Gpatch8	0.00731347412335466	0.116682553326178	1	0.507	0.464	0.043
Prdm5	0.00734463682618032	0.283309802199914	1	0.15	0.134	0.016
Vbp1	0.0074619826827156	-0.515201655265829	1	0.079	0.114	0.035
Emsy	0.00748640463058536	0.404650878748493	1	0.107	0.079	0.028
Dnm2	0.00765643382307694	0.311434496845904	1	0.268	0.228	0.04
Ago3	0.0081019807653225	0.224914879607768	1	0.329	0.282	0.047
Amy1	0.00816317745884105	0.481988968412858	1	0.173	0.135	0.038
Arfgef1	0.00818137016275691	0.388785797332328	1	0.117	0.094	0.023
Stx7	0.00825197984681456	0.444981438823497	1	0.105	0.084	0.021
Wdpcp	0.00859094409554124	0.173160130051387	1	0.173	0.165	0.00799999999999998
Hapstr1	0.00866945421184692	-0.209465555891404	1	0.119	0.128	0.00900000000000001
Usp48	0.00873691240838149	0.2246471443186	1	0.178	0.158	0.02
Rps6kb1	0.00875573915823049	0.234696614289943	1	0.158	0.13	0.028
Padi2	0.00883297780808325	0.159379702191282	1	0.153	0.136	0.017
Nipsnap2	0.00888641263225477	0.210615500832555	1	0.1	0.081	0.019
Arsg	0.00895435467093007	-0.170950062617435	1	0.377	0.413	0.036
Glt8d1	0.00900037809333275	0.426629103418525	1	0.123	0.097	0.026
Nlgn1	0.00902201537097615	-0.334179250541712	1	0.429	0.505	0.076
Etv1	0.00902546239995807	0.127683152209427	1	0.106	0.106	0
Cul1	0.00917255501675444	0.288425396829146	1	0.237	0.196	0.041
Srsf11	0.00925683960334468	0.331771524269854	1	0.168	0.13	0.038
Mgat3	0.00932530823783668	0.356843105673854	1	0.136	0.11	0.026
Rbm39	0.00937001406728982	0.147001220543417	1	0.512	0.469	0.043
Usp15	0.00968099203715878	0.22750204601018	1	0.255	0.208	0.047
Extl3	0.00971566628516108	-0.371176930009858	1	0.144	0.175	0.031
Nisch	0.00992876158834867	0.219544060987398	1	0.104	0.094	0.01
Mettl25	0.0100232883546522	0.443898594044942	1	0.142	0.11	0.032
Snrnp48	0.0103315170556925	0.229178303897938	1	0.203	0.181	0.022
Abhd17b	0.010332704154795	0.192949157410839	1	0.488	0.455	0.033
Relch	0.0104504561949084	0.385055135306972	1	0.278	0.23	0.048
Eri3	0.0106201405544373	-0.224137754480474	1	0.197	0.217	0.02
Ccnt1	0.0106446085551841	0.391715557490725	1	0.134	0.107	0.027
Dscaml1	0.0106649870970371	-0.228485057326612	1	0.713	0.737	0.024
Ints6l	0.0111312025881459	0.28442265714994	1	0.177	0.146	0.031
Galnt5	0.0111735094460842	-0.265915164566777	1	0.087	0.104	0.017
Rubcn	0.0111878150718324	0.414810470372978	1	0.118	0.095	0.023
Nsd1	0.011359571933888	0.214235792268145	1	0.352	0.307	0.045
Maml2	0.0115154232178751	0.356202303967518	1	0.113	0.092	0.021
Josd2	0.0115292715183377	0.132736663807124	1	0.316	0.282	0.034
Mcam	0.0116004759402685	-0.370604501234588	1	0.091	0.111	0.02
Frmd8	0.011607673234996	0.222500993681025	1	0.182	0.151	0.031
Trim35	0.0117078139850301	0.262271207433085	1	0.249	0.226	0.023
Atad2b	0.0118841507593175	0.171618859598209	1	0.34	0.309	0.031
Appbp2	0.0118955530353197	0.354596659210595	1	0.205	0.171	0.034
Dop1a	0.0120093375953491	0.213748804462524	1	0.153	0.126	0.027
Nav1	0.0121686035846489	0.399838397615881	1	0.331	0.264	0.067
Slc38a2	0.0123974773307059	0.158362238442316	1	0.312	0.295	0.017
Arih1	0.0125644667330602	0.189260438971692	1	0.367	0.312	0.055
Cacnb4	0.0128719734357513	0.213748423906242	1	0.159	0.14	0.019
Zfp182	0.0129223490185856	0.261473484404782	1	0.184	0.16	0.024
Glul	0.0132777356047635	-0.258336396216377	1	0.277	0.304	0.027
Bbs9	0.013482051039729	-0.164010252256944	1	0.157	0.171	0.014
Wwp1	0.0137600992443845	0.182448687867492	1	0.241	0.215	0.026
Xrn1	0.0138875895821554	-0.185430441374797	1	0.167	0.18	0.013
Pcdh9	0.0139842750022192	-0.147322320929709	1	1	1	0
Rptor	0.0140823338617804	-0.226544771566508	1	0.132	0.147	0.015
Vldlr	0.0145976608203249	-0.176388333556261	1	0.23	0.236	0.00599999999999998
Cyp2j12	0.0147982951123301	0.215938827812471	1	0.245	0.21	0.035
Ppm1b	0.0148141851446505	0.300403074558277	1	0.18	0.145	0.035
Tcf20	0.0149267824098488	-0.15607778000797	1	0.153	0.166	0.013
Hmg20a	0.0150397428278756	0.229204699840772	1	0.174	0.155	0.019
Klc1	0.0150651893833027	0.573783460921948	1	0.119	0.075	0.044
Tlk2	0.0151746237752932	-0.162784769254024	1	0.09	0.1	0.01
Slc8a1	0.015279454252178	-0.171556532848251	1	0.761	0.785	0.024
Agmo	0.0156914907100148	-0.210339731695809	1	0.224	0.247	0.023
Kiz	0.0157554441622266	-0.189123688410862	1	0.115	0.127	0.012
Raf1	0.0157665285260282	0.156660538097794	1	0.113	0.091	0.022
Atp9a	0.0158146563998139	-0.114676368681784	1	0.182	0.192	0.01
Dstyk	0.0159415737514484	-0.204504229562178	1	0.203	0.218	0.015
Kat2b	0.0164325659572482	0.180768668890577	1	0.362	0.335	0.027
Hnrnpdl	0.0167545508893746	0.192911752473834	1	0.246	0.219	0.027
Rsrc1	0.016873285195875	-0.152787884444755	1	0.321	0.344	0.023
Zmynd8	0.0170713965986387	0.154236363679335	1	0.295	0.26	0.035
Elmo1	0.0170762698198068	0.120374805960394	1	0.82	0.818	0.002
Slc25a12	0.0171760105648322	0.587879480943964	1	0.132	0.091	0.041
Cbfa2t2	0.0171829630673325	-0.221604488772296	1	0.099	0.104	0.00499999999999999
Fus	0.0171855264613264	-0.158330418018136	1	0.149	0.175	0.026
Cpsf6	0.0174453153325295	0.189686364523327	1	0.149	0.121	0.028
Fam120c	0.0176315060616186	0.462498187560804	1	0.14	0.102	0.038
Foxn2	0.017733824704884	0.500095276269968	1	0.142	0.111	0.031
Unc5b	0.0177386299613591	-0.283219057230428	1	0.128	0.149	0.021
Carns1	0.0179917952659355	0.199486037015323	1	0.203	0.173	0.03
Btrc	0.0180274516721211	0.336151398426097	1	0.167	0.135	0.032
Sap130	0.0182507599206973	0.220680858144283	1	0.117	0.106	0.011
Snx6	0.0186897986975151	-0.163478665899729	1	0.115	0.124	0.00899999999999999
Mkln1	0.0187075519404094	0.13501889713233	1	0.277	0.261	0.016
Zfp101	0.0190121469651489	0.285005447982176	1	0.139	0.114	0.025
Nipal4	0.0190128101273359	0.230375864825259	1	0.155	0.135	0.02
Ppp2r5e	0.0195071510433195	0.357806815330971	1	0.124	0.101	0.023
Tulp4	0.0201193035303542	0.109274843136797	1	0.691	0.674	0.0169999999999999
Ulk2	0.0202210793681704	-0.269633519832514	1	0.144	0.166	0.022
Dync1li2	0.0203954051177557	0.111606729837784	1	0.314	0.292	0.022
Glrb	0.0204221388381124	-0.24152670255329	1	0.139	0.157	0.018
Epb41l4a	0.0206078748168759	-0.261727551694095	1	0.117	0.139	0.022
Acss2	0.0212347451514792	0.283823837589611	1	0.102	0.082	0.02
Tmem234	0.0217981581107642	0.387280550128534	1	0.102	0.078	0.024
Dot1l	0.0224503800263852	0.357471236608205	1	0.158	0.125	0.033
Zfx	0.022451044443355	0.123123633927512	1	0.105	0.093	0.012
Ift43	0.0225281796042823	0.24407539746833	1	0.222	0.197	0.025
Ppip5k2	0.0233435043442021	0.238985662340736	1	0.208	0.183	0.025
Krit1	0.0234248092638446	0.186942051130338	1	0.211	0.192	0.019
Cachd1	0.0235386173131355	0.245749492593011	1	0.114	0.096	0.018
Mob3b	0.023786580192875	-0.31119489081391	1	0.316	0.353	0.037
Ptpdc1	0.0238523833426183	-0.168126064997112	1	0.151	0.156	0.005
Tab2	0.0239330268923583	0.27532760564523	1	0.185	0.154	0.031
Gpr37	0.0244882061713847	-0.226591662801514	1	0.224	0.252	0.028
Bace1	0.024505225832519	-0.112050418332234	1	0.113	0.114	0.001
Scaf8	0.024627261546115	0.325699761959967	1	0.176	0.151	0.025
Cept1	0.0251693063429221	0.212526007324805	1	0.2	0.172	0.028
Stxbp6	0.025214731515252	0.105737477844944	1	0.549	0.532	0.017
Map4k5	0.0259681163719598	0.146241929242101	1	0.436	0.404	0.032
Hnrnpm	0.0260193022565531	-0.177406904172509	1	0.165	0.179	0.014
Plekhh2	0.0260474419742138	-0.110148850024638	1	0.245	0.244	0.001
Osbp	0.0262503228382336	0.28405824639435	1	0.111	0.096	0.015
Fubp1	0.0262649087376467	0.196603307873812	1	0.168	0.139	0.029
Erbb3	0.0266125303710755	0.185659376962874	1	0.128	0.11	0.018
Cmip	0.0267116038974468	0.156874053195273	1	0.154	0.127	0.027
Zfp277	0.0270246590868067	0.178247206561574	1	0.111	0.092	0.019
Slc38a6	0.0271370152181462	0.283057443112143	1	0.142	0.118	0.024
Scaper	0.0272338034577656	0.127144732335254	1	0.251	0.241	0.01
Far1	0.0277367546990433	0.105848606069444	1	0.157	0.135	0.022
Adamtsl4	0.0279850930326754	0.202676766200492	1	0.164	0.142	0.022
Jam3	0.0290497660974411	0.136942879316601	1	0.369	0.348	0.021
Reep5	0.0299744007884625	0.238520594989101	1	0.127	0.108	0.019
Srcap	0.0303201317134427	0.254025268058198	1	0.135	0.117	0.018
Mlxip	0.0307479589131372	-0.381942777231151	1	0.082	0.104	0.022
Marf1	0.0308856990235194	0.247626357451786	1	0.14	0.123	0.017
Gtf2i	0.0310451847096873	0.175081251775866	1	0.212	0.185	0.027
Msantd2	0.0311281221688875	-0.143403719907026	1	0.097	0.106	0.00899999999999999
Dcaf6	0.0322955913871429	-0.107474686734704	1	0.168	0.17	0.002
Taldo1	0.0323662723745454	0.11384548342316	1	0.149	0.129	0.02
Armc8	0.0326702120782572	0.388397887711129	1	0.122	0.093	0.029
Ccnl2	0.0329228805274832	0.231223565883546	1	0.145	0.131	0.014
Bach2	0.0332961209169638	-0.189871747663323	1	0.303	0.331	0.028
Tpd52l2	0.0333698182752865	0.339985354421997	1	0.11	0.09	0.02
Slc1a3	0.0334902078948384	0.159043168665834	1	0.242	0.23	0.012
Aatk	0.03406404264304	0.103514920339746	1	0.614	0.585	0.029
Cxxc5	0.0340683074043483	-0.310460468267279	1	0.123	0.153	0.03
Lsm14a	0.0342060927842505	0.383202679109864	1	0.121	0.097	0.024
Rbbp4	0.0350779837049686	-0.204246223621753	1	0.094	0.102	0.00799999999999999
Smc3	0.0351160446416699	0.394848366589686	1	0.142	0.112	0.03
Gpr137c	0.0351637334120885	0.160835799031873	1	0.162	0.137	0.025
Ccnd3	0.0352646409042606	-0.322190219654938	1	0.088	0.112	0.024
Inpp5f	0.0355352788649664	0.108323239276389	1	0.451	0.437	0.014
Aim2	0.0357753009300463	-0.149381356627512	1	0.11	0.122	0.012
Brwd1	0.0357831360742154	0.256363207507421	1	0.26	0.216	0.044
Arid1a	0.035919902609147	0.27993679796591	1	0.171	0.144	0.027
Mthfs	0.0360896223094654	0.13471255521836	1	0.158	0.155	0.003
Abcg1	0.0367336509291678	0.228427965328024	1	0.166	0.141	0.025
Mark2	0.0372161997951165	0.294675476033108	1	0.154	0.12	0.034
Matr3	0.0376209117414974	0.248034862725221	1	0.19	0.156	0.034
Ppp3cc	0.0383209169135412	-0.229141651044908	1	0.088	0.1	0.012
Rab11fip4	0.0383456616883473	-0.228657889397613	1	0.097	0.108	0.011
Il1rap	0.0384122713397549	0.104782665827229	1	0.65	0.633	0.017
Atg10	0.0385137638266308	-0.142248923126122	1	0.118	0.129	0.011
Ecpas	0.0393174818995108	-0.270075529653285	1	0.098	0.12	0.022
Rbm6	0.0403619795179138	0.291807095914217	1	0.333	0.284	0.049
Cntn2	0.0404200739622156	0.124953141537623	1	0.485	0.451	0.034
Tmem132d	0.0404238054110906	0.150484562728313	1	0.29	0.253	0.037
Zfp266	0.0406179367688365	0.341050782473058	1	0.127	0.103	0.024
Ercc6l2	0.0409917682308648	0.456161955767861	1	0.131	0.096	0.035
Eps15	0.041162262983431	0.14934617942633	1	0.413	0.383	0.03
Synrg	0.0412805378102242	-0.104321478319767	1	0.147	0.152	0.005
Jmjd1c	0.0414429964547672	-0.199220979350818	1	0.24	0.267	0.027
Tbl1xr1	0.0417116997115608	0.150642462495149	1	0.276	0.253	0.023
Gpatch2l	0.0428966015282452	0.315361919090034	1	0.108	0.089	0.019
Nsd2	0.043010584001276	-0.253865127525725	1	0.108	0.124	0.016
Sgms1	0.0434002783537853	-0.378876709027581	1	0.114	0.147	0.033
Micu1	0.0440756873116874	-0.140318324454377	1	0.178	0.191	0.013
Uhrf2	0.0442043586357718	0.28800802144326	1	0.123	0.096	0.027
Tet3	0.0450787355418364	0.368368112849314	1	0.192	0.153	0.039
Rftn1	0.0451139937682866	-0.166159992699368	1	0.362	0.381	0.019
Tank	0.0452264688737413	-0.219500270083834	1	0.114	0.135	0.021
Pds5b	0.0453319126107676	-0.25896990196992	1	0.086	0.1	0.014
Dnajb2	0.0454174248761939	0.120206619201478	1	0.281	0.253	0.028
Csnk1a1	0.0455222970596629	0.197610594164483	1	0.226	0.189	0.037
Arrdc3	0.0456410044531432	0.250309547299064	1	0.303	0.275	0.028
Acin1	0.0459826433079581	0.282918571770151	1	0.143	0.116	0.027
Gtf2a1	0.0460289802838042	0.300721570117006	1	0.101	0.087	0.014
Rhoq	0.0461810295333889	0.332437158887854	1	0.106	0.086	0.02
Cdk13	0.0463294408385171	0.148733604680038	1	0.171	0.144	0.027
D7Ertd443e	0.0464992712254568	-0.111454623175505	1	0.747	0.767	0.02
Ino80d	0.0469982711325315	0.359107981139695	1	0.153	0.129	0.024
Gfra1	0.0474913986563486	-0.117532588325642	1	0.124	0.121	0.003
Myo18a	0.0476135827475613	0.105345835800829	1	0.357	0.33	0.027
Stxbp3	0.0491405552199343	0.132429341549584	1	0.336	0.323	0.013
Clip3	0.0499040745170501	0.213245236797002	1	0.102	0.087	0.015
Fbxl17	0.0511022288107645	0.141888397746505	1	0.212	0.188	0.024
Me2	0.0521385000656508	0.247567286402557	1	0.1	0.086	0.014
Gmds	0.0522183835712134	-0.202183578459371	1	0.166	0.183	0.017
Tra2b	0.052356518908758	0.333791174368962	1	0.146	0.122	0.024
Hectd1	0.0524254726713404	0.348581395905919	1	0.115	0.09	0.025
Polr3e	0.0530002066327574	0.392604407978393	1	0.118	0.096	0.022
Sec24b	0.0531984843618515	0.484544025363178	1	0.118	0.089	0.029
Ctif	0.054256135226841	-0.265393845461495	1	0.145	0.168	0.023
Babam2	0.0542634891712777	0.190994838061457	1	0.319	0.278	0.041
Rnf220	0.0543628508197848	-0.125215011472862	1	0.915	0.927	0.012
Stx6	0.0544246805746114	0.179201114341313	1	0.135	0.124	0.011
Sos1	0.0552379704391257	0.182756278135945	1	0.12	0.101	0.019
Pde1c	0.0566566422917291	-0.177336256944189	1	0.341	0.359	0.018
Hnrnpl	0.0568578868841936	0.195529878154487	1	0.128	0.117	0.011
Hnrnph3	0.0578429260031349	0.484609533278552	1	0.119	0.088	0.031
Mtmr2	0.0580152036813767	0.199708348900517	1	0.289	0.256	0.033
Usp47	0.0581261749084478	-0.242108331687226	1	0.103	0.117	0.014
Psme4	0.0584548973874287	0.238082664960582	1	0.19	0.162	0.028
Hapln2	0.0586577093084968	0.168132907055052	1	0.411	0.379	0.032
Lap3	0.0588751316260027	0.201044847404555	1	0.134	0.115	0.019
Atosa	0.058929114606076	0.1306521831865	1	0.159	0.139	0.02
Faf1	0.0589942422711999	0.165051987527595	1	0.17	0.147	0.023
Tln2	0.0594061288081417	0.264821631721792	1	0.187	0.152	0.035
Btbd8	0.0594486663947506	-0.208471051061197	1	0.23	0.247	0.017
Fcho2	0.0595273974594763	0.230769688416948	1	0.17	0.141	0.029
Slc6a6	0.060124881366428	0.286765367960567	1	0.168	0.145	0.023
Arhgef2	0.060276282728069	0.149612898372708	1	0.277	0.247	0.03
Nrd1	0.0604121299492193	0.176299650727613	1	0.28	0.255	0.025
Iqsec1	0.0609589623786679	-0.111485549847817	1	0.512	0.528	0.016
Micu3	0.0611888906149974	0.522248005371044	1	0.121	0.087	0.034
Zfc3h1	0.0613125984845273	0.512689868601608	1	0.112	0.078	0.034
Tubb4a	0.0613128233116158	-0.170749102499185	1	0.476	0.505	0.029
Pxk	0.0617551842306802	-0.177185067141333	1	0.131	0.141	0.00999999999999998
Lmbrd1	0.0623407671990558	0.409480025743002	1	0.134	0.101	0.033
Prkdc	0.0634540184190815	0.105462453981842	1	0.177	0.166	0.011
Pogk	0.0635861532836432	0.227439770447317	1	0.114	0.102	0.012
Adamts20	0.0638605957979162	-0.18691687404669	1	0.152	0.16	0.00800000000000001
Nhlrc2	0.0643561299920127	-0.135916994533393	1	0.095	0.103	0.00799999999999999
Efcab14	0.0665937304357491	0.10018774792943	1	0.285	0.255	0.03
Kctd13	0.0668770164220705	-0.143054776345101	1	0.245	0.266	0.021
Actn4	0.0683144716894133	0.254188990979703	1	0.211	0.185	0.026
Lzts2	0.0684077008171651	0.136752614683008	1	0.222	0.201	0.021
Thada	0.0687811901544479	0.245302469613745	1	0.18	0.153	0.027
Agtpbp1	0.0693242307364412	0.223913419461444	1	0.241	0.201	0.04
Thsd7a	0.0701380359409794	0.280104013881072	1	0.213	0.187	0.026
Bltp1	0.0705404460399363	0.202466102879579	1	0.189	0.17	0.019
Fnip1	0.0706434097828991	0.178551167939704	1	0.289	0.259	0.03
Ino80	0.0712290607030971	-0.131140933093013	1	0.124	0.133	0.00900000000000001
Dach2	0.0720809028520092	0.263479951274907	1	0.102	0.089	0.013
Phactr2	0.0734464924162129	-0.162565099187689	1	0.141	0.151	0.01
Plod1	0.0740694080702151	0.171882544349783	1	0.118	0.106	0.012
Prpsap1	0.0741219023358986	0.160544284392879	1	0.102	0.091	0.011
Kcnq3	0.0745309101449648	-0.121583450072706	1	0.814	0.831	0.017
Pde4dip	0.0750899420514546	0.385597830839572	1	0.177	0.133	0.044
Cnp	0.0751755356151532	-0.227535310711567	1	0.229	0.25	0.021
Gtf3c2	0.0757505677984048	0.250162265880487	1	0.146	0.129	0.017
Mia2	0.076328841002398	0.316202809665546	1	0.122	0.103	0.019
Zswim6	0.0765956258138144	0.146672301009245	1	0.274	0.247	0.027
Cradd	0.0767460101486347	-0.288117616880334	1	0.108	0.123	0.015
Xiap	0.0771094196161683	0.262376730396595	1	0.139	0.115	0.024
Gbf1	0.0785549527053535	0.227641794347611	1	0.213	0.18	0.033
Tial1	0.0786544007302388	-0.160318171025447	1	0.151	0.163	0.012
Ppp1r12a	0.0792200804949974	0.275537622605263	1	0.265	0.227	0.038
Scaf11	0.080313774719349	-0.147711475292059	1	0.163	0.17	0.00700000000000001
Trpm7	0.0803956981083305	0.177811814556543	1	0.307	0.277	0.03
Klf13	0.0812464044300824	0.165250137157201	1	0.324	0.291	0.033
Snx15	0.0815702135514021	0.210573939380956	1	0.15	0.128	0.022
Dcaf8	0.0823671862302973	-0.15637584523738	1	0.126	0.139	0.013
Ralgapb	0.0824520367230417	0.341425809801409	1	0.113	0.089	0.024
Armh3	0.0828802057967757	0.321262715651109	1	0.17	0.14	0.03
Cobl	0.0830318148181155	-0.139564265231865	1	0.255	0.272	0.017
Arih2	0.0856830295640531	0.194500008923529	1	0.11	0.09	0.02
Fam172a	0.0870457156306564	0.110185769844993	1	0.457	0.428	0.029
Mysm1	0.0873186485260254	0.176240909521274	1	0.127	0.114	0.013
Fam168a	0.0873883538874864	0.103720969864745	1	0.292	0.263	0.029
Lrmda	0.0874097700427238	-0.186575336872909	1	0.384	0.41	0.026
Zfp445	0.0876379547512938	0.31097549660353	1	0.219	0.177	0.042
Tmem135	0.0876768182351714	0.116995737801902	1	0.196	0.171	0.025
Dmxl1	0.088002551705121	0.178349955561094	1	0.274	0.238	0.036
Zfp276	0.0881377238727287	0.144840271545803	1	0.103	0.087	0.016
Cobll1	0.0892884520387991	0.110683188779197	1	0.466	0.433	0.033
Pcbp4	0.0894821052647423	0.161925536937105	1	0.204	0.182	0.022
Abhd5	0.0897210501245203	0.134507378235555	1	0.104	0.094	0.01
Exoc4	0.0908242538965859	0.108817042104032	1	0.478	0.458	0.02
Megf9	0.0919847721835406	0.500457411668093	1	0.103	0.074	0.029
Fbxo21	0.0922149204085752	0.302027582001763	1	0.118	0.099	0.019
Arpc1a	0.0924075439073211	0.415641890892361	1	0.115	0.09	0.025
Elf1	0.0925231414452813	0.10301972000539	1	0.181	0.164	0.017
Kirrel3	0.0935046956311782	-0.145421470304943	1	0.465	0.488	0.023
Nrf1	0.093621194424365	-0.198723355988529	1	0.139	0.151	0.012
Kdm4c	0.0942177859703652	0.161478205355194	1	0.12	0.101	0.019
Cd81	0.0942793301493126	-0.223183060227729	1	0.141	0.153	0.012
Clock	0.0947808678683823	0.252570514967478	1	0.253	0.215	0.038
Ube2b	0.0958338356923868	0.402237963175	1	0.179	0.14	0.039
Ddx46	0.0961694826823909	0.385799743618365	1	0.112	0.088	0.024
Med27	0.0962415559548593	-0.200471152235266	1	0.123	0.135	0.012
Fnbp4	0.0964583076319095	0.341873019808504	1	0.116	0.091	0.025
Ddx17	0.0967171206932973	0.134814729688346	1	0.555	0.525	0.03
Nfe2l3	0.096939057527317	0.156995853023697	1	0.277	0.253	0.024
Ralgds	0.0975956109503441	0.298378732977187	1	0.102	0.082	0.02
Parg	0.0981973586237223	0.317028584574851	1	0.218	0.183	0.035
Usp37	0.0984818539011866	0.268797818188301	1	0.116	0.094	0.022
Gatm	0.098832828454101	-0.108811480972054	1	0.627	0.645	0.018
Kmt5a	0.0988330859237768	0.191792678747941	1	0.106	0.1	0.00599999999999999
Olig1	0.100909076821056	-0.304059341056999	1	0.097	0.107	0.01
Adamts2	0.101677691630497	0.145138542472672	1	0.171	0.147	0.024
Crppa	0.102602443795031	-0.113964004427954	1	0.331	0.346	0.015
Cldn14	0.103059696043322	0.267715261917344	1	0.159	0.125	0.034
Gabpb2	0.103118139823934	0.294506873772916	1	0.124	0.104	0.02
Pkm	0.103486503155684	0.308081797127823	1	0.108	0.089	0.019
Mettl7a1	0.103769421069749	0.164642950087227	1	0.2	0.188	0.012
Cpm	0.105857052835941	0.16304507358	1	0.229	0.204	0.025
Ppp1r21	0.105931153993471	-0.151826989625516	1	0.326	0.336	0.01
Zfp609	0.107117144996412	0.173720997688034	1	0.219	0.196	0.023
Glod4	0.108173327587363	0.236791409642842	1	0.118	0.103	0.015
Paqr8	0.110074238627625	0.145172407027298	1	0.132	0.113	0.019
Rprd2	0.110134121930691	0.183472565940585	1	0.123	0.107	0.016
H2aj	0.110165721894641	0.270844495583304	1	0.131	0.116	0.015
Tbc1d22b	0.110434025455567	0.22760970963688	1	0.109	0.098	0.011
Psd3	0.111444936115517	0.271925412841418	1	0.35	0.291	0.059
Trip11	0.112358818239547	0.228041635168736	1	0.255	0.228	0.027
Prickle1	0.112972157569265	-0.11695542920291	1	0.226	0.236	0.00999999999999998
Ptpn11	0.114865315865509	0.119626704293033	1	0.278	0.244	0.034
Igf1r	0.114948878783801	-0.159767604813195	1	0.372	0.395	0.023
Csrp1	0.118515387767604	0.141142305200843	1	0.383	0.361	0.022
Ibtk	0.118740025072225	-0.224199896810253	1	0.109	0.118	0.00899999999999999
Camkmt	0.121136945544034	-0.154136071544844	1	0.289	0.302	0.013
Snapc3	0.121983038604939	0.320262803048789	1	0.118	0.096	0.022
Dcp1b	0.122509193552116	0.169487295918682	1	0.128	0.112	0.016
Orc3	0.12425043637545	0.453320298490529	1	0.114	0.086	0.028
Rint1	0.124420583326784	0.11555561003556	1	0.108	0.096	0.012
Zzef1	0.125178827531402	0.147846679534809	1	0.175	0.155	0.02
Prr14l	0.126427966237727	-0.152589183790945	1	0.165	0.166	0.001
Fbxo11	0.127036038722372	0.231829041901238	1	0.205	0.174	0.031
Sypl	0.12875156987967	-0.189066726001521	1	0.166	0.183	0.017
Invs	0.128902943545231	0.289423340875286	1	0.155	0.131	0.024
Lrig2	0.131499910987072	-0.155784177676282	1	0.166	0.177	0.011
Otud4	0.131901538055895	0.129210517354413	1	0.115	0.099	0.016
Mbd5	0.13250058342061	0.150504007632485	1	0.26	0.225	0.035
Il18	0.132696918218376	0.162025254501456	1	0.287	0.255	0.032
Taf3	0.1333306318398	0.298585645054223	1	0.137	0.11	0.027
Soga3	0.135903954801625	0.298146438692293	1	0.157	0.13	0.027
Rtkn2	0.136683479864495	-0.172028178290107	1	0.172	0.191	0.019
Papola	0.136907991046672	0.205931709503401	1	0.13	0.107	0.023
Tbc1d22a	0.137600167136438	-0.336542751295531	1	0.104	0.122	0.018
Ttc28	0.138347708926839	-0.105627898496948	1	0.132	0.136	0.004
Ubn1	0.138388783332676	0.381361089737792	1	0.158	0.121	0.037
Prrc2c	0.13851047561065	0.149403071993591	1	0.275	0.242	0.033
Cdkal1	0.139470208435873	0.142859730569191	1	0.284	0.266	0.018
Pik3ca	0.139487955105294	0.175565017510644	1	0.121	0.106	0.015
Abtb2	0.14000407223981	-0.100986043087757	1	0.178	0.187	0.00900000000000001
Mad1l1	0.141262220427832	0.146990897696411	1	0.197	0.175	0.022
Mtus1	0.141998066575238	-0.18848880598811	1	0.221	0.243	0.022
Gse1	0.144127552812837	0.228297097696356	1	0.193	0.174	0.019
Rgma	0.145190002547306	0.153781749945128	1	0.139	0.129	0.01
Ubac2	0.145791230010705	0.244460702945983	1	0.134	0.112	0.022
1110059E24Rik	0.14745230667637	0.152035458372522	1	0.137	0.128	0.00900000000000001
Acot7	0.148241382652158	0.129477142487177	1	0.181	0.163	0.018
Arnt2	0.148629114300485	-0.204953470257641	1	0.338	0.369	0.031
Safb2	0.148636848559762	0.124049082001821	1	0.132	0.117	0.015
Adam19	0.148998532835009	-0.136698864900956	1	0.191	0.195	0.004
Tnpo3	0.151856175483017	0.344094941308131	1	0.103	0.077	0.026
Pcca	0.152121034845784	0.252128846441148	1	0.166	0.133	0.033
Tesk2	0.153201524899753	0.157349056612664	1	0.257	0.228	0.029
Lrrc28	0.15339753384069	-0.110533849665438	1	0.211	0.212	0.001
Soga1	0.156252840892191	0.12353141734125	1	0.16	0.147	0.013
Cdc42se2	0.157713314006325	-0.165191419351297	1	0.316	0.333	0.017
Mettl15	0.157831316296523	-0.106358445409064	1	0.168	0.171	0.003
Chd2	0.158166606350745	-0.177665782336163	1	0.102	0.111	0.00900000000000001
Xpa	0.159597561010794	-0.19130483374876	1	0.134	0.142	0.00799999999999998
Cntrl	0.159949945878776	-0.124311813566553	1	0.135	0.137	0.002
Chst8	0.160691993079225	-0.175000793682961	1	0.11	0.11	0
Spata13	0.160775170254387	-0.123627851484328	1	0.122	0.121	0.001
Sp4	0.163569637247855	-0.1626725162617	1	0.176	0.187	0.011
Cfdp1	0.164944020164232	0.171051908401657	1	0.122	0.105	0.017
Cdk12	0.165022821257356	0.231385720570946	1	0.265	0.233	0.032
Acsl3	0.166059480181952	-0.114367399725618	1	0.164	0.165	0.001
Selenop	0.16617969694353	-0.195775656745658	1	0.123	0.135	0.012
Naa15	0.167461533560234	0.123852227287321	1	0.102	0.089	0.013
Phactr3	0.167634477612834	0.155895884470159	1	0.186	0.17	0.016
Med13	0.16812687597163	0.124275727069655	1	0.101	0.089	0.012
Traf6	0.168688457073261	0.200675210988732	1	0.101	0.086	0.015
Numb	0.1693623591918	0.253861196372676	1	0.154	0.134	0.02
Dusp11	0.169743299665541	-0.226966729888214	1	0.195	0.215	0.02
Abca8a	0.170098425001129	0.151453209699075	1	0.388	0.366	0.022
Fer	0.170158355406834	0.226698839965357	1	0.133	0.11	0.023
Tmtc2	0.170172073814831	-0.119535469153186	1	0.622	0.647	0.025
Tcerg1	0.17083968687315	0.219032654477555	1	0.116	0.099	0.017
Fgf1	0.171960072429332	0.258131232606086	1	0.115	0.098	0.017
Zfp207	0.17198948175913	0.246912845521559	1	0.109	0.089	0.02
Fggy	0.173689943222972	0.165634600554201	1	0.208	0.195	0.013
Lrrc4c	0.174213581224274	-0.117444493858256	1	0.835	0.838	0.003
Cpd	0.174324188580391	-0.137513079061158	1	0.34	0.355	0.015
Diaph2	0.174704672757273	-0.148114294373161	1	0.111	0.121	0.01
Acox1	0.175188852075306	0.209382796449706	1	0.19	0.174	0.016
Wipi1	0.176444112742386	0.196324343379112	1	0.186	0.165	0.021
Creb1	0.177855256891285	0.141977536948185	1	0.217	0.202	0.015
Tafa5	0.17915517270826	0.22000231204586	1	0.299	0.267	0.032
Sptlc2	0.180108716449293	0.217602507613899	1	0.162	0.144	0.018
Enox2	0.180239426684586	-0.164068538704681	1	0.223	0.236	0.013
Pip4k2a	0.181404002536519	0.121838611576648	1	0.656	0.624	0.032
Tsc22d2	0.182513384669578	0.173403145107908	1	0.135	0.118	0.017
Elavl1	0.183135617472969	0.153021736207869	1	0.132	0.124	0.00800000000000001
Gria4	0.186058331763306	0.123124172041782	1	0.179	0.175	0.004
Mbnl1	0.188239345049485	-0.106244108465817	1	0.491	0.495	0.004
Heg1	0.1897078872191	0.167382857254895	1	0.365	0.341	0.024
Zcchc24	0.189713494623391	0.152772903299458	1	0.154	0.142	0.012
Tmbim1	0.189817379543181	0.166942146076696	1	0.193	0.183	0.01
Rapgef1	0.190804795749399	-0.240089517545181	1	0.099	0.113	0.014
Usp32	0.191719088469088	0.12803282637745	1	0.148	0.131	0.017
Arhgap31	0.193953203474015	-0.148152966299611	1	0.099	0.104	0.00499999999999999
Smurf2	0.194058803032351	0.168098616077295	1	0.202	0.18	0.022
Klf9	0.194590229774187	0.369185563590685	1	0.11	0.094	0.016
Prpf40a	0.194644897420295	0.166675067532186	1	0.181	0.158	0.023
Ippk	0.195597032081166	0.264610561649424	1	0.108	0.09	0.018
Kmt5b	0.198067360358689	0.180335026802932	1	0.213	0.187	0.026
Fndc3a	0.19897157471979	0.103305068263111	1	0.103	0.091	0.012
Lifr	0.200569374344228	0.143515813450956	1	0.134	0.122	0.012
Snx1	0.201789581865718	0.176229822404496	1	0.248	0.23	0.018
Map6d1	0.206244530860934	-0.160328209049175	1	0.103	0.109	0.00600000000000001
Msl2	0.206326852065082	-0.297010350747919	1	0.088	0.108	0.02
St3gal3	0.210073683708529	0.112727346222297	1	0.328	0.298	0.03
Stim1	0.211778081597713	0.158342520619916	1	0.155	0.143	0.012
Gspt1	0.214010277994107	0.446506996662526	1	0.101	0.076	0.025
Ubash3b	0.214895963427776	-0.141685658119166	1	0.438	0.461	0.023
Rasal1	0.216331420550525	0.285375889098724	1	0.11	0.098	0.012
Dock3	0.218553201125908	-0.173612063731982	1	0.229	0.244	0.015
Dcaf17	0.223082750831681	-0.165577657218162	1	0.151	0.158	0.00700000000000001
Rrbp1	0.224074630610143	0.202512516810754	1	0.158	0.139	0.019
Thoc2l	0.225011942946392	0.512897631518276	1	0.126	0.093	0.033
Acaa1a	0.225124179363064	-0.116895487140613	1	0.113	0.117	0.004
Zbtb16	0.226726776664689	-0.300153764907797	1	0.137	0.156	0.019
U2af1	0.227959886232715	0.173520340391573	1	0.1	0.084	0.016
Mau2	0.229135799080724	-0.121066608191857	1	0.13	0.137	0.00700000000000001
Mon2	0.23090083302457	0.187386280329649	1	0.205	0.179	0.026
Cyld	0.233901151728622	0.235988196225554	1	0.179	0.158	0.021
Myh14	0.235195800127796	-0.210548748467128	1	0.111	0.127	0.016
Bnip3l	0.237067138040021	-0.135084159468442	1	0.136	0.142	0.00599999999999998
Ppp1r12b	0.237174031141904	0.319299444855441	1	0.107	0.088	0.019
Nrbp2	0.237303596172974	0.109112942696123	1	0.477	0.443	0.034
Anapc5	0.237794078699708	0.311978253130096	1	0.105	0.084	0.021
Dusp16	0.238223469259361	-0.233756921934785	1	0.293	0.327	0.034
Mfn1	0.240720647378945	0.222283085889856	1	0.195	0.165	0.03
Ddr1	0.242646499661364	0.140752767928648	1	0.404	0.383	0.021
Trim44	0.242883819460117	0.28940226582616	1	0.175	0.144	0.031
Ermn	0.24385947205313	-0.123279242020203	1	0.338	0.36	0.022
Skap2	0.245531691074273	-0.153506276183779	1	0.239	0.26	0.021
Tmc7	0.245957315607139	-0.183431645813712	1	0.148	0.162	0.014
Rttn	0.246147885951836	0.1702251001883	1	0.122	0.108	0.014
Cox16	0.247697099856643	0.174457062253536	1	0.301	0.272	0.029
Cdk5rap2	0.253659506705559	-0.1302585774656	1	0.292	0.311	0.019
Gsk3b	0.254089429491731	0.275458855704074	1	0.12	0.102	0.018
Rassf2	0.255392660668676	-0.122512097874569	1	0.231	0.251	0.02
Fbxl5	0.255956994587928	0.120144180532253	1	0.308	0.292	0.016
Gak	0.257217429299136	0.131559999659588	1	0.1	0.087	0.013
Ddx6	0.261953375814411	0.190361703741333	1	0.12	0.106	0.014
Asah2	0.262919978362571	-0.166086639797863	1	0.14	0.155	0.015
Klf3	0.264863492162435	-0.173926679847281	1	0.123	0.125	0.002
Rsrc2	0.265965869407692	-0.149233433797283	1	0.104	0.107	0.003
Zmym4	0.266210347664045	0.237334086100105	1	0.155	0.131	0.024
Capn15	0.268230630930665	0.112238209188703	1	0.131	0.124	0.00700000000000001
Zfp771	0.268683820363347	0.147309698477824	1	0.125	0.12	0.005
Rif1	0.269298531174583	0.174428011198868	1	0.261	0.235	0.026
Prex1	0.270970146799751	-0.262144121418099	1	0.119	0.14	0.021
Asb3	0.277654544781083	0.219695009134142	1	0.144	0.129	0.015
Bche	0.279797402026306	-0.118840147268269	1	0.114	0.124	0.01
P2rx4	0.28035535130182	-0.314354739156033	1	0.089	0.106	0.017
Larp6	0.280902295333379	-0.138335030420971	1	0.176	0.186	0.01
Pgap2	0.281957923511848	0.122969872544803	1	0.144	0.134	0.00999999999999998
Spag9	0.28374249205319	0.138770086189747	1	0.374	0.345	0.029
Paip2	0.286781796695685	0.122714296221903	1	0.293	0.277	0.016
Pcdh15	0.286878816460003	0.266443501233158	1	0.114	0.098	0.016
Kdm5a	0.288868919599304	0.112323277641118	1	0.103	0.093	0.01
Wdfy3	0.289729725124427	0.150464181743837	1	0.255	0.226	0.029
Tdrd3	0.290511545925031	0.328313168946258	1	0.134	0.111	0.023
Aven	0.296523821362675	0.210123815154644	1	0.126	0.105	0.021
9930021J03Rik	0.297522727906634	-0.181469056687412	1	0.149	0.158	0.00900000000000001
Cstf3	0.297686411642167	-0.112263740138339	1	0.102	0.101	0.000999999999999987
Unk	0.29805535247932	0.255291927771511	1	0.108	0.094	0.014
Mapre2	0.29805742960166	-0.224804541492891	1	0.37	0.398	0.028
Tns3	0.299078146291887	-0.100886339197366	1	0.234	0.247	0.013
Phactr4	0.301694924255106	0.168818302774308	1	0.216	0.197	0.019
Krcc1	0.303527179705265	0.237213565331522	1	0.105	0.092	0.013
Lsamp	0.306409232199706	-0.207093575534876	1	0.294	0.361	0.067
Xpo4	0.309916616456635	0.148334823537498	1	0.105	0.093	0.012
Cadm1	0.310905055208079	-0.165260684259239	1	0.166	0.187	0.021
Pik3c2a	0.312349478881217	0.119752870953082	1	0.126	0.12	0.00600000000000001
Smg7	0.31630174477826	0.218167733394865	1	0.111	0.091	0.02
Pikfyve	0.319873633899914	0.367216940895325	1	0.112	0.092	0.02
Rb1cc1	0.322861223047857	0.142179154873325	1	0.125	0.108	0.017
U2surp	0.323685240528957	0.17904136626703	1	0.171	0.161	0.01
Dmtf1	0.329591230218767	-0.102186137565451	1	0.119	0.13	0.011
Cilk1	0.329621831569519	-0.150950232429003	1	0.247	0.27	0.023
Rcan2	0.329867802744096	0.279971656480653	1	0.321	0.291	0.03
Kdm3a	0.333733743187616	0.265116499495908	1	0.109	0.09	0.019
Ppp4r3b	0.335798959494617	-0.116209842710525	1	0.101	0.106	0.00499999999999999
Tmem98	0.342686052068959	-0.200250433742074	1	0.108	0.117	0.00900000000000001
Aopep	0.343026605160922	0.100134992380422	1	0.387	0.374	0.013
Sox8	0.343208405687443	0.127175831554403	1	0.128	0.119	0.00900000000000001
Zfp280d	0.343289991565794	0.159513464782168	1	0.345	0.314	0.031
Fut8	0.34603875246487	0.154675870716346	1	0.166	0.15	0.016
Tbc1d23	0.348551803526751	-0.144822290752634	1	0.118	0.124	0.00600000000000001
Synpr	0.34941023230199	-0.152117570021693	1	0.142	0.155	0.013
Ptgds	0.34945472677552	-0.15927037063511	1	0.469	0.494	0.025
Shprh	0.352033226176853	0.247187978059717	1	0.109	0.089	0.02
Dennd5b	0.35713510199085	0.121691907799175	1	0.187	0.164	0.023
Ell2	0.362343944054011	0.132890507479775	1	0.194	0.177	0.017
Phip	0.362370362551963	0.162044752460854	1	0.279	0.255	0.024
Hhip	0.367720988213549	-0.111713983950558	1	0.178	0.182	0.004
Cdin1	0.367924186827892	0.168212493058814	1	0.173	0.162	0.011
Kcnj10	0.370670231889248	-0.103836748400781	1	0.173	0.18	0.00700000000000001
Cdip1	0.370888730729106	0.198472820941645	1	0.213	0.185	0.028
Efhd1	0.372350831803918	0.184586768093116	1	0.112	0.097	0.015
Senp2	0.373917808628891	0.145130414404412	1	0.134	0.122	0.012
Auh	0.375878161771627	0.178327811032722	1	0.103	0.089	0.014
Zmat1	0.377286446808429	0.138177838238954	1	0.183	0.166	0.017
Plekhm2	0.378432107106218	-0.235498937031642	1	0.105	0.12	0.015
Tmem151a	0.379929756832555	0.134025136113194	1	0.321	0.298	0.023
Lrrn1	0.388697798625286	0.117392806133322	1	0.237	0.223	0.014
Ncoa6	0.390578951417761	0.156820270889207	1	0.236	0.214	0.022
Nectin1	0.398620775048332	-0.207602333948637	1	0.121	0.132	0.011
Kif1a	0.401895062789906	0.129422249498531	1	0.134	0.119	0.015
Hnrnpr	0.404997440027338	0.214713256476463	1	0.13	0.114	0.016
Map2k5	0.405173005937285	0.110915641043405	1	0.314	0.295	0.019
Kctd3	0.406103487447357	0.121841927775017	1	0.39	0.373	0.017
Dpy19l1	0.408111617222961	-0.103559031495468	1	0.402	0.418	0.016
Trappc9	0.408912381484703	-0.100838123098593	1	0.115	0.122	0.00699999999999999
Rtn3	0.408997616460672	-0.144672143299964	1	0.097	0.107	0.01
Trappc8	0.411016099329115	0.134549077189123	1	0.129	0.113	0.016
Cdkl5	0.413827925455552	0.33511164309673	1	0.144	0.112	0.032
Car14	0.41465307730166	-0.153342913814217	1	0.101	0.113	0.012
Xpo6	0.41879230287868	0.195331632985612	1	0.143	0.123	0.02
Cldn11	0.419228687332401	0.155644773436908	1	0.459	0.417	0.042
Rufy3	0.419548811474105	0.126343737278615	1	0.146	0.126	0.02
Phc1	0.419821514487805	0.129325975280863	1	0.104	0.095	0.00899999999999999
Cerk	0.420840863068836	0.134316687505336	1	0.225	0.21	0.015
Ewsr1	0.421947098894379	-0.13520555777242	1	0.121	0.131	0.01
Ctnna1	0.422406902799044	0.3306096169856	1	0.152	0.127	0.025
Fam193a	0.422415810003686	0.273996620345932	1	0.204	0.176	0.028
Phf20	0.422582722496431	0.156168968018241	1	0.197	0.184	0.013
Matn4	0.425839514808275	-0.173634249124858	1	0.094	0.102	0.00799999999999999
Vapa	0.427105285537943	0.114759703799469	1	0.11	0.101	0.00899999999999999
Ubc	0.430461833838202	-0.259102125396889	1	0.102	0.113	0.011
Ankrd11	0.431821710241089	0.134714925598244	1	0.161	0.146	0.015
Dbndd2	0.431862963075882	0.106357078312079	1	0.283	0.264	0.019
Zfp740	0.432111624786369	-0.101089678779043	1	0.15	0.152	0.002
Phactr1	0.438249024595961	-0.161548820908394	1	0.427	0.464	0.037
Igsf11	0.439512707378781	-0.130064537422859	1	0.305	0.331	0.026
Tpd52	0.441150897298248	-0.115032262989878	1	0.133	0.146	0.013
Cop1	0.442677422076047	0.126063051315924	1	0.176	0.162	0.014
Ccnt2	0.443358645341247	0.211103270136123	1	0.122	0.104	0.018
Akap10	0.446899722652901	0.245515106280791	1	0.146	0.129	0.017
Ubr3	0.446907247504373	0.110108850297098	1	0.211	0.197	0.014
Chd4	0.449236962602899	0.141629606162821	1	0.102	0.096	0.00599999999999999
Micu2	0.449497646512789	0.199652136267361	1	0.188	0.169	0.019
Thrap3	0.450789480385673	0.189165344757599	1	0.12	0.104	0.016
Kdm5c	0.453785251007454	-0.195530413539085	1	0.104	0.116	0.012
Slc38a9	0.457002428470444	0.143325669534193	1	0.153	0.142	0.011
Xpo7	0.458218467138358	-0.166734140735867	1	0.129	0.138	0.00900000000000001
Psen1	0.459150359885472	-0.229883170021021	1	0.136	0.149	0.013
Stard13	0.460695280314088	0.134871732747347	1	0.515	0.473	0.042
Atxn2	0.462521843979647	-0.120065301683055	1	0.206	0.215	0.00900000000000001
Plekha5	0.463854511136897	0.381988900132356	1	0.205	0.161	0.044
Cnot10	0.465993021552154	-0.157472934703561	1	0.128	0.136	0.00800000000000001
S100b	0.466302037270696	-0.230386236885248	1	0.089	0.104	0.015
Dusp15	0.467958503606708	0.107583324037114	1	0.173	0.166	0.00699999999999998
Epb41l3	0.472180687918274	0.120697724429862	1	0.479	0.454	0.025
Il1rapl1	0.473281303295988	-0.239882575885162	1	0.589	0.644	0.055
Cttnbp2	0.474641122170286	0.138788509426919	1	0.346	0.314	0.032
Pds5a	0.474945725007549	0.201260946205036	1	0.189	0.162	0.027
Slc8a3	0.475991453911177	0.24256441709239	1	0.222	0.197	0.025
Gosr1	0.478708621218474	-0.190478204953838	1	0.1	0.111	0.011
Ube2k	0.480089728278344	0.110496047209446	1	0.115	0.106	0.00900000000000001
Clic4	0.482236556614125	-0.147858558519473	1	0.341	0.366	0.025
Itfg1	0.489074810409861	0.112684760544885	1	0.162	0.151	0.011
Bicd1	0.491276414771973	0.114668191832671	1	0.268	0.237	0.031
Sorbs3	0.496665377591422	-0.103504239595108	1	0.112	0.12	0.00799999999999999
Rybp	0.497842514858764	-0.161659581457063	1	0.246	0.267	0.021
Phc2	0.500542625663737	0.155682015217584	1	0.115	0.103	0.012
Qrich1	0.500732595727255	0.330238920938305	1	0.116	0.093	0.023
Pou2f1	0.500808713460148	0.216318158669939	1	0.105	0.084	0.021
Pak2	0.502859712663185	-0.17131607380963	1	0.162	0.177	0.015
Snx2	0.504706517884493	0.280021527278654	1	0.119	0.097	0.022
Glg1	0.505356650234634	0.110967939492159	1	0.11	0.101	0.00899999999999999
Grik4	0.506818963906647	0.275949413673632	1	0.142	0.127	0.015
Dcc	0.506961048285195	-0.162659543400444	1	0.385	0.393	0.00800000000000001
Tbck	0.50916681112059	0.325318895640538	1	0.134	0.112	0.022
Msh3	0.512552810345469	-0.107235612716388	1	0.12	0.125	0.005
Cnot4	0.516279200413172	-0.101468808297387	1	0.199	0.205	0.00599999999999998
Nsmce2	0.517517508839794	-0.152989779846346	1	0.295	0.311	0.016
Rlf	0.520595015139036	0.308781183424253	1	0.142	0.114	0.028
Pnn	0.525590542368115	0.428877365948827	1	0.154	0.116	0.038
Cryab	0.526992702869438	-0.149662535482902	1	0.13	0.135	0.005
Tm7sf3	0.527207747188919	0.118798416540017	1	0.147	0.14	0.00699999999999998
Amph	0.531342430825845	0.100808286678682	1	0.297	0.278	0.019
Mbtd1	0.540512251286642	0.132642292637991	1	0.203	0.189	0.014
Rb1	0.543722008049626	0.115486673393765	1	0.268	0.261	0.00700000000000001
Zfp407	0.544118223477384	-0.139805590005756	1	0.126	0.136	0.01
Gabbr1	0.544127852534825	0.227910700647043	1	0.109	0.093	0.016
Stx16	0.545337615630118	0.124201805568744	1	0.1	0.089	0.011
Rbm33	0.555142893707847	0.265685361492014	1	0.123	0.103	0.02
Hdac11	0.558035107887599	0.191993842842663	1	0.105	0.097	0.00799999999999999
Sf3b1	0.558641186840595	0.15984037279838	1	0.143	0.13	0.013
Scamp5	0.561279089325711	-0.118612873988391	1	0.279	0.29	0.011
Cdk18	0.564302622020481	-0.126057039296875	1	0.114	0.119	0.00499999999999999
Polb	0.567118436823567	0.343720432611309	1	0.13	0.105	0.025
Exoc5	0.575313348082991	0.280230364021449	1	0.157	0.132	0.025
Asrgl1	0.579618290904438	-0.172889810533092	1	0.118	0.129	0.011
Nsmf	0.580828827007446	-0.143812756199907	1	0.13	0.142	0.012
Fscn1	0.580894342890648	-0.249421394312101	1	0.102	0.116	0.014
Enpp6	0.58149302864572	-0.155469631615172	1	0.241	0.25	0.00900000000000001
Onecut2	0.586065529098355	0.167041411391022	1	0.139	0.124	0.015
Rusc2	0.589324710332399	-0.172955798850065	1	0.123	0.138	0.015
Trip12	0.596344957819732	0.206268819055872	1	0.229	0.201	0.028
Ints8	0.597984695801011	-0.12122102503752	1	0.105	0.109	0.004
Ikbkb	0.607295666511599	0.238600391119286	1	0.106	0.09	0.016
Tyro3	0.608180944685795	-0.118550254136057	1	0.13	0.139	0.00900000000000001
Cnot2	0.608288967611136	0.101111730971434	1	0.154	0.144	0.01
Lin52	0.611548165418812	0.170708993307284	1	0.171	0.157	0.014
Smarca2	0.613490073621533	0.220324606897103	1	0.161	0.141	0.02
Fbn2	0.614678329681496	-0.29786796328981	1	0.102	0.114	0.012
Arglu1	0.61627772940923	0.125267523576106	1	0.218	0.19	0.028
Elp4	0.626299711435506	0.117406889841161	1	0.238	0.225	0.013
Cwf19l2	0.628159542409382	0.124403294573531	1	0.122	0.113	0.00899999999999999
Tsc1	0.630160988195959	-0.141835299132379	1	0.21	0.222	0.012
Ddx5	0.632929266374947	-0.101751784389579	1	0.44	0.463	0.023
Mff	0.636573378203236	0.107951452183803	1	0.16	0.149	0.011
Mdga2	0.641380500694687	-0.102912631725189	1	0.894	0.904	0.01
Cbfb	0.64361335288993	0.115270649273632	1	0.114	0.11	0.004
Tpr	0.646137223219515	0.267466105541572	1	0.136	0.111	0.025
Gramd3	0.655359047511069	-0.130728317339073	1	0.184	0.195	0.011
Sort1	0.657066213466495	-0.127731044093134	1	0.394	0.412	0.018
Rev3l	0.660750415489634	0.141445173677393	1	0.233	0.209	0.024
Zfyve9	0.662746571580402	0.214602761481508	1	0.108	0.092	0.016
Marchf5	0.668120732581073	-0.317354815811945	1	0.089	0.105	0.016
Dcps	0.668588851704083	-0.129834496685685	1	0.142	0.15	0.00800000000000001
B3galt5	0.669709851041805	0.105469353883096	1	0.225	0.208	0.017
Trip4	0.67049699150736	0.318018941931079	1	0.137	0.117	0.02
Pik3c3	0.678562639877601	-0.190593427875244	1	0.093	0.101	0.00800000000000001
Ascc3	0.680573090551354	0.183102407123773	1	0.184	0.161	0.023
Srgap3	0.684419839919925	0.290668107640179	1	0.107	0.084	0.023
Gtf2f2	0.688051030096929	0.170450697121639	1	0.142	0.13	0.012
Dnajc1	0.68858587828529	0.102961811695468	1	0.23	0.215	0.015
Aff4	0.691816450746921	0.112329521687573	1	0.2	0.186	0.014
Macir	0.697207073907923	-0.110663620971357	1	0.206	0.22	0.014
Prkd3	0.700148566759506	-0.146194718197603	1	0.275	0.294	0.019
Pam	0.702195269727508	0.1131137239255	1	0.158	0.148	0.01
Fam234a	0.705007600160947	-0.100004094383745	1	0.188	0.203	0.015
Nek1	0.70552647625169	0.14657543765007	1	0.117	0.103	0.014
Wrn	0.708726085185881	0.146688885685344	1	0.176	0.166	0.00999999999999998
Ehbp1	0.710008038882551	0.259451958890364	1	0.118	0.098	0.02
Dip2c	0.711361841362166	0.217004795438298	1	0.211	0.181	0.03
Lnpep	0.718716013601186	0.126329903053531	1	0.14	0.13	0.01
Ptprd	0.720850978184501	-0.104549390365685	1	0.996	0.997	0.001
Srbd1	0.737091267589463	0.139659504092587	1	0.112	0.105	0.00700000000000001
Dgkd	0.739549498998714	0.14636334791305	1	0.107	0.096	0.011
Mindy3	0.741151077739249	0.272521741309184	1	0.104	0.085	0.019
Pcx	0.753743468307025	-0.125218707353102	1	0.102	0.108	0.00600000000000001
Tspan9	0.757397243516549	-0.12949551599401	1	0.178	0.188	0.01
Vps4b	0.764300390116736	0.166039855763936	1	0.113	0.099	0.014
Map1a	0.767106841027032	-0.231545366171131	1	0.092	0.108	0.016
Qdpr	0.772580334091126	-0.106125750133513	1	0.321	0.346	0.025
Fam13c	0.772832855333714	-0.156392308945368	1	0.282	0.31	0.028
Arhgef11	0.779165010254083	0.189744287308676	1	0.132	0.117	0.015
Smc1a	0.781417095731889	0.137336752360155	1	0.116	0.11	0.00600000000000001
Eefsec	0.781828783806596	0.217643525660324	1	0.122	0.104	0.018
Chuk	0.782288617450242	0.163020942703663	1	0.126	0.116	0.01
Errfi1	0.791571147016256	-0.167053596415218	1	0.09	0.101	0.011
Hibadh	0.793519810533175	0.12512292614093	1	0.101	0.092	0.00900000000000001
Nr2c2	0.798823778570687	0.169547876930322	1	0.136	0.124	0.012
Swt1	0.801745968340165	0.151362585260269	1	0.125	0.114	0.011
Prtg	0.803290243016585	-0.100212584672682	1	0.098	0.104	0.00599999999999999
Dync1h1	0.813143704187009	0.256891253431902	1	0.138	0.113	0.025
Sil1	0.819368687356629	0.191172500624863	1	0.152	0.135	0.017
Lamc1	0.82352228520147	0.242450558369551	1	0.107	0.092	0.015
Arhgap24	0.826468120023034	-0.129424809010021	1	0.106	0.111	0.005
Fbxo32	0.833534236431581	-0.177779107636661	1	0.195	0.221	0.026
Pik3r3	0.838256867408444	0.159704555017281	1	0.129	0.12	0.00900000000000001
Phf3	0.840141970328184	0.169307526706672	1	0.234	0.214	0.02
Tmem108	0.841592391048371	0.394167060943133	1	0.126	0.101	0.025
Sytl2	0.844074725203798	0.100529296809422	1	0.623	0.601	0.022
Immt	0.844745261827472	0.198551965821612	1	0.139	0.121	0.018
Foxo1	0.845671897039016	-0.123671965282467	1	0.118	0.123	0.005
Asxl2	0.84661530000671	0.157580740939806	1	0.261	0.241	0.02
Prkcq	0.850106885502841	-0.115471241344557	1	0.264	0.283	0.019
Lrrfip2	0.85077968310574	0.142144356893076	1	0.145	0.132	0.013
Pik3ip1	0.860862479416034	0.188650202720004	1	0.103	0.091	0.012
Pias1	0.867625697594441	0.117169149887481	1	0.14	0.131	0.00900000000000001
Ablim2	0.869470348169089	0.109300184000486	1	0.351	0.343	0.00799999999999995
Ylpm1	0.872643747600224	0.268454314051647	1	0.119	0.097	0.022
Tnks2	0.883462425403826	0.192669040680016	1	0.122	0.108	0.014
1700025G04Rik	0.883999649991528	0.124759859091074	1	0.175	0.16	0.015
Cntn3	0.884063483337392	0.137055495926516	1	0.198	0.178	0.02
Kcmf1	0.888241216545624	-0.110132266067394	1	0.1	0.108	0.00799999999999999
Lpcat3	0.902284632487648	-0.106884388460784	1	0.097	0.104	0.00699999999999999
Pign	0.916821354852136	-0.154664810451136	1	0.11	0.121	0.011
Itgb8	0.921399514350244	-0.150171867816934	1	0.177	0.189	0.012
Nlk	0.924677967744704	0.158205249806921	1	0.189	0.168	0.021
Morf4l1	0.947266984889011	0.160390305573586	1	0.12	0.109	0.011
Ncoa1	0.958150228171838	0.234432705064657	1	0.178	0.154	0.024
Taok1	0.96635657854529	-0.137165901577938	1	0.13	0.138	0.00800000000000001
Rspry1	0.979794170312822	0.149944546816829	1	0.119	0.111	0.00799999999999999
Scfd2	0.981539056461615	0.136539724367811	1	0.143	0.133	0.00999999999999998
Hs3st1	0.983144628327752	-0.144575099338862	1	0.155	0.166	0.011
