gene	p_val	avg_log2FC	p_val_adj	percent_3	percent_0	percent_difference
Fth1	2.221167814649e-171	1.31205662315612	3.97988849028808e-167	0.78	0.455	0.325
Csmd1	4.47627895268025e-46	-1.10068387234698	8.02059662741246e-42	0.067	0.175	0.108
Fgf14	8.90634054539718e-46	-1.17094655005449	1.59583809892427e-41	0.067	0.173	0.106
Rbfox1	1.07159829822905e-45	-1.11044051103619	1.92008983076681e-41	0.068	0.175	0.107
Nrg3	3.29584486555297e-45	-1.03910021916029	5.90549483009781e-41	0.072	0.177	0.105
Kcnip4	8.68060771447594e-43	-1.08450853429846	1.5553912902798e-38	0.069	0.173	0.104
Nrxn1	4.73745412620359e-40	-0.784847226958977	8.48857030333159e-36	0.141	0.263	0.122
Nrxn3	6.32297691181758e-40	-0.87243086677159	1.13295100305947e-35	0.088	0.192	0.104
Celf2	4.41773499404981e-38	-0.867491737197644	7.91569756233846e-34	0.092	0.196	0.104
Luc7l2	5.8479720968452e-35	-0.419988498567384	1.04783964031272e-30	0.714	0.753	0.039
Tmod2	6.06779745260426e-29	-0.58418759184574	1.08722794755763e-24	0.448	0.517	0.069
Zbtb16	3.85969436543395e-28	-1.15189718334249	6.91580036398455e-24	0.114	0.193	0.079
Ftl1	4.0612061234575e-28	1.92923998706376	7.27686913201114e-24	0.102	0.026	0.076
Elmo1	3.46878622313906e-27	-0.365030510561533	6.21537115462057e-23	0.811	0.833	0.0219999999999999
Actb	5.41735579666216e-27	-0.825445276558438	9.70681811645927e-23	0.208	0.284	0.076
Lsamp	2.33593689106353e-23	-0.425496816602908	4.18553172140764e-19	0.279	0.385	0.106
Tmem132d	2.48507953185052e-23	0.663843694063238	4.45276550516975e-19	0.323	0.202	0.121
Mboat2	1.17527824954479e-18	0.99237656389224	2.10586356753436e-14	0.157	0.077	0.08
Fam171a1	4.89299581103613e-17	1.02560874545447	8.76726989421454e-13	0.114	0.052	0.062
Insr	5.73383253491276e-17	-0.442987591657235	1.02738811360567e-12	0.26	0.298	0.038
Klf9	8.69848936489768e-17	-1.1787276491951	1.55859532440237e-12	0.076	0.146	0.07
Sgms1	1.11325091685232e-16	0.94571581966512	1.99472299281598e-12	0.158	0.079	0.079
Msantd2	1.37907079007833e-16	1.08691089116371	2.47101904166235e-12	0.124	0.062	0.062
Fam168a	3.18587551772446e-16	0.480449756610843	5.70845175265868e-12	0.32	0.219	0.101
Map7	3.36666627942664e-16	-0.209818026602801	6.03239263947665e-12	0.926	0.932	0.00600000000000001
Mat2a	1.34943106637889e-15	-0.499240858034989	2.4179105847377e-11	0.278	0.343	0.065
Amph	1.6639527575748e-15	0.513241548099566	2.98147055102253e-11	0.326	0.233	0.093
Tbc1d5	3.20125606125232e-15	-0.249297953905568	5.7360106105519e-11	0.849	0.867	0.018
Pcdh9	5.7759106312927e-15	-0.126103436906609	1.03492766691503e-10	1	1	0
Epb41l4b	5.99232333831149e-15	0.737486847163249	1.07370449575865e-10	0.221	0.136	0.085
Cnot10	8.22754929149468e-15	-0.567761860597163	1.47421228205002e-10	0.121	0.147	0.026
Rcan2	1.10789425308745e-14	-0.666675602910221	1.9851249226821e-10	0.273	0.365	0.092
Vps13b	1.41205176870927e-14	0.434830167876242	2.53011435917327e-10	0.311	0.219	0.092
Hecw2	1.45474842604617e-14	-0.223977254055493	2.60661822978953e-10	0.773	0.777	0.004
Samd4	1.45798714670275e-14	0.253070732124984	2.61242136946199e-10	0.494	0.393	0.101
Cachd1	3.53375233978731e-14	1.13637915293688	6.33177744243091e-10	0.131	0.069	0.062
Macf1	3.75371813895391e-14	0.398801126232073	6.72591216137761e-10	0.445	0.335	0.11
Dgki	4.71050236599497e-14	-0.227313241315145	8.44027813938979e-10	0.752	0.757	0.005
Btbd9	5.19948450061005e-14	0.628346321734848	9.31643632819309e-10	0.211	0.14	0.071
Prkn	7.59513191895833e-14	-0.260073033824897	1.36089573723895e-09	0.653	0.672	0.019
Cdh19	8.37721541103679e-14	-0.402735582722831	1.50102945734957e-09	0.489	0.535	0.046
Tenm2	1.00422660150882e-13	-0.58475759787151	1.7993732245835e-09	0.225	0.312	0.087
Foxp1	2.6846976131142e-13	0.191038414117848	4.81044118317802e-09	0.42	0.335	0.085
Plekha1	2.70786245371754e-13	-0.406545357706816	4.85194794457109e-09	0.423	0.47	0.047
Il1rap	2.99207471602408e-13	-0.221560455520234	5.36119947617194e-09	0.645	0.64	0.005
Apc	3.07983644172402e-13	0.288566144109405	5.51845093628109e-09	0.51	0.414	0.096
Kcnab1	2.21206189172619e-12	-0.726597630071551	3.96357249759498e-08	0.206	0.294	0.088
Usp9x	2.63415134749993e-12	0.584982806744832	4.71987238445038e-08	0.215	0.142	0.073
Igf1r	4.12946924898211e-12	0.40678816008812	7.39918300032614e-08	0.419	0.322	0.097
Ptprd	5.5243014104101e-12	-0.160186211294281	9.89844326717281e-08	0.996	0.998	0.002
Pafah1b1	9.50200426755824e-12	-0.231818524172024	1.70256912466109e-07	0.653	0.668	0.015
Sema6d	1.01153039089524e-11	0.165322566092795	1.81246015440608e-07	0.479	0.389	0.09
Tanc2	1.04364535409295e-11	0.357046778622567	1.87000374546375e-07	0.277	0.2	0.077
Gse1	1.19141188402939e-11	0.52894135371209	2.13477181380386e-07	0.214	0.141	0.073
Tle1	1.23303265691697e-11	0.718341235447229	2.20934791466382e-07	0.193	0.12	0.073
Copg2	1.50995243412834e-11	0.703252829574173	2.70553277147115e-07	0.167	0.113	0.054
Slc8a1	1.61070718171119e-11	-0.193459173821611	2.8860651281901e-07	0.77	0.771	0.001
Plxnb3	1.7059959833667e-11	0.546123195662122	3.05680360299645e-07	0.263	0.178	0.085
Nipbl	1.77527401186237e-11	-0.104068217699343	3.18093597445499e-07	0.367	0.339	0.028
Dennd5b	1.79623952794801e-11	-0.566856069615955	3.21850198617724e-07	0.164	0.199	0.035
Tacc1	2.55948972646391e-11	-0.441386457545207	4.58609369187804e-07	0.222	0.252	0.03
Afdn	3.54078066207112e-11	0.697389966208833	6.34437079029904e-07	0.134	0.081	0.053
Itpk1	4.46163557266816e-11	-0.400282050708809	7.99435861910681e-07	0.351	0.396	0.045
Kansl1	4.8730303534591e-11	0.268068643832362	8.73149578732802e-07	0.401	0.312	0.089
Ypel2	6.13600613383459e-11	0.217984604929104	1.09944957906048e-06	0.808	0.727	0.0810000000000001
Sptbn1	8.6150404707714e-11	0.274798214447513	1.54364295155282e-06	0.421	0.334	0.087
Gmds	1.12162814663459e-10	0.544963310688605	2.00973331313985e-06	0.199	0.133	0.066
Unc5c	1.58299968588297e-10	-0.206800346534879	2.83641883716511e-06	0.807	0.812	0.005
Fus	1.70870881305698e-10	0.596972140291901	3.06166445123549e-06	0.186	0.119	0.067
Rasal2	2.23977810796391e-10	0.611854371277089	4.01323441384973e-06	0.206	0.139	0.067
Grid2	3.25564809739313e-10	-0.166151084951822	5.83347026090901e-06	0.801	0.798	0.003
Map4k4	3.46112981983323e-10	0.226033146260679	6.20165241117719e-06	0.577	0.484	0.093
Armc8	5.54809405951124e-10	0.761226636479903	9.94107493583225e-06	0.131	0.08	0.051
Tlk2	6.75364157895106e-10	0.710349220227032	1.21011749811645e-05	0.112	0.066	0.046
H2aj	8.8854463393742e-10	-0.649106877876491	1.59209427508907e-05	0.112	0.146	0.034
Gapvd1	8.99892874863907e-10	0.617131247295286	1.61242805318115e-05	0.15	0.098	0.052
Hnrnpa2b1	1.04165085253026e-09	0.331689223986847	1.86642999756372e-05	0.349	0.267	0.082
Tmem245	1.0665452679984e-09	0.865888123445399	1.91103581119954e-05	0.108	0.059	0.049
Plekhg1	1.07703799370334e-09	0.211713314594952	1.92983667711764e-05	0.694	0.612	0.082
Efr3b	1.29453524359725e-09	0.837250899898311	2.31954824947755e-05	0.115	0.065	0.05
Cwc27	1.42470888679612e-09	-0.128239669100041	2.55279338336128e-05	0.102	0.091	0.011
Polr3e	1.76979636791376e-09	-0.881874241778362	3.17112113202788e-05	0.088	0.142	0.054
Stox2	1.83998326951027e-09	0.439795013951389	3.2968820223085e-05	0.302	0.224	0.078
Trip12	1.92635871363255e-09	-0.222120901354491	3.45164954308681e-05	0.219	0.217	0.002
Pacrg	1.97110052786414e-09	-0.337457389343183	3.53181792582698e-05	0.502	0.522	0.02
Mobp	2.09728645506704e-09	-0.197835113096099	3.75791787018912e-05	0.794	0.807	0.013
Dnajc13	2.20427803109161e-09	0.713629555512786	3.94962537610995e-05	0.13	0.08	0.05
Cep85l	2.52737145629002e-09	0.649088616897033	4.52854417538046e-05	0.154	0.099	0.055
Oxr1	2.55117674387086e-09	-0.455699349946184	4.57119848966781e-05	0.265	0.334	0.069
Adamts2	2.74368879468282e-09	0.641467171128179	4.91614158231268e-05	0.185	0.125	0.06
Dmxl1	2.82842532904413e-09	0.161687021772114	5.06797250458128e-05	0.281	0.227	0.054
Jmjd1c	3.3281743400158e-09	0.433902710759006	5.96342278244031e-05	0.279	0.205	0.074
Ksr1	3.33553694376676e-09	0.883444249528924	5.97661509584127e-05	0.111	0.061	0.05
Ptch1	3.46991472539151e-09	0.729478932051602	6.2173932049565e-05	0.127	0.073	0.054
Bptf	3.8281084476156e-09	0.399673096470926	6.85920471643763e-05	0.264	0.195	0.069
Iqsec1	4.0680946662519e-09	0.105153777385624	7.28921202299016e-05	0.547	0.473	0.0740000000000001
Uso1	4.59397736279117e-09	0.793260332523779	8.23148863864923e-05	0.103	0.058	0.045
Cdc37l1	6.40172949589543e-09	-0.195338192800053	0.000114706189107454	0.731	0.729	0.002
Kif5b	6.87773156319691e-09	-0.140265311371056	0.000123235194149362	0.209	0.199	0.00999999999999998
Septin7	7.37867473012144e-09	-0.173418471605602	0.000132211093814316	0.863	0.882	0.019
Elavl3	7.50601811052133e-09	0.162785583479623	0.000134492832504321	0.43	0.361	0.069
Ncoa1	7.65863746128818e-09	0.44896197293491	0.000137227466031362	0.19	0.136	0.054
Arhgap39	9.17312896608577e-09	-0.102764446549817	0.000164364124814325	0.378	0.345	0.033
Lrp1b	1.0425800279022e-08	-0.138163133200546	0.000186809489399516	0.991	0.994	0.003
Zswim6	1.11492463563534e-08	0.3032956289494	0.000199772196213141	0.29	0.223	0.067
Rab10	1.35327718486431e-08	-0.133446961666166	0.000242480205983988	0.409	0.39	0.019
Cdc42bpa	1.3691452641712e-08	-0.173314894917063	0.000245323448434196	0.858	0.857	0.001
Add1	1.37359312729035e-08	-0.253024045605466	0.000246120416547885	0.387	0.398	0.011
Aopep	1.38155400486741e-08	0.134914309805357	0.000247546846592142	0.408	0.342	0.0659999999999999
Ppp2r5a	1.39702906445102e-08	0.479140385205546	0.000250319667768334	0.311	0.237	0.074
Man2a2	1.56097709499782e-08	0.62239370992617	0.00027969587588171	0.145	0.098	0.047
Lrrc8d	1.66438315741892e-08	0.331952482987571	0.000298224174146322	0.346	0.271	0.075
Zfand3	1.83227862730879e-08	0.534467787154464	0.00032830768444119	0.178	0.127	0.051
Rasgrp3	1.8786418079588e-08	0.153664668499651	0.000336615039150057	0.362	0.298	0.064
Npepps	2.07150088254173e-08	-0.253230895677922	0.000371171528133828	0.342	0.364	0.022
Arid2	2.14098462032811e-08	0.353757153424065	0.000383621624270392	0.148	0.104	0.044
Tent4b	2.1612693710309e-08	0.599108666390994	0.000387256245901317	0.179	0.119	0.06
Spen	2.4794945305984e-08	0.741491697314482	0.000444275829992621	0.105	0.064	0.041
Frmd4b	2.75022708246815e-08	0.147049737869286	0.000492785688636644	0.826	0.759	0.0669999999999999
Riok3	2.79720036047445e-08	0.665436768847446	0.000501202360589812	0.137	0.087	0.05
Pbx3	2.87564332214173e-08	0.407769316502986	0.000515257770461356	0.194	0.133	0.061
Gab1	3.17195096795798e-08	0.207833042019274	0.000568350174438712	0.722	0.647	0.075
Ssh2	3.23445119353751e-08	-0.128701743117282	0.000579548964858051	0.685	0.675	0.01
Aatk	3.38970415178447e-08	0.167309667103989	0.000607367189916741	0.633	0.555	0.078
Mtss1	3.5893949841498e-08	0.170948023139342	0.00064314779325996	0.291	0.234	0.057
Srrm2	3.73784467913811e-08	0.358199272238018	0.000669747009607966	0.29	0.222	0.068
Srebf2	4.21523776900644e-08	0.413851604959842	0.000755286303450573	0.175	0.14	0.035
Dnm2	4.29680770242964e-08	-0.382613667933096	0.000769902004121344	0.239	0.272	0.033
Adgrb3	4.33706808091423e-08	-0.225381057997046	0.000777115858738211	0.287	0.343	0.056
Folh1	4.46975918144087e-08	-0.178287835693119	0.000800891450130575	0.307	0.296	0.011
Cttnbp2	4.47329074612932e-08	0.171090174391843	0.000801524235891451	0.357	0.296	0.061
Myo1d	4.79711223516651e-08	0.146096239912224	0.000859546570297135	0.684	0.608	0.0760000000000001
Tmem108	5.21693409355241e-08	0.36848483942884	0.000934770250882721	0.132	0.092	0.04
Phactr1	5.4386909928053e-08	0.242929104503493	0.000974504652090854	0.475	0.389	0.086
Ppp1r16b	5.86506218140246e-08	-0.219035088636217	0.00105090184166369	0.725	0.753	0.028
Tuba1a	6.0302612605285e-08	-0.410298513818917	0.0010805022126615	0.096	0.1	0.004
Tfdp2	7.00320553730292e-08	0.323159027472365	0.00125483436817394	0.27	0.206	0.064
Pik3c2b	7.1669136189952e-08	0.227997000871893	0.00128416758225156	0.45	0.373	0.077
Tmcc3	7.4835080651794e-08	0.232092740683864	0.00134089497511884	0.581	0.501	0.08
Dock1	7.56484380775284e-08	0.189202817333288	0.00135546871347315	0.683	0.609	0.0740000000000001
Pkn2	8.13716293432671e-08	0.495571468593921	0.00145801685457266	0.137	0.09	0.047
Srbd1	8.48932262989936e-08	-0.543299745380611	0.00152111682882537	0.1	0.124	0.024
Sfpq	9.31402063601439e-08	0.305575778467113	0.00166888621756106	0.304	0.235	0.069
Mecp2	1.00238344192856e-07	-0.287610676552633	0.0017960706512476	0.187	0.195	0.00800000000000001
Exoc4	1.01013618269245e-07	-0.178775015889939	0.00180996201214832	0.466	0.476	0.00999999999999995
Rnf144a	1.08326824448056e-07	-0.449517976207321	0.00194100004046026	0.161	0.185	0.024
Rbm39	1.16618271092592e-07	-0.142710614010902	0.00208956618143706	0.497	0.493	0.004
Rsf1	1.20707577705278e-07	0.297104886616721	0.00216283837732318	0.259	0.199	0.06
Hnrnpl	1.24526508462068e-07	-0.341852454935394	0.00223126597862333	0.119	0.131	0.012
Arhgap23	1.27605098824131e-07	0.174205927438698	0.00228642816073078	0.866	0.809	0.0569999999999999
Sos2	1.27718967461787e-07	0.677935690707994	0.0022884684589803	0.107	0.066	0.041
Lrba	1.2819069242517e-07	-0.142277900791429	0.0022969208268742	0.241	0.227	0.014
Ambra1	1.3546733984373e-07	-0.210928962977017	0.00242730379531995	0.298	0.306	0.00800000000000001
Smg1	1.39579619933701e-07	0.570946060581798	0.00250098762997206	0.132	0.085	0.047
Micall1	1.42820525487521e-07	0.169577375485349	0.0025590581756854	0.305	0.249	0.056
Tial1	1.49397696540416e-07	0.456463822664964	0.00267690792661118	0.177	0.123	0.054
Sltm	1.50180331389927e-07	-0.158224483397802	0.00269093117784472	0.404	0.397	0.00700000000000001
Bltp1	1.56446713178821e-07	0.450649245305008	0.00280321220673812	0.205	0.146	0.059
Rsrp1	1.68576698535075e-07	-0.213474686816413	0.00302055728435147	0.421	0.433	0.012
Abcc5	1.84276400080867e-07	0.244797914971591	0.00330186453664898	0.244	0.191	0.053
Flnb	1.88048588424141e-07	0.425381232813024	0.00336945460738375	0.197	0.142	0.055
Upf3b	2.05448494128527e-07	-0.364910012923135	0.00368122611779494	0.135	0.149	0.014
Eml1	2.09582092160647e-07	0.315169323869259	0.00375529192733447	0.473	0.395	0.078
Rbm5	2.21796500779698e-07	-0.16926278039014	0.00397414970097063	0.293	0.295	0.002
Lpgat1	2.35228703741966e-07	-0.185035583939683	0.00421482791364855	0.621	0.622	0.001
Xpo4	2.62283822834518e-07	0.340831246483566	0.0046996015375489	0.114	0.079	0.035
Padi2	2.70848224117415e-07	0.368674523878262	0.00485305847973585	0.166	0.115	0.051
Synj2	2.71249275287027e-07	0.155069540419883	0.00486024451459295	0.485	0.415	0.07
Chp1	2.73866802915059e-07	-0.452479706504097	0.00490714537463203	0.094	0.111	0.017
Scaper	2.83829166979241e-07	0.123807873391215	0.00508565101393404	0.264	0.222	0.042
Ccdc50	2.92932906693493e-07	-0.249682012492586	0.005248771822134	0.354	0.367	0.013
Kif21a	3.0006297236837e-07	-0.167002029889098	0.00537652833889646	0.649	0.641	0.00800000000000001
Hcn2	3.14553617504622e-07	0.372347633300625	0.00563617171844781	0.288	0.223	0.065
Retreg1	3.18356083506591e-07	0.193645056238989	0.0057043043042711	0.461	0.391	0.07
Cnot2	3.28110442267556e-07	0.520074331356446	0.00587908290455007	0.17	0.118	0.052
Ccser2	3.40840079723688e-07	0.491747226689404	0.00610717254848904	0.182	0.127	0.055
Ikzf2	4.16369682462343e-07	-0.459193443436234	0.00746051197036026	0.188	0.22	0.032
Gphn	4.18390269942714e-07	-0.138936641647398	0.00749671685683356	0.789	0.803	0.014
Ston2	4.44704674773606e-07	0.185461591317501	0.00796821836259348	0.231	0.181	0.05
Ncam1	4.49935764540442e-07	-0.101738413131084	0.00806194902903563	0.916	0.908	0.00800000000000001
Myo1e	4.51102687180112e-07	0.22582642446425	0.00808285794889324	0.352	0.289	0.063
Aspa	4.65006390312221e-07	-0.191811716323064	0.00833198450161437	0.753	0.775	0.022
Ikbkb	4.73105433111009e-07	-0.109964788123554	0.00847710315048306	0.103	0.095	0.00799999999999999
Zfp608	4.77653836924917e-07	0.24184699672482	0.00855860145002067	0.355	0.286	0.069
Lrrtm3	5.06334392086367e-07	-0.97369274976274	0.00907249963740352	0.057	0.101	0.044
Arhgef11	5.22677694187921e-07	0.556928856145109	0.00936533892445917	0.144	0.099	0.045
Atxn2	5.85619243124529e-07	0.233012456233654	0.0104931255983053	0.23	0.178	0.052
Rbm25	6.26031607603047e-07	-0.177219007183033	0.0112172343450314	0.435	0.44	0.005
Mta3	6.32951310711152e-07	-0.308474137087313	0.0113412215853224	0.282	0.306	0.024
Vldlr	6.7708658313992e-07	0.179640202830685	0.0121320373967011	0.252	0.202	0.05
Arhgap5	6.87123398303563e-07	0.168735154183071	0.0123118770508032	0.361	0.298	0.063
Nbas	7.11308456470936e-07	-0.143421176064279	0.0127452249230462	0.728	0.714	0.014
Avl9	7.87021191153299e-07	0.825294341499454	0.0141018457030848	0.101	0.06	0.041
Ubr1	7.91053460135786e-07	-0.148031270755882	0.014174095898713	0.189	0.184	0.005
Pkm	8.64159498361822e-07	-0.442504710217536	0.0154840098916471	0.094	0.112	0.018
Cpeb3	9.16220608354288e-07	0.283401525081691	0.0164168408604921	0.28	0.224	0.056
Fer	9.26849868827808e-07	0.615259923728272	0.0166072959496567	0.14	0.099	0.041
Itfg1	9.35358379320146e-07	0.278059413660119	0.0167597514406584	0.175	0.131	0.044
Adap1	9.47033576934805e-07	0.322840865563124	0.0169689476315178	0.302	0.238	0.064
Abhd17b	9.6148151593224e-07	-0.247487124610851	0.0172278258024739	0.468	0.486	0.018
Mog	1.07288236987742e-06	-0.142722675180522	0.0192239063034637	0.726	0.715	0.011
Hnrnpu	1.1007234159778e-06	-0.169724112612872	0.0197227621674902	0.239	0.236	0.003
Gnaq	1.1527124626803e-06	0.208131455974622	0.0206543019063056	0.391	0.328	0.063
Tmem219	1.20477205534123e-06	-0.801505915846044	0.0215871056876042	0.071	0.103	0.032
Zfp462	1.21254852889407e-06	0.345054945788219	0.0217264445407239	0.295	0.237	0.058
Dip2c	1.25501761470177e-06	0.335746778661044	0.0224874056202262	0.218	0.17	0.048
Unc5b	1.27094068490099e-06	0.546948095190679	0.022772715192056	0.155	0.107	0.048
Fbxl17	1.27114330826064e-06	0.360423260847559	0.0227763457974141	0.224	0.168	0.056
Slc44a1	1.35023737694661e-06	-0.132261793761398	0.0241935533201294	0.633	0.632	0.001
Slc16a7	1.36250523514505e-06	0.382294961167414	0.024413368803329	0.187	0.138	0.049
Zfp532	1.36413252182527e-06	0.132418019664027	0.0244425265260651	0.482	0.416	0.066
Dip2b	1.37911776572369e-06	0.162300686787993	0.024711032126237	0.67	0.598	0.0720000000000001
Enox1	1.41653519865621e-06	-0.10351769482197	0.0253814776895219	0.702	0.685	0.0169999999999999
Arih2	1.44037284166719e-06	-0.436132202200367	0.0258086005769927	0.097	0.111	0.014
Gas7	1.55343553602017e-06	0.254229919182921	0.0278344579344094	0.447	0.379	0.068
Cog5	1.60918257899014e-06	-0.213062708032584	0.0288333334503454	0.265	0.267	0.002
Plekhm3	1.68088236200467e-06	-0.235797241197082	0.0301180501623997	0.145	0.149	0.004
Klf13	1.89447914166096e-06	-0.355933910361492	0.033945277260281	0.294	0.339	0.045
Wdfy3	1.97827509821718e-06	-0.143763436642117	0.0354467332098555	0.246	0.24	0.00600000000000001
Dlg2	1.97915261276088e-06	-0.145827484692596	0.0354624565154495	0.888	0.915	0.027
Atr	2.00500093334494e-06	-0.293645532061846	0.0359256067236747	0.104	0.107	0.003
Paxbp1	2.09282964819894e-06	0.57818130811618	0.0374993216364286	0.105	0.072	0.033
Ewsr1	2.13036777073007e-06	0.540056892812141	0.0381719297159414	0.143	0.096	0.047
Magi1	2.15118425002768e-06	0.108210461251959	0.0385449193919959	0.572	0.51	0.0619999999999999
Son	2.15959028019795e-06	-0.117200421800759	0.0386955386405869	0.593	0.582	0.011
Hnrnpr	2.27679889482241e-06	0.449776019616901	0.0407956825974279	0.14	0.098	0.042
Xrn1	2.27981293533532e-06	0.336251739764469	0.0408496881753383	0.191	0.143	0.048
Kif3a	2.32008144478256e-06	0.3164442743978	0.0415712193276139	0.273	0.214	0.059
Kat6a	2.34551575780553e-06	-0.25793206839835	0.0420269513483596	0.253	0.27	0.017
Nufip2	2.36291198623224e-06	0.361949194389933	0.0423386569693093	0.126	0.09	0.036
Dnmt3a	2.43148963744573e-06	0.336961529532735	0.0435674313237526	0.225	0.175	0.05
Depdc5	2.44893270231026e-06	0.458662544049061	0.0438799761599952	0.166	0.123	0.043
Usp48	2.73558012772041e-06	0.311978114665151	0.0490161247284944	0.189	0.141	0.048
Tnrc6c	2.77150189644448e-06	0.235545977235734	0.0496597709804921	0.277	0.224	0.053
Soga3	2.98443508937813e-06	0.437828945275223	0.0534751079314773	0.164	0.119	0.045
Hectd1	3.00408052983247e-06	0.59452595953279	0.0538271149335382	0.121	0.082	0.039
Adam19	3.22137081886677e-06	0.314944649655328	0.0577205223324549	0.212	0.163	0.049
Mff	3.43186083120988e-06	-0.29250734099614	0.0614920823736186	0.151	0.163	0.012
Thsd7a	3.5235402967112e-06	0.37970694535986	0.0631347950364714	0.223	0.172	0.051
Zmym2	3.71368017769177e-06	0.444398126805889	0.0665417214238811	0.179	0.129	0.05
Nlk	3.73569003250221e-06	0.328307707105116	0.0669360940023745	0.198	0.154	0.044
Nfatc3	3.83665290248619e-06	0.483256767281142	0.0687451467067475	0.186	0.139	0.047
Otud7a	3.86073424456591e-06	-0.111332136576003	0.0691766361941319	0.495	0.484	0.011
Osbpl7	3.97281272154351e-06	0.228720300415349	0.0711848583446165	0.207	0.163	0.044
Ube2e2	4.00385013651042e-06	-0.106542043337831	0.0717409867459937	0.833	0.828	0.005
Ephb1	4.1446533761716e-06	0.105512421677133	0.0742638991942427	0.642	0.578	0.0640000000000001
Rufy3	4.16367301341273e-06	-0.132471311210468	0.0746046930543294	0.142	0.132	0.00999999999999998
Tbl1xr1	4.31990814345843e-06	0.288802276080069	0.0774041141144882	0.29	0.231	0.059
Nr2c2	4.32517904091849e-06	-0.554374702746245	0.0774985580551774	0.115	0.156	0.041
Dync1h1	4.35585326564329e-06	-0.227321813581179	0.0780481788137965	0.128	0.129	0.001
Tnrc6b	4.5792115743201e-06	0.140169930841724	0.0820503129886676	0.343	0.29	0.053
Trim44	4.74562374973285e-06	-0.366110427286639	0.0850320863477132	0.154	0.177	0.023
Kmt2e	4.95729593693745e-06	0.153343052927664	0.0888248285980452	0.349	0.295	0.054
Apoe	5.02768352514163e-06	0.319652105499072	0.0900860334034877	0.276	0.216	0.06
Scfd2	5.2279472524729e-06	-0.501625639132501	0.0936743588698094	0.127	0.158	0.031
Phf3	5.31118547500872e-06	0.254087386887415	0.0951658213412062	0.246	0.196	0.05
Glrb	5.33049825795011e-06	-0.123618283960414	0.0955118677859501	0.149	0.141	0.00800000000000001
Adamts4	5.41288831246419e-06	0.239272875471285	0.0969881327827334	0.189	0.147	0.042
Ctif	5.49145080698974e-06	0.502729492487661	0.0983958155596422	0.173	0.125	0.048
Pias2	5.67353485053371e-06	0.603722439663427	0.101658397451863	0.105	0.073	0.032
Ngly1	5.86616362662483e-06	0.601632425360136	0.105109919861864	0.1	0.066	0.034
Fbxo7	5.8885721604422e-06	-0.159034349095978	0.105511435970803	0.296	0.291	0.005
U2af1	5.90119887420307e-06	-0.542906583846272	0.105737681427971	0.088	0.104	0.016
Huwe1	5.99275371802015e-06	0.148600434338373	0.107378161119485	0.285	0.236	0.049
Tcp11l1	6.06195340313761e-06	0.548929007200816	0.10861808107742	0.139	0.094	0.045
Uvrag	6.38504655904501e-06	0.522366312016509	0.114407264244968	0.155	0.117	0.038
Xkr4	6.64506463479791e-06	0.299295442257268	0.119066268126309	0.312	0.252	0.06
Ppp2r2a	6.89284457202707e-06	-0.103473205964562	0.123505989041581	0.47	0.457	0.013
Osbpl1a	7.13820103798263e-06	-0.114126043913247	0.127902286198573	0.463	0.453	0.01
Zmynd8	7.2422274616139e-06	-0.103058814950089	0.129766231657198	0.286	0.275	0.011
Hnrnph1	7.28219993230948e-06	0.640577180184415	0.130482458387121	0.1	0.064	0.036
Sap130	7.3419415803638e-06	0.523297792837729	0.131552909236958	0.129	0.086	0.043
Marchf1	7.59786594245216e-06	0.124100807495644	0.136138561956858	0.833	0.781	0.0519999999999999
Lrrc4b	7.718573025719e-06	0.468693122906872	0.138301391474833	0.134	0.096	0.038
Wwp1	7.91661207246333e-06	-0.172853087023051	0.141849855114398	0.23	0.232	0.002
Hipk3	8.28883262618864e-06	0.465539437412361	0.148519302996048	0.107	0.081	0.026
Fto	8.70085129106766e-06	0.109185829878924	0.15590185343335	0.445	0.386	0.059
Foxn3	8.88374859750031e-06	0.106467194995449	0.15917900737001	0.683	0.622	0.0610000000000001
Srgap1	8.91593926784196e-06	0.167278979370011	0.159755799801192	0.402	0.344	0.0580000000000001
Phf21a	9.42709773569028e-06	0.134213932721045	0.168914737228098	0.243	0.203	0.04
Syncrip	9.69130325719575e-06	0.140263915734983	0.173648771762433	0.106	0.087	0.019
Rnf38	9.80818936397549e-06	0.270237959141411	0.175743137023713	0.154	0.117	0.037
Rspry1	1.04200377506059e-05	0.497122716091829	0.186706236415357	0.131	0.093	0.038
Syt11	1.05028146072048e-05	-0.247575067228596	0.188189432131896	0.295	0.308	0.013
Zdhhc14	1.07102912388072e-05	0.163484145169552	0.191906998416947	0.732	0.671	0.0609999999999999
Ptprk	1.09235786411117e-05	-0.146030106925941	0.195728682091439	0.777	0.795	0.018
Bcl9	1.11647252253969e-05	0.21106371930261	0.200049546588662	0.24	0.192	0.048
Gatad2b	1.13315866387904e-05	0.261556019170802	0.203039369393847	0.315	0.257	0.058
Cert1	1.13345885849127e-05	0.26241616403932	0.203093158264466	0.208	0.163	0.045
Prag1	1.19423292938059e-05	0.110988326897608	0.213982656286413	0.203	0.167	0.036
Adipor2	1.21543704586333e-05	-0.267197707394066	0.217782009877791	0.539	0.583	0.0439999999999999
Anapc1	1.22243121370223e-05	-0.197887006455938	0.219035224871165	0.115	0.116	0.001
Tsc22d2	1.37737089193755e-05	0.476508591078438	0.24679731641737	0.145	0.102	0.043
Dync1li2	1.41390727606533e-05	0.145054505037299	0.253343905725386	0.326	0.274	0.052
Stag2	1.43600651894218e-05	0.401209956074302	0.25730364806406	0.235	0.183	0.052
Srgap3	1.48256096225807e-05	0.480120029381382	0.265645273217401	0.11	0.078	0.032
Bach2	1.49282624164497e-05	0.279925754285979	0.267484605977945	0.338	0.277	0.061
Mbtd1	1.58355828155244e-05	0.200251024021231	0.283741972888566	0.215	0.17	0.045
Pcdh15	1.60475175345376e-05	-0.706410952343733	0.287539419183844	0.093	0.13	0.037
Eea1	1.63888978653009e-05	0.593611913318226	0.293656271950462	0.129	0.09	0.039
Grik4	1.64525418975943e-05	0.335148134071508	0.294796645721094	0.15	0.114	0.036
Adamtsl4	1.6460984802962e-05	0.122104867956067	0.294947925699473	0.168	0.136	0.032
Zfp609	1.65512109866462e-05	0.382079102296342	0.296564598458726	0.229	0.18	0.049
Ubn2	1.67530405994732e-05	0.206972229246983	0.300180981461362	0.296	0.246	0.05
Arap2	1.67586903876607e-05	-0.141743867445995	0.300282214366104	0.462	0.458	0.004
Heg1	1.68846860581826e-05	0.226239183320386	0.302539804790516	0.378	0.32	0.058
Glt8d1	1.6961094929588e-05	0.501117390040652	0.303908898948358	0.126	0.093	0.033
Epdr1	1.7467715843192e-05	-0.209208866606982	0.312986532478315	0.107	0.107	0
Supt3	1.80824582567032e-05	0.394636126226884	0.324001487043609	0.211	0.162	0.049
Rapgef1	1.81263613775676e-05	0.400252299049896	0.324788143163255	0.118	0.083	0.035
Nxpe4	1.85789055269078e-05	-0.539787804904389	0.332896829231134	0.09	0.115	0.025
Dnajc6	1.91168825019863e-05	0.202372159514204	0.342536300670591	0.247	0.199	0.048
Rassf2	1.91643382631451e-05	0.146037147956563	0.343386612999034	0.255	0.213	0.042
Prdm2	1.96124266014495e-05	-0.181242453728155	0.351415459844773	0.131	0.13	0.001
Kmt2c	1.97308383317583e-05	0.105986640420914	0.353537161228445	0.474	0.414	0.06
Inpp5a	1.99110074727929e-05	0.471779110508548	0.356765431897504	0.161	0.117	0.044
Trpm7	2.00458953661773e-05	0.232682746549468	0.359182353171164	0.316	0.263	0.053
Olfml1	2.03038869034864e-05	0.158185876750289	0.363805045536669	0.351	0.296	0.055
Trappc9	2.19982444089819e-05	0.465551747560577	0.394164543320138	0.133	0.094	0.039
Synrg	2.21486462055493e-05	0.378252275497912	0.396859442711033	0.166	0.124	0.042
Ubl3	2.23904726246179e-05	0.427703221495405	0.401192488487904	0.151	0.108	0.043
Rprd2	2.24507585484074e-05	0.449802061923576	0.402272691670364	0.131	0.094	0.037
Crim1	2.26521376300453e-05	0.551941504385606	0.405881002055152	0.137	0.097	0.04
Chd7	2.41350773305436e-05	0.164899207854949	0.432452315608681	0.438	0.38	0.058
Ubr2	2.44312924626502e-05	-0.151044530240352	0.437759898345766	0.299	0.298	0.001
Ldlrad3	2.44934263494019e-05	0.256492603457763	0.438873213328583	0.272	0.221	0.051
Fbxw15	2.51335830306773e-05	-0.726169635472952	0.450343540743676	0.091	0.13	0.039
Pde4dip	2.54650922057571e-05	0.255202388837663	0.456283522142755	0.174	0.139	0.035
Galnt5	2.56053765330016e-05	-0.676571959795409	0.458797136718323	0.08	0.114	0.034
B3galt5	2.66185351572796e-05	-0.27191741226796	0.476950912948136	0.214	0.226	0.012
Tnfaip6	2.68796543413617e-05	-0.327169263601129	0.481629646488518	0.261	0.288	0.027
Sox8	2.70694197341649e-05	0.233772190977043	0.485029862796767	0.137	0.104	0.033
Dcp1b	2.71141657730305e-05	-0.113426354709655	0.485831622321161	0.126	0.115	0.011
Ptn	2.83722446650334e-05	-0.137337711956611	0.508373879908069	0.504	0.507	0.003
Tmcc2	2.85644377742221e-05	0.307303416961832	0.511817596038512	0.216	0.168	0.048
Gramd1b	2.86392047628351e-05	0.401859056642036	0.51315727094048	0.118	0.085	0.033
Kdm2a	2.87043381808493e-05	0.232071567125328	0.514324331524458	0.189	0.149	0.04
Prima1	2.8736416371215e-05	0.206040034399734	0.514899108539431	0.228	0.183	0.045
Dcaf8	2.87634002734558e-05	-0.278947703682343	0.515382606099782	0.127	0.138	0.011
Rhot1	2.89023214107464e-05	0.450653946352625	0.517871795037754	0.145	0.107	0.038
9330159F19Rik	2.96298300486529e-05	-0.358069189645921	0.530907294811762	0.129	0.151	0.022
Auh	2.98575162715891e-05	0.205242902339105	0.534986976554333	0.108	0.082	0.026
Prkdc	3.05932585095035e-05	0.255857930381935	0.548170005973284	0.189	0.147	0.042
Sort1	3.08866507029722e-05	0.13964226784793	0.553427007295855	0.423	0.367	0.056
Stag1	3.09884841447536e-05	-0.341626629601995	0.555251658905696	0.229	0.253	0.024
Exoc5	3.11554031772943e-05	0.313298798372862	0.55824251413076	0.161	0.125	0.036
Ppp2r5e	3.35968867830348e-05	0.469151673211052	0.601989017378418	0.13	0.091	0.039
Ep300	3.36866404141297e-05	-0.123469600050543	0.603597222940375	0.108	0.102	0.00600000000000001
Prkcz	3.39091279127259e-05	0.154745151038179	0.607583753940223	0.422	0.367	0.055
Mettl7a1	3.4132121184879e-05	-0.26461830047322	0.611579347390662	0.191	0.201	0.01
Mdga2	3.51203379682811e-05	-0.131643932256793	0.62928621571566	0.896	0.902	0.00600000000000001
Phf12	3.57206747307189e-05	0.259398301496483	0.640043049825021	0.116	0.088	0.028
Pakap	3.57420702743105e-05	-0.11719656404372	0.640426415175096	0.673	0.672	0.001
Ugt8a	3.63249773550393e-05	0.138589090383088	0.650870944247594	0.78	0.724	0.056
9930021J03Rik	3.65740960468468e-05	0.500264525281001	0.655334652967401	0.172	0.124	0.048
Cyth1	3.71222142860949e-05	0.109620355985741	0.665155835578249	0.44	0.386	0.054
Pacs2	3.71313188057858e-05	0.198962810535232	0.665318970362071	0.507	0.443	0.064
Emsy	3.76189006198357e-05	0.195994748561964	0.674055461306216	0.105	0.082	0.023
Hdac8	3.76193694478072e-05	0.221912322667016	0.67406386176581	0.109	0.085	0.024
Cntn3	3.79586345176168e-05	0.283049844488636	0.680142813286657	0.207	0.165	0.042
Arid1b	3.81324513450534e-05	0.224581508785984	0.683257263200667	0.323	0.271	0.052
Ube2d2a	3.82045564707595e-05	-0.1383877460647	0.684549242843069	0.173	0.172	0.001
Fam193a	3.89137650346659e-05	0.172944514374246	0.697256841891143	0.207	0.171	0.036
Elapor2	4.02614846654371e-05	0.227110582046307	0.721405282235302	0.332	0.275	0.057
Elovl6	4.05351016420798e-05	0.394761021483055	0.726307951222786	0.208	0.168	0.04
Rbm26	4.18610514905302e-05	0.130401264232212	0.75006632060732	0.171	0.144	0.027
Tfeb	4.2675766024878e-05	0.286968647217366	0.764664375633764	0.226	0.179	0.047
Zcchc7	4.27319719234772e-05	-0.137309268954638	0.765671472924864	0.571	0.57	0.001
Rab31	4.32417489406262e-05	-0.15133665409416	0.77480565751814	0.576	0.573	0.003
Kcnq3	4.32931844388001e-05	0.135277700406827	0.775727278774421	0.839	0.792	0.0469999999999999
Arfgef2	4.38120931725041e-05	0.261749027869085	0.785025085464929	0.276	0.226	0.05
Eps15	4.44960825855367e-05	-0.135881747000307	0.797280807767647	0.404	0.398	0.00600000000000001
Tex2	4.55541914924736e-05	0.172039106352137	0.816240003162143	0.255	0.21	0.045
Akap9	4.64658103918181e-05	0.169448311853169	0.832574390600596	0.269	0.226	0.043
Swt1	4.6478073947787e-05	0.451991711857095	0.832794128996447	0.133	0.101	0.032
Rps6ka5	4.68362826422622e-05	0.103333033077273	0.839212512384054	0.518	0.462	0.056
Mapk6	5.00027336172047e-05	0.209216549196256	0.895948980953073	0.111	0.085	0.026
Kazn	5.02201152637406e-05	-0.242024560751756	0.899844025295704	0.308	0.326	0.018
Usp34	5.05016114549798e-05	0.184636343690639	0.904887874050327	0.288	0.24	0.048
Ythdc1	5.13932205637167e-05	0.386642769474835	0.920863726060676	0.184	0.147	0.037
Dock5	5.25244769161509e-05	0.165304324291366	0.941133577383593	0.466	0.405	0.061
Peli2	5.43662361029027e-05	0.438780858229741	0.97413421849181	0.128	0.092	0.036
Grm3	5.5060224808572e-05	-0.115511205139305	0.986569108119994	0.833	0.828	0.005
Rasa3	5.54267663587187e-05	0.21126396897189	0.993136799615521	0.274	0.223	0.051
Pigu	5.68499569198034e-05	0.41659128618661	1	0.132	0.101	0.031
Ago3	5.82419624879966e-05	0.149505936483298	1	0.33	0.281	0.049
Ptp4a2	5.96090393056178e-05	0.364324925151118	1	0.149	0.11	0.039
Mllt10	6.24469096992573e-05	0.119910365824792	1	0.212	0.179	0.033
Lrrc28	6.3210159443036e-05	0.131823639373934	1	0.226	0.189	0.037
Setd3	6.36943560423318e-05	0.474502118763029	1	0.101	0.069	0.032
Gna12	6.38899727446994e-05	0.174069445278099	1	0.477	0.416	0.061
Picalm	6.55475652495252e-05	-0.119408949347528	1	0.603	0.596	0.00700000000000001
Klf7	6.64576278065792e-05	0.125666742055765	1	0.439	0.386	0.053
Ckap5	6.76780981283771e-05	0.16165304814123	1	0.233	0.192	0.041
Ptprm	6.8798697029753e-05	0.40698699283942	1	0.155	0.111	0.044
Brwd1	6.901346903363e-05	0.260685307795022	1	0.261	0.215	0.046
Hip1r	6.9182426556081e-05	0.527858748104979	1	0.108	0.075	0.033
Smad7	7.208402183871e-05	0.13841471764458	1	0.344	0.292	0.052
Cnot1	7.43819012545985e-05	0.350808964069689	1	0.191	0.148	0.043
Stard13	7.64932388804229e-05	-0.192393398816108	1	0.494	0.505	0.011
Schip1	7.71883406917974e-05	0.235361891541684	1	0.256	0.213	0.043
Vgll4	7.86835098170857e-05	0.152513165189013	1	0.335	0.289	0.046
Kcna1	7.98838786248248e-05	-0.282897286762935	1	0.294	0.314	0.02
Thra	8.00672482619178e-05	-0.165919217703732	1	0.278	0.285	0.00699999999999995
Dennd4a	8.06858132562002e-05	-0.119352620898323	1	0.223	0.22	0.003
Ank	8.43691726558403e-05	0.179917941248681	1	0.506	0.439	0.067
Gpbp1l1	8.55698163935568e-05	0.595956454525331	1	0.127	0.087	0.04
Smg6	8.60729467308881e-05	0.219224482488879	1	0.239	0.194	0.045
Prkacb	8.67874586714876e-05	0.131984925375847	1	0.291	0.247	0.044
Clasrp	8.69482638673378e-05	-0.158074630207743	1	0.3	0.299	0.001
Reps2	8.72907685906801e-05	-0.639473206142566	1	0.082	0.107	0.025
Mboat1	8.88180217039223e-05	0.184859723565273	1	0.304	0.256	0.048
Ncoa6	8.97545141512463e-05	0.179916449063696	1	0.244	0.201	0.043
Specc1	9.05543049816183e-05	0.186071222946793	1	0.45	0.389	0.061
Cox16	9.19433939813439e-05	0.138825144135542	1	0.307	0.262	0.045
Atp9b	9.58430739024363e-05	0.348615946539283	1	0.129	0.096	0.033
Gbf1	9.74547401473576e-05	0.210780576237107	1	0.216	0.176	0.04
Gpd2	9.76713855824675e-05	0.369611906577773	1	0.223	0.174	0.049
Rbpj	0.00010001995972448	0.500216396315874	1	0.128	0.09	0.038
Ubap2l	0.000110548500780065	0.42644783339223	1	0.153	0.116	0.037
Nedd4	0.000110651545859964	0.214214185588941	1	0.231	0.192	0.039
Hmg20a	0.000115539101430202	-0.130645887526673	1	0.168	0.164	0.004
Nr3c1	0.000119758617859047	0.174823195456752	1	0.295	0.245	0.05
Arhgef12	0.000121677115317738	0.289944164357483	1	0.245	0.198	0.047
Sema4d	0.000131168421001738	0.188776679288666	1	0.246	0.202	0.044
Spag9	0.000133257509488254	0.191369194836644	1	0.383	0.331	0.052
Fam228b	0.000134413139462922	-0.336511352896348	1	0.163	0.181	0.018
Aftph	0.000134434218521194	0.376240113569239	1	0.116	0.085	0.031
Nhlrc2	0.000135574326463817	0.478060520982997	1	0.11	0.08	0.03
Tppp	0.000136090007082177	0.218773175916046	1	0.278	0.23	0.048
Cop1	0.000141772078955627	0.362043951314329	1	0.187	0.146	0.041
Pds5b	0.000142040185521437	0.357559348284432	1	0.102	0.074	0.028
Xpo6	0.000146098888650651	0.36517124007993	1	0.147	0.117	0.03
Ints8	0.00014795029915437	-0.208906658389947	1	0.106	0.108	0.002
Ube2d1	0.000148769187047358	-0.180581793733276	1	0.358	0.37	0.012
Megf10	0.000154833206734594	0.198920485402626	1	0.457	0.4	0.057
Eif4h	0.0001559717578439	-0.366115176677459	1	0.096	0.109	0.013
Cyp2j12	0.000157049904999626	0.206372412336155	1	0.248	0.205	0.043
Ash1l	0.000158391966719126	0.260117652058131	1	0.233	0.188	0.045
Stx8	0.000160041921135753	0.387909285407168	1	0.137	0.105	0.032
Txndc16	0.000160442998758893	-0.1036284583309	1	0.385	0.381	0.004
Crppa	0.000165275553848294	-0.145946365798325	1	0.341	0.331	0.01
Phyhipl	0.000166399921464928	0.141662695906041	1	0.239	0.204	0.035
Cald1	0.000168065826068003	0.271971835334079	1	0.225	0.181	0.044
Fam234a	0.000172500428286261	0.291221325458314	1	0.211	0.167	0.044
Tgfa	0.000178777763664158	0.291386622869688	1	0.155	0.118	0.037
Nsd3	0.000182432156532718	0.225662546763332	1	0.216	0.174	0.042
Creb1	0.000183982659964281	-0.281697948827542	1	0.202	0.226	0.024
Carns1	0.000187412326194017	0.119674027154134	1	0.204	0.172	0.032
Kif13a	0.000187895086862922	0.144899505530723	1	0.698	0.648	0.0499999999999999
Slc6a6	0.000190427930015319	0.279665275941972	1	0.173	0.137	0.036
Zfp704	0.0001956885632677	0.226811626236351	1	0.356	0.304	0.052
Aig1	0.000196957669244157	0.106695582516835	1	0.514	0.462	0.052
Dctn4	0.000197039200373959	0.187919717129086	1	0.218	0.178	0.04
Ankrd12	0.000197055324651418	-0.309861813329402	1	0.196	0.217	0.021
Agmo	0.000204479954802049	-0.291422603422546	1	0.226	0.243	0.017
Mast3	0.000207019061714399	-0.172186017382268	1	0.492	0.505	0.013
Dicer1	0.000207948913621405	0.189386479310127	1	0.182	0.149	0.033
Fam13b	0.000209963910609547	0.214603759385213	1	0.288	0.241	0.047
Vmp1	0.000210134054254784	-0.151296128649704	1	0.666	0.679	0.013
Fxr1	0.000218121402500057	0.211193134766235	1	0.212	0.173	0.039
Prpf40a	0.000222126930659002	0.279521405036335	1	0.187	0.149	0.038
Nek7	0.000245354403316315	0.130249675788331	1	0.197	0.166	0.031
Gng7	0.000249371024082559	0.257888090036388	1	0.211	0.168	0.043
St6galnac3	0.000253683578725273	-0.103877356935365	1	0.945	0.94	0.005
Arrdc3	0.000253822365174808	-0.236421901201763	1	0.285	0.303	0.018
Pcx	0.000255331607295601	0.487055660306078	1	0.117	0.083	0.034
St3gal3	0.000259374579860652	-0.102695497197937	1	0.32	0.311	0.00900000000000001
Ncoa3	0.000259560681696884	0.109785584180266	1	0.239	0.203	0.036
Hnrnpdl	0.000259599330067196	0.165610266316459	1	0.25	0.212	0.038
Sh3kbp1	0.00025984318617281	0.199268053291916	1	0.475	0.418	0.057
Zfp771	0.000262471623180679	0.368968550716454	1	0.137	0.101	0.036
Irf2	0.000262892613657538	0.490255034752401	1	0.174	0.128	0.046
Zfand5	0.000263825519503058	0.400246312188523	1	0.145	0.108	0.037
Btaf1	0.00026467070320509	0.295621217250985	1	0.158	0.122	0.036
Jak2	0.000268159125724838	0.122164620346256	1	0.289	0.25	0.039
Clk1	0.000272488908273541	-0.160558263523219	1	0.263	0.266	0.003
Mob2	0.000274034210881494	0.411380403395349	1	0.111	0.08	0.031
Dennd6a	0.000285223192434832	-0.158666770283808	1	0.175	0.176	0.001
Mcam	0.000285349703121471	0.539511881783398	1	0.112	0.079	0.033
Numa1	0.000288305264749565	0.439899219244575	1	0.111	0.084	0.027
Inpp5f	0.000292125390870236	0.109216301896588	1	0.465	0.415	0.05
Ankrd11	0.000292152162459265	0.367390006609239	1	0.17	0.133	0.037
Tecpr2	0.000293329837916747	0.32422587541446	1	0.206	0.164	0.042
Hapln2	0.000296389876937	-0.236062172345499	1	0.387	0.416	0.029
Sppl3	0.000303125148202618	0.398843921310959	1	0.104	0.085	0.019
Cxxc5	0.000309385883011861	0.432847274178507	1	0.15	0.11	0.04
Fa2h	0.000309676058987396	0.112387450456589	1	0.68	0.625	0.055
Slc1a3	0.000330730792669829	-0.12655932842293	1	0.241	0.231	0.00999999999999998
Mdm4	0.000334186751080087	0.225132206820098	1	0.291	0.243	0.048
Asxl3	0.000335156984631858	0.281784529307803	1	0.278	0.228	0.05
Tspan9	0.000337865369386737	0.426076430465528	1	0.198	0.157	0.041
Fbxo11	0.000345889254116626	0.286257798696402	1	0.208	0.169	0.039
Rapgef6	0.000350379421396712	-0.102548734542234	1	0.145	0.138	0.00699999999999998
Epc1	0.000355050900007044	0.153782497880283	1	0.289	0.247	0.042
Nup98	0.000355464696931092	0.343875490695034	1	0.138	0.107	0.031
Cd81	0.000365854060371264	-0.30379843574786	1	0.139	0.157	0.018
Ext1	0.000369313988782032	0.123532543127078	1	0.238	0.207	0.031
Cyrib	0.000372585206868962	0.106828184193264	1	0.197	0.169	0.028
Immt	0.000377076862742089	-0.205402202842393	1	0.131	0.134	0.003
Cpd	0.000397007358909324	0.151398776101241	1	0.364	0.318	0.046
Sec62	0.000397309605135129	-0.338551051742534	1	0.102	0.119	0.017
Zfand6	0.000401811091805257	0.186677838573741	1	0.314	0.268	0.046
Abca1	0.000409244880442423	0.216678478825598	1	0.219	0.177	0.042
Garem1	0.000413985915696033	0.464464207411185	1	0.115	0.085	0.03
Scaf8	0.000432752663562476	0.180246408497095	1	0.179	0.147	0.032
Otulin	0.00043352553346799	-0.191609058020499	1	0.152	0.155	0.003
Ppfibp2	0.00043542673098328	0.193256856876424	1	0.502	0.443	0.059
Chd4	0.000440061166953008	0.215987467665176	1	0.109	0.085	0.024
Micu2	0.000442100099798924	-0.159262371914693	1	0.182	0.178	0.004
Map3k3	0.000457789110724913	-0.499419940875317	1	0.081	0.112	0.031
Hdac7	0.00046403018251605	0.284604806186006	1	0.146	0.114	0.032
Tom1l2	0.000469709213230782	0.135175769837672	1	0.42	0.372	0.048
Slc9a9	0.000473846172327242	0.160909407023804	1	0.364	0.316	0.048
Trps1	0.000478526950380764	0.269684085402531	1	0.277	0.234	0.043
Zfp266	0.000489662389183546	-0.209978237604638	1	0.117	0.119	0.00199999999999999
Marf1	0.000502596365173023	-0.1667073364322	1	0.133	0.134	0.001
Gigyf2	0.000503567815075632	0.323480065488497	1	0.244	0.203	0.041
Dbi	0.000512119998152128	0.121768908515972	1	0.136	0.111	0.025
Lcor	0.000512376667195359	0.124545551416779	1	0.213	0.184	0.029
Grb14	0.000528215001469532	-0.110784118901348	1	0.501	0.5	0.001
Arsg	0.000531008747521808	0.194676772800835	1	0.411	0.36	0.051
Paqr8	0.000532106589914271	0.398052858489885	1	0.136	0.107	0.029
Insc	0.000536361631272265	0.149680567609845	1	0.337	0.289	0.048
Nipal4	0.000536801741950248	0.188786197059964	1	0.16	0.127	0.033
Kif1a	0.000537785780437344	0.313316941329499	1	0.139	0.111	0.028
Ppp3ca	0.000545392018414039	0.178093926471913	1	0.261	0.223	0.038
Ralgapa1	0.000546339004076419	-0.114806011927714	1	0.26	0.255	0.005
Bicd2	0.000570939909987274	0.221482336104065	1	0.135	0.108	0.027
Phf14	0.000583248416001063	-0.300386982368458	1	0.249	0.279	0.03
Vps8	0.000587237269921405	-0.103022336945673	1	0.432	0.427	0.005
Zfp182	0.000596784523662519	-0.102908415562235	1	0.177	0.17	0.00699999999999998
Spsb1	0.000600101622689649	0.340303315977178	1	0.136	0.103	0.033
Pik3c2a	0.000608838018328197	-0.289807089822828	1	0.12	0.129	0.00900000000000001
Acss2	0.000616363678191983	-0.3404569123549	1	0.09	0.102	0.012
Fbxl5	0.000625717570100714	-0.202450121117798	1	0.299	0.308	0.00900000000000001
Afap1l1	0.000648797545537868	0.238886857677809	1	0.185	0.15	0.035
Ugp2	0.000649558826263216	0.357285274103361	1	0.205	0.168	0.037
Myrf	0.000657746343797861	0.190535677013294	1	0.236	0.196	0.04
Setd2	0.000663359899602677	-0.182613900230761	1	0.132	0.136	0.004
Csnk2a1	0.000669010130856559	0.501183378228103	1	0.104	0.072	0.032
Srek1	0.000669115673293214	0.201747321301471	1	0.128	0.104	0.024
Rb1cc1	0.000672861963196509	0.31768112973289	1	0.13	0.101	0.029
Fkbp15	0.000685724735612904	0.388523476365144	1	0.102	0.074	0.028
Prex1	0.00069753593436535	0.299050928410606	1	0.14	0.107	0.033
Map4	0.000703596069975592	0.102831051351247	1	0.626	0.577	0.049
Prpf4b	0.000718307828152933	0.294946974377654	1	0.186	0.148	0.038
Cldn11	0.000724246226124281	-0.22805608274041	1	0.434	0.455	0.021
Lrrc1	0.000751679316651374	0.124032437982423	1	0.207	0.176	0.031
Osbp	0.000751681575757846	-0.163121927585586	1	0.106	0.105	0.001
Usp54	0.000758044921614963	-0.105460266531617	1	0.591	0.584	0.00700000000000001
Parp8	0.000759559432633571	-0.180341080340506	1	0.157	0.159	0.002
Spata5	0.000761964989808016	0.290129738887717	1	0.14	0.112	0.028
Clock	0.000773653763641743	0.166834591179904	1	0.253	0.216	0.037
Zfp236	0.000791912486275205	0.36045352256785	1	0.103	0.076	0.027
Zfp292	0.000793894619657726	0.304641569736051	1	0.136	0.106	0.03
Krit1	0.000803624645388332	-0.168021856348924	1	0.202	0.206	0.00399999999999998
Rsrc2	0.000807189048869628	-0.169794906681899	1	0.104	0.108	0.004
Senp7	0.000811224829430717	-0.264896688316505	1	0.125	0.137	0.012
Map2k5	0.000813491391799207	-0.202955373130417	1	0.3	0.317	0.017
Rev3l	0.000847479061169863	0.203868575490109	1	0.238	0.201	0.037
Tmed10	0.000857964705445735	0.411087334916198	1	0.134	0.1	0.034
Slc10a7	0.000858391593505972	0.384580065166409	1	0.175	0.134	0.041
1700025G04Rik	0.000873765073225025	0.138928159950426	1	0.18	0.152	0.028
Kctd3	0.000892369535447841	-0.11425627378604	1	0.386	0.381	0.005
Tcf20	0.00090925953720607	0.277040722400744	1	0.17	0.139	0.031
Aatf	0.000909403551268148	0.305282151091714	1	0.155	0.121	0.034
Cwf19l2	0.000927515916304529	-0.166328752586204	1	0.118	0.12	0.002
Frmd8	0.00094200490921602	0.254306002252721	1	0.183	0.149	0.034
Acyp2	0.000942578197319768	0.152456837166671	1	0.383	0.335	0.048
Asb3	0.000956646476558467	0.295070929376178	1	0.15	0.12	0.03
Dgkd	0.000970050306293834	0.402568613160491	1	0.114	0.086	0.028
Plod1	0.000991799617747868	0.333528071173298	1	0.126	0.094	0.032
Slc22a23	0.00100744290395395	0.202672196588616	1	0.397	0.344	0.053
Cep97	0.00101265118782472	0.106527471436231	1	0.318	0.278	0.04
Pam	0.0010247517652661	-0.208169105184293	1	0.155	0.153	0.002
Xpo7	0.00105117890954075	0.39702362871715	1	0.146	0.112	0.034
Ddx46	0.00105919568630017	0.147321814309485	1	0.111	0.09	0.021
Nrip1	0.00106625816072299	0.181382966983581	1	0.1	0.079	0.021
Bcorl1	0.00106888789740886	0.455724358131978	1	0.121	0.092	0.029
Atp1b3	0.00107001506846479	0.259135889805186	1	0.212	0.171	0.041
Cdh10	0.00107497369006775	-0.112590257703652	1	0.618	0.624	0.00600000000000001
Bcas1	0.00108721477828545	0.10007454602689	1	0.726	0.679	0.0469999999999999
Rnf220	0.00110929052696236	0.137429575603783	1	0.928	0.907	0.021
Lrrc8b	0.00112744365098789	0.175284398134337	1	0.323	0.279	0.044
Chuk	0.00114107757920116	0.347927355517472	1	0.134	0.103	0.031
Etv1	0.00115671100946454	0.39942358786102	1	0.118	0.087	0.031
Rtkn2	0.00123470855299502	-0.149839840848333	1	0.18	0.178	0.002
Sos1	0.00123892806642971	0.472079445019461	1	0.125	0.094	0.031
Armh3	0.00125696259493038	0.325379743005842	1	0.17	0.139	0.031
Auts2	0.00127586630788947	-0.132176974469934	1	0.687	0.717	0.0299999999999999
Ipo13	0.00128063717943749	0.183510112001041	1	0.119	0.095	0.024
Zfp62	0.00130577101051733	0.253987145645507	1	0.104	0.081	0.023
Pan3	0.0013648012399361	0.270039604616671	1	0.225	0.186	0.039
Tra2b	0.00140107030275674	-0.181975654219274	1	0.135	0.139	0.004
Sh3gl3	0.00141562147199031	0.245102835328785	1	0.232	0.192	0.04
Adcy5	0.00143753128950216	0.231410762403298	1	0.147	0.12	0.027
Lama2	0.00144079139119163	-0.228129132046456	1	0.407	0.422	0.015
Smarca2	0.00144513154985461	0.22620362160267	1	0.161	0.14	0.021
Ubr3	0.00145577985240806	0.2322445036903	1	0.221	0.182	0.039
Spred1	0.0014711683186001	0.10582978582991	1	0.126	0.107	0.019
Cblb	0.00148279407404101	0.353602521114335	1	0.146	0.114	0.032
Dstyk	0.00149013840188623	0.186227196766503	1	0.224	0.186	0.038
Efcab14	0.001502446501113	-0.148649031341927	1	0.274	0.272	0.002
Trim2	0.00151837705132085	0.124760496527899	1	0.729	0.679	0.0499999999999999
Agps	0.00152299675651091	0.178195290313332	1	0.2	0.165	0.035
Glcci1	0.00152745698602007	0.24328867369914	1	0.268	0.224	0.044
Rabgap1	0.00153754376442098	-0.110635162721113	1	0.262	0.254	0.00800000000000001
Cnot4	0.0015385514902267	0.110865973226203	1	0.213	0.183	0.03
Raf1	0.00155101892483793	0.194447885028704	1	0.113	0.091	0.022
Wdfy2	0.00155320147590584	0.211521240978489	1	0.282	0.24	0.042
Hycc1	0.00155449635539139	0.157773694316291	1	0.286	0.247	0.039
Washc2	0.00155531250514175	0.303827329497953	1	0.158	0.125	0.033
Klhl4	0.00156811174589849	-0.108710914999625	1	0.236	0.227	0.00899999999999998
Usp31	0.00162022060219918	0.151847724779219	1	0.405	0.359	0.046
Phkb	0.0016204709518448	0.326404534603513	1	0.18	0.142	0.038
Btbd7	0.00162762235658167	0.32799860504133	1	0.153	0.12	0.033
Nfat5	0.00163903590467349	0.208902419540472	1	0.247	0.206	0.041
Phip	0.00165729100238013	0.197020720758456	1	0.286	0.245	0.041
Gria4	0.00167688506498261	-0.247952393424499	1	0.176	0.18	0.004
Lpcat3	0.00168105025907152	0.318235734756518	1	0.11	0.083	0.027
Kmt5b	0.0016909486749702	0.2291206876496	1	0.217	0.181	0.036
Cfl2	0.00172670053630251	-0.278540490519015	1	0.127	0.137	0.01
Trp53bp2	0.00174530063738258	0.10237716085077	1	0.225	0.192	0.033
Creb5	0.00176722007841238	0.125353553227477	1	0.582	0.536	0.0459999999999999
Ppp4r3b	0.00179012504479378	-0.239455543986138	1	0.1	0.107	0.00699999999999999
Enox2	0.00180645603203196	-0.183922517552447	1	0.225	0.232	0.00700000000000001
Ctnnd1	0.00187233832889418	0.53416616207828	1	0.101	0.072	0.029
Cdk13	0.00189136767759765	0.141087541218175	1	0.17	0.145	0.025
Arhgap17	0.00191517756804734	0.43153680905762	1	0.114	0.084	0.03
Dcps	0.00193854632935023	0.335927808994923	1	0.159	0.124	0.035
Dot1l	0.00195281645646217	0.311496723456572	1	0.157	0.127	0.03
Pter	0.00196320448678997	-0.361161938124527	1	0.092	0.102	0.01
Hapstr1	0.00196896910201843	-0.308145346902003	1	0.118	0.13	0.012
Ube2b	0.00197247242222177	0.212251914396097	1	0.174	0.147	0.027
Rtn3	0.00199959028982424	-0.414970667549743	1	0.095	0.11	0.015
Pafah1b2	0.00204122825824121	0.373630345374484	1	0.155	0.119	0.036
Il33	0.00205734186274092	-0.193405223028916	1	0.441	0.464	0.023
Plekhh2	0.00206289092157867	0.160547145147786	1	0.259	0.221	0.038
Phf20	0.00206777355126439	-0.107208843684888	1	0.194	0.19	0.004
Srgap2	0.00208611462132287	0.269304124758174	1	0.154	0.128	0.026
Bbs9	0.00208983328981292	0.204905709726652	1	0.175	0.144	0.031
Sox10	0.00209028895792772	0.101499284307485	1	0.393	0.354	0.039
Gspt1	0.0021425463076922	0.363941030324829	1	0.1	0.077	0.023
Gpbp1	0.00221818244525524	0.328254023261759	1	0.102	0.078	0.024
Klf3	0.00235028885871051	0.259881478689429	1	0.135	0.106	0.029
Mvb12b	0.00239146199523277	0.134581239988123	1	0.234	0.203	0.031
Dusp11	0.00239639466715272	0.207648693208335	1	0.218	0.179	0.039
Fermt2	0.00240660148073982	0.164504891160499	1	0.22	0.189	0.031
Mpzl1	0.00240678939639658	0.100789855398992	1	0.315	0.276	0.039
Sp4	0.0024084470600639	-0.213774353420772	1	0.176	0.187	0.011
Gtf2f2	0.00245244242545983	0.236759092027044	1	0.148	0.12	0.028
Smarca5	0.00246623343648959	0.181321403103298	1	0.118	0.097	0.021
Elovl5	0.0025954899249797	0.325750728882026	1	0.179	0.143	0.036
Tmem88b	0.00260553609861854	0.15017038348552	1	0.202	0.174	0.028
Fktn	0.00262875166917816	0.113182451913943	1	0.19	0.164	0.026
Ehmt1	0.00264236104500223	0.262490266303092	1	0.169	0.138	0.031
Nudt4	0.00266868366598348	0.367028247522085	1	0.115	0.087	0.028
Dock3	0.00268073347116491	0.126700283090137	1	0.247	0.217	0.03
Kcnk13	0.00271237809722937	0.14357089238672	1	0.45	0.402	0.048
Arid1a	0.00276018394106595	0.285576142089902	1	0.173	0.14	0.033
Gprc5b	0.00276900369074927	0.205868326113986	1	0.226	0.19	0.036
Hip1	0.00277236884257115	-0.142676188844148	1	0.308	0.311	0.003
1110059E24Rik	0.00278761960103306	0.242647739560865	1	0.145	0.115	0.03
Foxo1	0.0027897628953665	0.450115816491655	1	0.132	0.101	0.031
Lin52	0.00285100833563683	0.159253330552732	1	0.177	0.149	0.028
Irs2	0.00292846570087363	0.426379979244114	1	0.126	0.098	0.028
Atg4c	0.00292896748066059	-0.16856700037664	1	0.309	0.314	0.005
Spast	0.00293288817784827	0.452744377918009	1	0.123	0.092	0.031
Tmc7	0.00294168620774878	0.17145558479629	1	0.164	0.137	0.027
Snx6	0.00295284715024633	-0.197154948550423	1	0.118	0.12	0.002
Abca8a	0.00295368864245288	-0.158358335607351	1	0.377	0.382	0.005
Abca8b	0.00296111127391151	0.190376194239988	1	0.228	0.195	0.033
Pip4k2a	0.00299339338377424	-0.10597465095553	1	0.641	0.646	0.005
Kpna4	0.0029935453138878	0.145113931392068	1	0.205	0.175	0.03
Top1	0.00302888933465804	-0.401322716218659	1	0.083	0.101	0.018
Mtmr2	0.00305927419454453	-0.168905992092273	1	0.272	0.282	0.00999999999999995
AU040320	0.00306138920566191	0.268886630605115	1	0.17	0.139	0.031
Acin1	0.00307062978157079	-0.102639686700213	1	0.133	0.131	0.002
Acox1	0.00308354961311943	-0.250161906032075	1	0.179	0.193	0.014
Cilk1	0.00312942124631763	0.205757822605048	1	0.272	0.231	0.041
Pgap1	0.00319079015265156	0.20073308528798	1	0.136	0.11	0.026
Chchd3	0.00319811837029315	0.284157355256744	1	0.133	0.104	0.029
Sox2	0.00321264618489119	0.275000420090325	1	0.158	0.125	0.033
Asxl2	0.00321507066295535	0.138919931454019	1	0.267	0.232	0.035
Trappc10	0.00325794100423442	0.147527417431117	1	0.233	0.199	0.034
Myh14	0.00330574140632418	0.220322579965905	1	0.127	0.102	0.025
Fbxl3	0.00334080851476108	-0.194773277506719	1	0.208	0.217	0.00900000000000001
Rc3h1	0.00336394965502463	0.16873041706651	1	0.269	0.23	0.039
Mnat1	0.00339125792380524	0.283291895277995	1	0.122	0.095	0.027
Thada	0.00343483155663449	-0.13365261362357	1	0.169	0.17	0.001
Plekha5	0.00348029817159434	0.125174812122679	1	0.196	0.175	0.021
Papola	0.00355575861257822	0.219613689020313	1	0.131	0.106	0.025
Acaa1a	0.00359700138381653	0.174816263071856	1	0.123	0.101	0.022
Rictor	0.00361037402507725	0.104893775389314	1	0.199	0.172	0.027
Scaf11	0.00369004736071556	0.257373524463064	1	0.179	0.146	0.033
Rab3gap1	0.00370365927403052	0.172301847443164	1	0.101	0.084	0.017
Psen1	0.00374121821215203	0.396751967448187	1	0.154	0.121	0.033
Pxk	0.00376188936794374	-0.249658496899734	1	0.131	0.141	0.00999999999999998
Pias1	0.00379037820569379	0.28822030144318	1	0.148	0.119	0.029
Pdpk1	0.0038314984847269	0.27851485065056	1	0.104	0.081	0.023
Matr3	0.00390629755815876	-0.128390319215345	1	0.177	0.175	0.002
Nktr	0.00391806994808971	0.108941160283879	1	0.273	0.241	0.032
Amy1	0.00394326727725764	-0.167342285934529	1	0.157	0.161	0.004
Tns3	0.00395990405398557	0.186432499933267	1	0.254	0.216	0.038
Scfd1	0.00396433369729448	0.40976253138163	1	0.106	0.079	0.027
Csde1	0.00398314299079657	-0.372348658469778	1	0.1	0.119	0.019
Suco	0.00400572216550148	0.29588642912199	1	0.102	0.087	0.015
Jarid2	0.00409172336165483	0.195019777561716	1	0.261	0.228	0.033
Atp2c1	0.00409558667548078	0.198768764962639	1	0.265	0.228	0.037
Gtf3c2	0.00417914482309011	-0.224943976296679	1	0.136	0.145	0.00899999999999998
Kdm5a	0.00421454367249289	0.321801275802318	1	0.108	0.085	0.023
Srcap	0.00423637046301818	0.360120762077031	1	0.139	0.11	0.029
Mbd5	0.00424799917746784	-0.223965832136972	1	0.239	0.257	0.018
Thoc2l	0.0042503369727295	-0.479885654989954	1	0.102	0.129	0.027
Srrm1	0.00426583575669668	0.111776172354327	1	0.267	0.235	0.032
Oga	0.0042772417598596	0.32372068137201	1	0.132	0.107	0.025
Ube2e3	0.00432336366163169	-0.258934671076489	1	0.163	0.178	0.015
Phldb1	0.00432832446572559	0.161270578437407	1	0.739	0.697	0.042
Mysm1	0.00434925133533477	-0.114005129716875	1	0.123	0.12	0.003
Prtg	0.004410057688629	0.286316526965756	1	0.109	0.086	0.023
Far1	0.00441885921640749	-0.148845197313434	1	0.149	0.148	0.001
Cntln	0.00455142509228478	0.196277627431331	1	0.147	0.124	0.023
Mgrn1	0.00460413727900775	0.233106309101948	1	0.162	0.132	0.03
Ccnt1	0.00462457015415688	0.130363387230628	1	0.131	0.111	0.02
Shprh	0.00463902966814594	0.26961822171246	1	0.107	0.093	0.014
Scarb2	0.004649820771079	-0.134354430721949	1	0.187	0.187	0
Ldah	0.00474555082282817	-0.210701794886705	1	0.108	0.111	0.003
Mgat3	0.00476978082112023	0.306630572477806	1	0.138	0.108	0.03
Ccnd3	0.0047711271350596	0.132435217270118	1	0.104	0.085	0.019
Ano10	0.00492490142885436	0.20221299291357	1	0.111	0.09	0.021
Phc2	0.00503950827878791	0.250150159093743	1	0.12	0.095	0.025
Slc25a12	0.00504459450371221	0.292415114197868	1	0.124	0.102	0.022
Clic4	0.00518422820182816	0.111756020313341	1	0.367	0.325	0.042
Zfyve16	0.00521054677608033	0.275784083143069	1	0.11	0.088	0.022
Diaph2	0.00528096512760469	0.303752696396833	1	0.124	0.1	0.024
Stx6	0.00531840574224826	0.28612922580687	1	0.143	0.112	0.031
Ppp3cc	0.00537240611838183	-0.392978526947981	1	0.086	0.102	0.016
Slc13a1	0.00537689843355063	-0.444355054765304	1	0.085	0.104	0.019
Map1a	0.0054166259642848	0.110847934753057	1	0.104	0.089	0.015
Tmem132b	0.00554728005533777	0.221300589441645	1	0.125	0.114	0.011
Secisbp2l	0.00563413139320225	0.114389860113251	1	0.291	0.256	0.035
Parg	0.00567705602473905	0.126974974495109	1	0.215	0.189	0.026
Herc1	0.00571690811238592	-0.460195671542564	1	0.094	0.128	0.034
Ppp1r12b	0.005728096120111	0.312975761787068	1	0.109	0.085	0.024
Eml2	0.00582043240786666	0.201505795652863	1	0.255	0.22	0.035
Mark2	0.00592474338759821	0.132184334103098	1	0.149	0.128	0.021
Pcdh11x	0.00596817289947655	0.172566637661289	1	0.242	0.207	0.035
Rptor	0.00597927630671758	-0.277001415377339	1	0.132	0.147	0.015
Wscd1	0.0060050424598081	0.149925945969831	1	0.315	0.274	0.041
Appbp2	0.00613011264955778	0.242051455546753	1	0.202	0.176	0.026
Rabep1	0.00613784269202792	0.336102959927772	1	0.1	0.08	0.02
Ylpm1	0.00633010304920313	0.187159147981386	1	0.117	0.1	0.017
Ak3	0.00644673070278266	-0.329307427749787	1	0.098	0.114	0.016
Ppp1r21	0.00645139622671518	0.1599779204122	1	0.348	0.301	0.047
Dusp15	0.00652911257832196	0.216522456119359	1	0.183	0.15	0.033
Il18	0.00655086523852379	-0.162018450925884	1	0.271	0.28	0.00900000000000001
Smchd1	0.00664696649299032	-0.168828191763151	1	0.122	0.123	0.001
Gak	0.00668357018094285	0.296041718913637	1	0.104	0.081	0.023
R3hcc1l	0.00684111515121077	0.227259840249352	1	0.218	0.182	0.036
Smc5	0.0069116462667693	0.115428102788261	1	0.144	0.125	0.019
Lamp2	0.00695482943335449	0.225780861438331	1	0.196	0.162	0.034
Ralyl	0.00699820790760796	-0.412451368363566	1	0.099	0.123	0.024
Cbfa2t2	0.0070583908612097	0.27841878316896	1	0.11	0.087	0.023
Kif21b	0.00724918756443939	-0.290686695766972	1	0.102	0.111	0.00900000000000001
Vbp1	0.00754250947677478	0.369052782611844	1	0.102	0.077	0.025
Cipc	0.00787642816971085	-0.138674622028853	1	0.453	0.458	0.005
Msl2	0.00792399637145383	0.357084037775666	1	0.105	0.08	0.025
Hsp90aa1	0.00797310389591454	-0.295043762598586	1	0.108	0.12	0.012
Hnrnpc	0.0080478793326849	0.297028145363907	1	0.122	0.098	0.024
Kcnj10	0.00816835007076051	0.214534049073465	1	0.188	0.157	0.031
Psat1	0.00822055567383269	-0.239034382636487	1	0.139	0.149	0.00999999999999998
Snx15	0.0083762451071163	0.12895993171895	1	0.151	0.128	0.023
Ubac2	0.00841176047324617	0.241847647306571	1	0.135	0.111	0.024
Sfswap	0.00857824169901223	0.127647834266854	1	0.186	0.16	0.026
Dcaf6	0.00874887238356245	-0.26974243995555	1	0.161	0.181	0.02
Rbm27	0.00878889276190097	0.358551405570287	1	0.104	0.079	0.025
Ccnyl1	0.00889263948684024	0.253899298332649	1	0.108	0.085	0.023
Ctcf	0.00898895230376091	0.171549092697993	1	0.105	0.087	0.018
Cdc42se2	0.00903943264046422	0.116781255315403	1	0.336	0.302	0.034
Hs3st1	0.00924714099091533	0.290401005760654	1	0.173	0.139	0.034
Herc2	0.00936530675342239	0.206079351939896	1	0.185	0.159	0.026
Nek1	0.00945106360441371	0.153416480486105	1	0.119	0.101	0.018
Dennd11	0.00962684607666343	0.265656643165514	1	0.15	0.12	0.03
Gtf2a1	0.00965002204918761	-0.337768638504838	1	0.09	0.104	0.014
Tspan15	0.00970652981311275	0.206079866342161	1	0.147	0.12	0.027
Erbb3	0.00974194083385565	0.188854554805716	1	0.131	0.106	0.025
Zfp280d	0.00980612663791233	-0.204453750745343	1	0.324	0.346	0.022
Mfn1	0.00986348272509477	-0.113000309889705	1	0.184	0.182	0.002
Nsd2	0.00991273391415497	0.251012798177804	1	0.124	0.099	0.025
Ube2g1	0.00993465393650353	0.172009032215359	1	0.233	0.2	0.033
Rap1gds1	0.0102800903958768	0.168420668832394	1	0.199	0.171	0.028
Chd6	0.0102815112981153	-0.104872281015457	1	0.211	0.213	0.002
Zfp207	0.0103779463022454	0.181363477289849	1	0.108	0.09	0.018
Pum1	0.0103865136678308	0.194931114759919	1	0.185	0.162	0.023
Mthfs	0.0104387565682332	0.108667222263813	1	0.166	0.143	0.023
Trim24	0.0104529534690501	0.221241064162663	1	0.149	0.131	0.018
Ralgds	0.0106343789661091	0.258998103159279	1	0.102	0.081	0.021
Glg1	0.0107506801276149	0.128244380047383	1	0.113	0.097	0.016
Pcmtd1	0.0107582854794615	-0.138201808705612	1	0.19	0.195	0.005
Zfp277	0.010809652022989	0.34272023818305	1	0.112	0.091	0.021
Map7d1	0.0108374697300191	-0.172247592050746	1	0.171	0.176	0.00499999999999998
Fars2	0.0111390881403738	-0.310221818810557	1	0.11	0.119	0.00899999999999999
Ctdspl2	0.0112517779720336	0.368341176482129	1	0.111	0.086	0.025
Eif2s3y	0.0115278830247261	-0.172163522768	1	0.099	0.122	0.023
Clip2	0.0116308432193572	0.238463885298407	1	0.191	0.159	0.032
Srpk3	0.0117124117837209	0.255852985180947	1	0.128	0.102	0.026
Cdip1	0.0118166094575682	-0.230831079405721	1	0.196	0.211	0.015
Fnbp4	0.0118985640423059	-0.155111145168025	1	0.105	0.109	0.004
Fam117b	0.0120801663709959	0.208598444211422	1	0.11	0.09	0.02
Mpp2	0.0121072308817094	0.198057078274265	1	0.109	0.089	0.02
Parm1	0.0123693352590816	0.415533436200749	1	0.152	0.12	0.032
Ap3b1	0.0123805120200154	-0.102426704605288	1	0.257	0.253	0.004
Lamc1	0.0124446865426283	-0.248181593029524	1	0.099	0.105	0.00599999999999999
Nudcd3	0.0125021259896704	0.234224184446944	1	0.117	0.096	0.021
Snx30	0.0125411878465039	0.171543559295968	1	0.368	0.326	0.042
Rbl2	0.0127196581621912	0.299476778744627	1	0.147	0.122	0.025
Sil1	0.0127694119974323	0.131519032516083	1	0.154	0.133	0.021
Pla2g4a	0.0128984915362842	0.156260414399411	1	0.168	0.141	0.027
Smc1a	0.0130868039540036	-0.260783314784779	1	0.11	0.12	0.01
Ttc14	0.0131388295784256	-0.393786993490134	1	0.108	0.135	0.027
Snd1	0.0131782912614152	0.21831681254908	1	0.161	0.134	0.027
Pcyt1b	0.0131892004871242	-0.236615941132043	1	0.181	0.195	0.014
Arid5b	0.0131900884551735	-0.201854274436814	1	0.114	0.119	0.00499999999999999
Pign	0.0132185701619774	0.246361885212965	1	0.124	0.099	0.025
Aven	0.0132973269705103	-0.105012404761764	1	0.119	0.115	0.00399999999999999
Wdr70	0.0134997489240118	0.101043401984426	1	0.109	0.095	0.014
Actn4	0.0136859001176676	-0.226413548628818	1	0.195	0.211	0.016
Aplp2	0.013725657110692	-0.368485803520882	1	0.096	0.111	0.015
Rab11fip3	0.0137421912626223	0.10670278829733	1	0.133	0.114	0.019
Gabpb2	0.013778775365269	-0.247913333828705	1	0.112	0.122	0.01
Ints4	0.0138873255445535	0.130289286446169	1	0.165	0.143	0.022
Dmtf1	0.0138949380269211	-0.11979692487893	1	0.124	0.123	0.001
Lbr	0.0139901548610719	-0.285159841785622	1	0.102	0.112	0.01
Prrt1	0.0140875113251717	0.310546942076482	1	0.15	0.118	0.032
Stk3	0.0140879943554481	0.233958588442433	1	0.143	0.116	0.027
Zfyve1	0.0140938870059348	-0.109312380165694	1	0.203	0.203	0
Wasf2	0.0141166168571078	-0.157680287708898	1	0.165	0.169	0.004
Olig1	0.0145818906564576	-0.282736921148413	1	0.098	0.107	0.00899999999999999
Zdhhc17	0.0147633609951454	0.342153721335348	1	0.112	0.088	0.024
Ino80	0.0149261106216963	0.189420128226322	1	0.136	0.115	0.021
Mia2	0.015068595117036	-0.22541807349339	1	0.111	0.121	0.01
Crlf3	0.0151215858695292	-0.125267030494771	1	0.111	0.111	0
Mob3b	0.0151217711207184	0.165770799059519	1	0.347	0.306	0.041
Usp37	0.0153713329585273	0.238378535516298	1	0.116	0.095	0.021
Med13	0.0155166675519223	-0.299671095476029	1	0.091	0.104	0.013
Rsu1	0.0155282531786435	-0.212427496163953	1	0.134	0.138	0.004
Shroom3	0.0155731828166809	0.278395168621146	1	0.193	0.162	0.031
Pabpn1	0.0156556493930605	0.230494992598017	1	0.117	0.098	0.019
Tpd52l2	0.0156944276991258	-0.152031468650808	1	0.101	0.104	0.00299999999999999
Cd2ap	0.0156968177660345	-0.263356644486629	1	0.181	0.2	0.019
Sned1	0.0157047467680494	0.120199977771786	1	0.199	0.172	0.027
Usp6nl	0.015794088707094	0.149085019689826	1	0.188	0.161	0.027
Arhgap21	0.0157996949750075	-0.141266940967668	1	0.303	0.304	0.001
Rab11fip2	0.0159826736587851	-0.119332614822473	1	0.163	0.162	0.001
Fam135a	0.0160887767113369	0.31765044001494	1	0.121	0.1	0.021
Ddx6	0.0161727035292793	0.23944332981452	1	0.123	0.1	0.023
Usp24	0.0165215821258199	0.25401618405198	1	0.194	0.161	0.033
Phactr2	0.0166489821589948	-0.12004054076626	1	0.145	0.144	0.001
Nfe2l3	0.0166728808987781	0.131336104278528	1	0.28	0.247	0.033
Eri3	0.0166896035228749	0.103175695113525	1	0.214	0.19	0.024
Trpc4ap	0.0168289974618441	0.150001571576082	1	0.213	0.184	0.029
Clip3	0.0168349832571276	0.243940320800948	1	0.105	0.083	0.022
Sarnp	0.0173650795588212	0.281429310154172	1	0.114	0.091	0.023
Rusc2	0.0174611487623076	-0.141512253688846	1	0.128	0.129	0.001
Trip4	0.0175882743363338	0.215811195344254	1	0.137	0.116	0.021
Atf2	0.018013822247478	0.299660836209767	1	0.103	0.083	0.02
Galnt7	0.0182208938018565	-0.202199829123369	1	0.278	0.296	0.018
S100b	0.0184196722854335	0.200155171690929	1	0.103	0.083	0.02
Ulk2	0.0185740782129824	0.16424064976708	1	0.162	0.139	0.023
Sulf2	0.01858162345402	-0.216562986561971	1	0.151	0.163	0.012
Lap3	0.0186650962196849	0.258944420139621	1	0.136	0.111	0.025
Otud4	0.0187008053993085	-0.280229275327061	1	0.104	0.115	0.011
Snx32	0.0187465008411245	-0.110678911441854	1	0.109	0.11	0.001
Tbc1d22a	0.0189453895354427	0.356384746784075	1	0.122	0.095	0.027
Matn4	0.0191820322002329	-0.242093830309727	1	0.096	0.101	0.005
Dop1b	0.0192432886414169	0.200827209817636	1	0.229	0.196	0.033
Cep128	0.0192588297293126	-0.141442592838518	1	0.12	0.117	0.00299999999999999
Prdx1	0.0194446122758125	-0.169130608178331	1	0.175	0.173	0.002
Atg10	0.0198767083431293	0.283248903118052	1	0.131	0.108	0.023
Lypd6	0.0199949957890061	0.31753146072315	1	0.107	0.084	0.023
Sipa1l3	0.0201491221865234	0.376386528941746	1	0.103	0.079	0.024
Zfr	0.0202506415980873	-0.233439431811009	1	0.161	0.175	0.014
Trim35	0.0204567543256864	0.104383920795008	1	0.251	0.223	0.028
Elovl7	0.0205082441740203	0.130866458984204	1	0.495	0.458	0.037
Lpcat2	0.020517993597415	0.204088271269231	1	0.1	0.081	0.019
Xrn2	0.0209998910702924	0.221059744541262	1	0.163	0.139	0.024
Fam120c	0.0210980250308915	0.119291004901058	1	0.132	0.115	0.017
Med13l	0.0211424057489544	0.27488922485721	1	0.111	0.09	0.021
Pcyt2	0.0221784650888974	-0.161035618977581	1	0.225	0.232	0.00700000000000001
Gab2	0.0221973401566731	0.154384943747611	1	0.319	0.285	0.034
Brf1	0.0223348759795126	0.24924177615157	1	0.1	0.079	0.021
Grb2	0.0226442253497851	0.306516656576436	1	0.119	0.095	0.024
Ints7	0.0227720716559419	0.140237399301902	1	0.13	0.11	0.02
Lrig3	0.0229919649960125	0.227390021625317	1	0.12	0.098	0.022
Gnptab	0.0231489363146857	0.108944963690963	1	0.193	0.17	0.023
Eml6	0.0233332511501772	0.171906040230618	1	0.169	0.145	0.024
Xrcc6	0.0233798225186459	-0.262777470260404	1	0.179	0.199	0.02
Trip11	0.023589367708216	-0.104156870884361	1	0.245	0.244	0.001
Stard9	0.0236167091960753	0.175154224166776	1	0.21	0.182	0.028
Eya3	0.0242412494341524	-0.117515457343457	1	0.127	0.127	0
Morf4l1	0.0249188858809241	-0.209735996590405	1	0.113	0.12	0.00699999999999999
Elavl1	0.0249639862040066	0.121143759486966	1	0.136	0.118	0.018
Septin1	0.025416255428302	-0.169026086927424	1	0.113	0.118	0.00499999999999999
Dram2	0.0258689142463422	0.162287162177844	1	0.109	0.093	0.016
N4bp2l2	0.0258804440206558	-0.174966391739139	1	0.165	0.176	0.011
Dnajc19	0.0259243972494535	-0.186925325950514	1	0.122	0.128	0.00600000000000001
Mical3	0.0262759292828199	-0.128214380255761	1	0.122	0.116	0.00599999999999999
Arih1	0.026357181139193	-0.110204036850106	1	0.345	0.347	0.002
Zmat1	0.0264063305587639	-0.15674577820658	1	0.173	0.181	0.00800000000000001
Brd4	0.0281163840820258	-0.117237353855536	1	0.231	0.229	0.002
Zc3h6	0.0285510734600503	-0.4807502114019	1	0.081	0.107	0.026
Mtm1	0.0287452191793306	-0.187311499988226	1	0.123	0.127	0.004
Cdkl5	0.0289264121258225	-0.139154669346383	1	0.131	0.133	0.002
Lims1	0.0301531385346385	0.18899672133593	1	0.156	0.132	0.024
Sbf2	0.0307250364377276	-0.200506840490777	1	0.223	0.241	0.018
Plekhb1	0.0308747381563662	0.184718776814412	1	0.138	0.115	0.023
Eif4g3	0.0311045214454342	-0.118249638386537	1	0.128	0.13	0.002
Bicra	0.0313670946885921	0.154287556648647	1	0.195	0.169	0.026
Nectin1	0.0315736831122468	0.152779370838231	1	0.132	0.114	0.018
Mxi1	0.0316102895757814	-0.148986121684927	1	0.145	0.147	0.002
Ints6l	0.0320420727759012	0.16733124892974	1	0.175	0.15	0.025
Zzz3	0.0320872009524767	0.112947627301451	1	0.242	0.217	0.025
Sp1	0.0329218385800655	-0.308325816861166	1	0.093	0.108	0.015
Rhobtb3	0.0330424270158968	0.20774894572959	1	0.162	0.138	0.024
Srsf11	0.0331652839719131	-0.112375856176353	1	0.151	0.156	0.005
Rnf216	0.0336337386601787	0.165824629078355	1	0.277	0.247	0.03
Bnip3l	0.034423237205519	0.191512367563595	1	0.147	0.124	0.023
St7l	0.0354419016510529	0.24226486514158	1	0.151	0.129	0.022
Pde7a	0.0357159879782462	0.209619405237304	1	0.128	0.111	0.017
Invs	0.0360490248519699	0.128274446339809	1	0.153	0.134	0.019
Ubxn7	0.0365617094059653	0.273987118923963	1	0.113	0.093	0.02
Lpar1	0.0370181267061064	0.135162110716186	1	0.332	0.298	0.034
Ctnna3	0.0371092056830813	-0.11160013133822	1	0.827	0.844	0.017
Ibtk	0.0372345848301141	0.278397847479503	1	0.122	0.098	0.024
Aim2	0.0378252823823787	0.120279738480094	1	0.121	0.105	0.016
Rhoq	0.0382458651645873	0.314437051948105	1	0.106	0.086	0.02
D16Ertd472e	0.0387410801755141	-0.155431481169348	1	0.184	0.189	0.005
Gnb4	0.0399345074488504	0.236137157327557	1	0.123	0.101	0.022
Pot1b	0.0402368626206305	-0.221635227138591	1	0.112	0.119	0.00699999999999999
Pcolce2	0.0402925765668749	-0.220583745382608	1	0.151	0.163	0.012
Tbc1d23	0.041002781193021	0.243218246145739	1	0.13	0.106	0.024
Gfra1	0.0412989345321069	0.277033520883251	1	0.133	0.108	0.025
Lipa	0.043151502784241	-0.20648812772222	1	0.105	0.112	0.00700000000000001
Mier1	0.0432960037325362	0.240744337632441	1	0.136	0.114	0.022
Fscn1	0.04338121674302	0.221356662109473	1	0.115	0.095	0.02
Usp32	0.0441545735445518	0.16578155358036	1	0.15	0.128	0.022
Ptpn11	0.0442884235041572	-0.187719467817119	1	0.256	0.279	0.023
Zfyve9	0.0445495386460539	0.177797733723618	1	0.108	0.092	0.016
Rint1	0.0450697170396254	0.266361552960773	1	0.111	0.091	0.02
Xrcc4	0.0457124143618973	-0.116543301504333	1	0.196	0.196	0
Etnk1	0.0459139521674679	-0.469408603504527	1	0.073	0.1	0.027
Zfyve26	0.0459430961018565	0.127467730761816	1	0.101	0.086	0.015
Ube2k	0.0459787761581105	-0.383011450859366	1	0.101	0.128	0.027
Pdlim5	0.046881736526877	0.279923809909995	1	0.106	0.085	0.021
Creb3l2	0.0475181119074532	0.288542099036376	1	0.146	0.121	0.025
Snapc3	0.0491311503160021	0.245989689952402	1	0.117	0.098	0.019
T2	0.0496746215972751	-0.299366170341947	1	0.102	0.118	0.016
Gtdc1	0.0504894699535597	-0.101858149518309	1	0.242	0.242	0
Mtus1	0.050530038321933	0.110606209440564	1	0.239	0.216	0.023
Adamts20	0.0508313136010969	0.1966855532874	1	0.165	0.141	0.024
Zbtb37	0.0517455983412979	-0.264521351479448	1	0.094	0.105	0.011
Reep3	0.0523661780613234	0.18051350855977	1	0.148	0.131	0.017
Nkain1	0.0530352292462479	0.144077781622973	1	0.401	0.367	0.034
Fgf1	0.0533201001271045	0.141629158816489	1	0.115	0.099	0.016
Mfsd14a	0.0538224148019471	-0.240806139605683	1	0.118	0.127	0.00900000000000001
Hid1	0.0542096896679529	-0.148848603332505	1	0.218	0.225	0.00700000000000001
Uimc1	0.055235721586542	0.246975202674463	1	0.115	0.104	0.011
Me2	0.0560592640534313	0.235826146171658	1	0.102	0.083	0.019
Taldo1	0.0575128615429962	-0.210553078727168	1	0.138	0.146	0.00799999999999998
Ndrg1	0.0583050729160789	0.107697394174783	1	0.244	0.219	0.025
Tmem87a	0.0583859364399345	-0.296767360166377	1	0.091	0.105	0.014
Fggy	0.0584113076255255	-0.164655248407284	1	0.199	0.209	0.00999999999999998
Bckdhb	0.0589787823598766	0.212236763782076	1	0.133	0.114	0.019
Foxn2	0.0590327774017489	0.16660332784898	1	0.137	0.119	0.018
Kcmf1	0.0610630521577908	0.279665650532586	1	0.111	0.09	0.021
Rufy1	0.0630978951380897	0.219532365291984	1	0.171	0.146	0.025
R3hdm1	0.064856107790028	-0.220980385172458	1	0.192	0.215	0.023
Trmt13	0.0661035738040104	-0.205544032196852	1	0.137	0.146	0.00899999999999998
Rlf	0.0663768480450794	-0.334478055074415	1	0.121	0.146	0.025
Mindy3	0.0669737637198234	0.131024316186662	1	0.102	0.089	0.013
Pdcd6ip	0.0671514537145651	0.2400971346817	1	0.218	0.189	0.029
Fbn2	0.068740408890621	0.295658293104766	1	0.115	0.094	0.021
Bcar1	0.0693681020008405	0.173352968504728	1	0.131	0.11	0.021
Pogk	0.069665303397967	-0.15277583123997	1	0.107	0.112	0.005
Asxl1	0.0697694653356636	0.166862916386659	1	0.141	0.126	0.015
Map6d1	0.0715149146239721	0.161976776201716	1	0.112	0.096	0.016
Dapk2	0.0726000114578801	0.155124400102466	1	0.103	0.088	0.015
Kdm6a	0.0729453246617383	0.106339901337285	1	0.429	0.397	0.032
Uty	0.0752550493952607	-0.690200623663419	1	0.077	0.115	0.038
Pkd2	0.0765520277903768	0.18078880619807	1	0.154	0.134	0.02
Ggnbp2	0.0771218539223231	-0.19073702587497	1	0.1	0.107	0.00699999999999999
Rbm33	0.0774796963290678	-0.226768723217985	1	0.111	0.122	0.011
Hnrnph3	0.0784328052202041	-0.122424943792214	1	0.106	0.108	0.002
Pik3c3	0.0802304628890632	0.168713139041411	1	0.102	0.087	0.015
Kiz	0.0806092489324642	-0.152288273662336	1	0.118	0.122	0.004
Sgce	0.0807378362277716	0.136697143445905	1	0.139	0.121	0.018
Selenop	0.0808712977898722	0.134315033488166	1	0.135	0.116	0.019
Gabbr1	0.0822709265268388	-0.33104941906191	1	0.095	0.115	0.02
Zcchc24	0.0848992208493847	0.194667611360806	1	0.158	0.136	0.022
Klc1	0.0894677672904057	-0.16331383873859	1	0.101	0.103	0.00199999999999999
Supt20	0.0899032944895594	0.220326035434594	1	0.101	0.085	0.016
Cdin1	0.0907202844679305	0.120203788468166	1	0.177	0.157	0.02
Tafa5	0.0919584203168117	-0.172235529589921	1	0.282	0.294	0.012
Epb41l4a	0.0929739385991878	0.21165107543763	1	0.132	0.114	0.018
Ippk	0.0957901139971784	0.138785063239856	1	0.107	0.092	0.015
Ralgapb	0.0962306467773622	-0.109624332828958	1	0.103	0.105	0.002
Ctnna1	0.0969555232801563	-0.147309056898665	1	0.142	0.144	0.002
Lsm14a	0.0976954120751929	0.156796968563499	1	0.118	0.102	0.016
Itgb8	0.0983123897045539	0.101414145046062	1	0.19	0.169	0.021
Bche	0.098724089037897	-0.279978684067007	1	0.111	0.129	0.018
Kdm3a	0.0998477581795204	0.203705332481162	1	0.107	0.093	0.014
Iftap	0.100335538549749	0.137978159912745	1	0.133	0.117	0.016
Mtf1	0.100586173438722	0.253332739748785	1	0.108	0.089	0.019
Mau2	0.100656991111235	0.199140155185076	1	0.138	0.124	0.014
Chdh	0.100966616441021	0.272105102237785	1	0.11	0.094	0.016
Ino80d	0.102896123236849	0.114275794552809	1	0.151	0.133	0.018
Cdk12	0.103076581195813	-0.150332853581044	1	0.25	0.256	0.00600000000000001
Tyro3	0.105518361418726	0.174283312545524	1	0.142	0.121	0.021
Ccnl1	0.109201628468985	0.139674132957592	1	0.181	0.161	0.02
Ankrd44	0.109405546768333	-0.134151125899218	1	0.239	0.247	0.00800000000000001
Hhip	0.111150417860006	0.224612306593108	1	0.189	0.164	0.025
Cep350	0.112344744654471	0.144393195075375	1	0.193	0.174	0.019
Rnf43	0.113579246852197	0.209770419564123	1	0.152	0.133	0.019
Ercc6l2	0.113887443485199	0.115607406629453	1	0.122	0.109	0.013
Rbbp4	0.117626805004163	0.230271033978477	1	0.102	0.09	0.012
Stx16	0.122361924169773	0.184038665960047	1	0.101	0.088	0.013
Ccnt2	0.127850790875489	0.158991688275292	1	0.12	0.108	0.012
Inf2	0.128217696937768	0.179434230934158	1	0.221	0.198	0.023
Ppm1b	0.12893065181959	0.122587560309249	1	0.173	0.155	0.018
Cep120	0.129899499419288	0.157438888084542	1	0.1	0.086	0.014
Cdk5	0.130612523339025	-0.144465095386404	1	0.101	0.103	0.00199999999999999
Wrn	0.134956326201098	-0.187156011061327	1	0.169	0.177	0.00799999999999998
Gjc2	0.135394718954683	0.229601175969324	1	0.1	0.084	0.016
Tkt	0.13774493583674	0.155880596654461	1	0.103	0.086	0.017
Immp1l	0.139059150268084	-0.117061244120076	1	0.185	0.187	0.002
Tnni1	0.148009478743981	-0.151595662265776	1	0.213	0.221	0.00800000000000001
Gpatch2l	0.149992294316281	-0.112043535119316	1	0.1	0.102	0.00199999999999999
Zfx	0.152941617077142	0.11284611764865	1	0.105	0.093	0.012
Cstf3	0.155914370087775	-0.107099152061682	1	0.101	0.102	0.000999999999999987
Mettl25	0.156423824560401	0.12096833178384	1	0.135	0.122	0.013
Orc3	0.156552306953479	-0.344967953009821	1	0.095	0.114	0.019
Fbxo21	0.157578568507802	0.156994323925994	1	0.116	0.102	0.014
Abhd12	0.15904375719691	0.160372016819832	1	0.1	0.088	0.012
Cerk	0.164916316323326	-0.113035421338051	1	0.219	0.219	0
Cadm1	0.165190460206564	-0.121861935303592	1	0.174	0.174	0
Pwwp2a	0.166759519678123	0.125073293864145	1	0.114	0.106	0.00800000000000001
Magt1	0.169388177963235	-0.182544074879874	1	0.095	0.1	0.005
Mthfd1l	0.176904671508291	-0.315697239833464	1	0.094	0.111	0.017
Crebzf	0.177639577147868	0.11914095084288	1	0.111	0.099	0.012
Sdccag8	0.181354256614814	0.104619439598796	1	0.13	0.117	0.013
Rock1	0.184223940328595	-0.12325609536393	1	0.194	0.201	0.00700000000000001
Amd1	0.191023489226841	0.13177577304379	1	0.205	0.186	0.019
Gpatch2	0.198785743308055	0.127507714502743	1	0.107	0.095	0.012
Fbxl20	0.199488184123499	0.117255516329302	1	0.114	0.104	0.01
Atp8b1	0.203775223179319	0.101220634473614	1	0.302	0.283	0.019
Ecpas	0.204796510407134	-0.176719997895781	1	0.103	0.112	0.00900000000000001
Zfp407	0.231124329652618	0.200097812209755	1	0.137	0.119	0.018
Nrf1	0.237551858410496	0.125846702618335	1	0.15	0.134	0.016
Sh3tc2	0.240010579904734	0.150898110837624	1	0.206	0.189	0.017
Abl1	0.240525527604087	0.105420742663151	1	0.303	0.281	0.022
Tank	0.244996450262231	0.134340443828235	1	0.128	0.113	0.015
Setd7	0.252152050247846	-0.137555762468086	1	0.161	0.166	0.005
Cbfb	0.252588021366407	0.10200313011927	1	0.118	0.105	0.013
Sertad2	0.259148730311679	-0.169886128171248	1	0.104	0.108	0.004
2210408I21Rik	0.26561456488795	0.14048014921864	1	0.13	0.123	0.00700000000000001
P2rx7	0.268334789141204	-0.123859039882099	1	0.116	0.122	0.00599999999999999
Cyp27a1	0.272770466179885	0.113211767820569	1	0.2	0.183	0.017
Piga	0.276681165660521	-0.14846199995575	1	0.175	0.185	0.01
Efhd1	0.277310407645685	-0.184723987647303	1	0.104	0.109	0.005
Kif16b	0.279856713731992	0.101653619671082	1	0.247	0.23	0.017
Chm	0.280964919578811	0.172646795230572	1	0.103	0.091	0.012
Xiap	0.285166845173377	0.121106700653333	1	0.135	0.121	0.014
Lifr	0.2947444379285	0.148067846086251	1	0.133	0.123	0.01
Ccdc191	0.298472967808623	-0.164368830897204	1	0.14	0.151	0.011
Pnn	0.307044856961802	-0.215008485214335	1	0.133	0.149	0.016
Sass6	0.308597785506496	0.156387795014206	1	0.107	0.095	0.012
Maml2	0.311981301568472	0.211976603780146	1	0.11	0.096	0.014
Zfc3h1	0.318562092069012	-0.121138002833418	1	0.099	0.1	0.001
Cldn14	0.323818007253011	-0.213293966239264	1	0.139	0.156	0.017
Gng11	0.326761372118203	0.109912734602822	1	0.113	0.101	0.012
Smyd3	0.334679295199575	0.180720414100099	1	0.127	0.114	0.013
Nav3	0.340356504865626	0.179401767484492	1	0.109	0.103	0.00600000000000001
Bace1	0.352231009422527	0.104978438809473	1	0.118	0.106	0.012
Ezh2	0.365841488858669	0.119249368115138	1	0.1	0.089	0.011
Tcf25	0.370659736265685	-0.221811369916959	1	0.171	0.193	0.022
Zfp438	0.378639585722998	-0.15627424923491	1	0.145	0.156	0.011
Tmbim1	0.437531737752373	0.129380459779879	1	0.194	0.181	0.013
Safb2	0.444183967896902	-0.184070428477921	1	0.122	0.133	0.011
Kidins220	0.444853270412058	-0.162699884048778	1	0.099	0.108	0.00899999999999999
Acsl1	0.452128937310472	-0.14205452732279	1	0.119	0.128	0.00900000000000001
Prkcq	0.492504963223277	0.104883917380801	1	0.279	0.26	0.019
Ppp1r9a	0.511846495721165	-0.210929349819979	1	0.111	0.124	0.013
Tpst1	0.531270066022481	-0.105083753697884	1	0.187	0.2	0.013
Macrod2	0.554083761341376	0.182399153123463	1	0.209	0.201	0.00799999999999998
Ehbp1	0.555788319078548	-0.186899674479561	1	0.104	0.12	0.016
Bicc1	0.587129456120686	0.119770880960573	1	0.193	0.182	0.011
Cradd	0.591699925889929	0.10291277687856	1	0.117	0.109	0.00800000000000001
Snx2	0.637410460875066	-0.208136605159169	1	0.106	0.118	0.012
Gpr137c	0.776129208531465	-0.150610519298316	1	0.147	0.159	0.012
Tmem243	0.877146886223109	-0.195264601438542	1	0.108	0.115	0.00700000000000001
Bfsp2	0.880302568964461	0.101255149127995	1	0.132	0.124	0.00800000000000001
