gene	p_val	avg_log2FC	p_val_adj	percent_PS19	percent_WT	percent_difference
Mat2a	5.10041280081271e-23	0.854944165097285	9.13891965649622e-19	0.325	0.208	0.117
C4b	3.52044461123151e-20	2.05798014342742	6.30793265440462e-16	0.109	0.035	0.074
Sfpq	6.39706093088779e-18	0.551399736406076	1.14622537759647e-13	0.341	0.249	0.092
Nktr	2.4023891462519e-16	0.599968220643387	4.30460087225415e-12	0.315	0.211	0.104
Pcdh9	2.63356309276946e-16	-0.23302576314167	4.71881834962432e-12	1	1	0
Bclaf1	1.95171654370017e-15	0.814862206552101	3.49708570300196e-11	0.178	0.1	0.078
Gigyf2	6.41685535702237e-14	0.735134105557933	1.14977214287127e-09	0.287	0.182	0.105
Eml6	1.73902275558614e-13	0.838228747844029	3.11598097345924e-09	0.209	0.109	0.1
Hsp90ab1	2.96702292769782e-12	1.3893836991571	5.31631168184895e-08	0.108	0.041	0.067
Extl3	4.49318913865941e-11	-0.726220384406539	8.05089629864992e-07	0.137	0.194	0.057
Hipk3	7.30230705507062e-11	-0.311850626354624	1.30842737812755e-06	0.102	0.114	0.012
Syt11	1.04255565408161e-10	-0.475745306095828	1.86805122098342e-06	0.265	0.34	0.075
Sarnp	1.29556001199962e-10	0.809343887376607	2.32138442950093e-06	0.133	0.085	0.048
Nckap1	1.3208072374227e-10	0.450109349113031	2.366622408014e-06	0.266	0.187	0.079
Brd1	2.06421242528491e-10	0.92889265856024	3.6986558236255e-06	0.108	0.064	0.044
Zfp639	2.95351165833844e-10	1.18122176449518	5.29210218941081e-06	0.104	0.053	0.051
Cd2ap	3.08596638547367e-10	-0.310668957059917	5.52943456949172e-06	0.175	0.19	0.015
Dennd6a	1.37069927163385e-09	0.825094892000795	2.45601895491353e-05	0.205	0.13	0.075
Tent4b	1.87590775322703e-09	0.723398833825304	3.36125151223219e-05	0.209	0.134	0.075
Magi2	2.28653991839767e-09	-0.169861023610771	4.09702222578494e-05	0.998	0.998	0
Mboat2	2.90058687756171e-09	0.865555542139685	5.19727156721508e-05	0.188	0.112	0.076
Robo1	3.56803530675897e-09	-0.370818682341366	6.39320566265072e-05	0.553	0.635	0.082
Arhgap35	3.77669097384116e-09	0.896451787216354	6.76707488692859e-05	0.184	0.114	0.07
Nsmf	4.31139812846236e-09	-0.643509871184818	7.72516316657886e-05	0.123	0.171	0.048
Arhgef12	4.55307952789242e-09	0.39623630858459	8.15820789807764e-05	0.275	0.201	0.074
Pcmtd1	6.21595032888524e-09	0.496913535886679	0.000111377397992966	0.218	0.149	0.069
Nufip2	7.93712537406685e-09	0.887007188717445	0.00014221741245253	0.152	0.087	0.065
Nr3c1	9.8120313642983e-09	-0.312594279701753	0.000175811977985497	0.282	0.314	0.032
Lrp1b	1.03853257031891e-08	-0.126094214911742	0.000186084265949743	0.99	0.994	0.004
Ywhae	2.32763674951889e-08	0.891423021299601	0.000417065952778795	0.138	0.073	0.065
Nrxn1	2.39240204250928e-08	-0.426715604701418	0.000428670597976813	0.123	0.168	0.045
Rnf220	2.86011971501922e-08	-0.247825290841089	0.000512476250537144	0.915	0.947	0.0319999999999999
Stox2	3.04013055563544e-08	0.398951394170926	0.000544730592958758	0.334	0.254	0.08
Kansl1	3.06685282948742e-08	0.248713285220356	0.000549518689987557	0.43	0.358	0.072
Schip1	3.23490579263264e-08	0.608898410787234	0.000579630419923917	0.296	0.198	0.098
Ccar1	3.93763125319952e-08	0.602202429589533	0.00070554476794829	0.164	0.119	0.045
Kif3c	6.287525137508e-08	-0.355342344463057	0.00112659875413868	0.199	0.238	0.039
Bach2	7.16934277612041e-08	-0.310424997623364	0.00128460283862525	0.314	0.374	0.06
Srsf6	9.34074876818115e-08	0.538306446838914	0.0016736753642827	0.114	0.085	0.029
Mapk14	9.93892607743526e-08	-0.55861896440093	0.00178085677455485	0.072	0.102	0.03
Slc44a1	1.06645083311882e-07	0.206195100337363	0.00191086660278231	0.657	0.597	0.0600000000000001
Nkain2	1.14670844446608e-07	-0.102669667208183	0.00205467219079433	1	1	0
Taf15	1.30207738867692e-07	0.375927324956168	0.00233306226503131	0.233	0.195	0.038
Nrxn3	1.48323238993715e-07	-0.730685972058832	0.00265765579628938	0.076	0.107	0.031
Klc1	1.4856247135317e-07	1.34122359413052	0.0026619423617061	0.134	0.053	0.081
Wwox	2.0341783485489e-07	-0.337052384220386	0.00364484076492991	0.384	0.439	0.055
N4bp2l2	2.29473053870719e-07	0.418953183390214	0.00411169817925555	0.187	0.132	0.055
Zfhx2	2.85605315020839e-07	0.802437168491012	0.00511747603454339	0.108	0.067	0.041
Nsd3	3.00758014379792e-07	0.551010277693973	0.00538898210165712	0.244	0.174	0.07
Eif2s3y	3.88163185951833e-07	0.817754023850854	0.00695510796588494	0.126	0.058	0.068
Oxr1	4.32111914251991e-07	0.430570674866535	0.00774258127956717	0.29	0.228	0.062
Med13	4.3342131484116e-07	0.396710594493479	0.0077660431193239	0.104	0.073	0.031
Ppp6r3	5.43972976470042e-07	0.594828027697942	0.0097469077923902	0.21	0.148	0.062
Pcbp2	5.47312625508685e-07	0.558193608862504	0.00980674762386461	0.142	0.103	0.039
Rbm33	5.67599474107881e-07	0.576799311074907	0.010170247377065	0.123	0.093	0.03
Phf12	6.17009124495907e-07	0.687097691055989	0.0110555694927177	0.135	0.088	0.047
Rbm5	7.83113568189525e-07	0.316422649694795	0.0140318289148199	0.317	0.257	0.06
Hdgfl3	8.30946422327558e-07	0.880916309706147	0.0148888979952652	0.104	0.06	0.044
Rmnd5a	9.42831423754767e-07	0.744734383321792	0.0168936534508379	0.115	0.072	0.043
9330159F19Rik	1.11030618765624e-06	0.651600635075071	0.0198944662704246	0.149	0.099	0.05
Fnbp1	1.18590930694399e-06	-0.129984696589081	0.0212491229618224	0.954	0.957	0.003
Micu3	1.26633509715351e-06	0.875725029687316	0.0226901922707966	0.135	0.076	0.059
Rsf1	1.67669419030534e-06	0.51286175081348	0.0300430065018912	0.285	0.221	0.064
Spast	1.78192687504918e-06	0.519257975650673	0.0319285657471312	0.135	0.104	0.031
Srrm2	1.93277714787703e-06	0.197117312007076	0.0346315009356607	0.312	0.257	0.055
Pum2	1.96052420339885e-06	0.47859946862486	0.0351286726765005	0.185	0.143	0.042
Ktn1	2.0635950819615e-06	0.34167693300474	0.0369754966785862	0.148	0.118	0.03
Pde4dip	2.24675584566462e-06	0.692852966987822	0.0402573712426186	0.207	0.124	0.083
Zfc3h1	2.27198382367904e-06	1.03578078529245	0.040709406152681	0.122	0.064	0.058
Apoe	2.42128006864754e-06	0.541241083175198	0.0433844962700266	0.306	0.23	0.076
Trps1	2.56496986237403e-06	0.485191989392008	0.0459591299940178	0.307	0.232	0.075
Arid1b	2.63697833936902e-06	-0.172814270042549	0.0472493778848141	0.32	0.327	0.00700000000000001
Nuak1	2.89726719362164e-06	-0.594858401500749	0.0519132335753125	0.075	0.104	0.029
Kcnq3	3.04629431810241e-06	-0.152506396986789	0.054583501591759	0.83	0.853	0.023
Celf2	3.10196448754829e-06	-0.42896653055409	0.0555809996878902	0.083	0.105	0.022
Nlk	3.2626191473764e-06	0.691204353344016	0.0584596098826903	0.233	0.146	0.087
Ppp1r12b	3.32047329948194e-06	0.725893469773171	0.0594962405801175	0.126	0.082	0.044
Kansl1l	3.34148453917668e-06	0.350120899674961	0.0598727199729678	0.222	0.175	0.047
Garem1	3.38942605011209e-06	0.791783162900178	0.0607317359659085	0.137	0.083	0.054
Papola	3.61246426774448e-06	0.524086792507317	0.0647281347494456	0.151	0.1	0.051
Lamp2	4.05104365197938e-06	0.404053370852781	0.0725866001561666	0.213	0.171	0.042
Spock3	4.09965923678623e-06	-0.206061554049721	0.0734576942047357	0.722	0.757	0.035
Nsd1	4.2236129647891e-06	0.415648123609094	0.0756786971030911	0.369	0.295	0.074
Sec61a2	4.4235437906015e-06	0.474987545981839	0.0792610576399978	0.122	0.079	0.043
Igf1r	5.73819500457873e-06	-0.274227513233894	0.102816978092042	0.4	0.448	0.048
Prpf39	6.43562927657078e-06	0.412307807093026	0.115313605377595	0.171	0.133	0.038
Gpatch8	6.64039592368138e-06	0.223286761864344	0.118982614160523	0.527	0.467	0.06
Spop	6.91914553876701e-06	0.437161652042785	0.123977249763627	0.296	0.235	0.061
Mobp	7.17564909376178e-06	0.178516590128457	0.128573280462024	0.811	0.769	0.042
Hnrnpa2b1	7.24558248392264e-06	0.226540724171528	0.129826346946926	0.366	0.325	0.041
Pde7a	7.4559350228271e-06	0.644789191750849	0.133595443739016	0.15	0.097	0.053
C2cd5	7.71735000564624e-06	1.2530382544328	0.138279477401169	0.1	0.042	0.058
Usp32	7.7719111754931e-06	0.586966421574366	0.139257104442485	0.171	0.118	0.053
Cpsf6	7.88684320739538e-06	0.251642506078987	0.14131645659011	0.16	0.12	0.04
Myo9a	8.56033700559715e-06	0.175977474650928	0.15338411846629	0.356	0.296	0.06
Baz1b	9.67894191178368e-06	0.368543124105953	0.17342728117534	0.145	0.106	0.039
AU040320	1.13693821808816e-05	0.573676692654941	0.203716589917037	0.191	0.14	0.051
Grb14	1.21678957355325e-05	0.113370846602058	0.218024355789271	0.524	0.467	0.057
Fkbp1a	1.22089622137486e-05	0.719909267122459	0.218760184945947	0.165	0.11	0.055
Zcchc7	1.34231057720298e-05	0.156258235104218	0.240515209223229	0.594	0.537	0.0569999999999999
Fam168a	1.42325180111735e-05	0.346052973260723	0.255018257724206	0.352	0.273	0.079
Arid5b	1.48802123386368e-05	0.627726902203234	0.266623644683695	0.133	0.085	0.048
Syncrip	1.55240389488683e-05	0.499473673255365	0.278159729885823	0.119	0.088	0.031
Epdr1	1.60346400310317e-05	0.706831523747887	0.287308680076027	0.122	0.084	0.038
Prr5l	1.80261797040617e-05	-0.152986960370707	0.322993087937378	0.963	0.965	0.002
Btbd9	1.80556714865199e-05	-0.149804658792878	0.323521521695464	0.208	0.216	0.00800000000000001
Far1	1.81093809714179e-05	0.479190356646768	0.324483888245866	0.169	0.119	0.05
Opa1	1.85767072444569e-05	0.761282414513363	0.332857440406178	0.1	0.06	0.04
Ehmt1	2.02338518423882e-05	0.471656141069167	0.362550157311911	0.189	0.139	0.05
Tnrc6a	2.22923479837898e-05	0.475989560401824	0.399434291173546	0.345	0.258	0.087
Pou2f1	2.24846178987569e-05	0.762635042670701	0.402879383509927	0.119	0.066	0.053
Tkt	2.44667976905352e-05	-0.457314868015935	0.438396081019009	0.094	0.115	0.021
Crebbp	2.47411323084103e-05	0.210258257235589	0.443311608702096	0.318	0.27	0.048
Tjp1	2.5191927421999e-05	0.440892091544897	0.451388955547379	0.25	0.19	0.06
Actb	2.52067560668015e-05	-0.326279103047903	0.45165465520495	0.198	0.222	0.024
Srgap2	2.60698105255677e-05	-0.200190440788759	0.467118864997121	0.151	0.159	0.00800000000000001
Wwp1	2.66224126469281e-05	0.366732025214908	0.477020389807657	0.245	0.207	0.038
Arid1a	2.86286532917327e-05	0.564601421619929	0.512968209681267	0.197	0.139	0.058
Phactr3	2.93241199315532e-05	0.483205287977677	0.525429580933569	0.208	0.157	0.051
Luc7l2	3.02462111480535e-05	0.15616022817817	0.541951611350822	0.739	0.677	0.0619999999999999
Zmynd11	3.18843885613386e-05	1.03395871530587	0.571304474242065	0.101	0.051	0.05
Opcml	3.30343054027368e-05	-0.590211317810819	0.591908684206237	0.196	0.259	0.063
Scfd1	3.31327662542478e-05	0.487352471727427	0.593672905743612	0.117	0.088	0.029
Iqsec1	3.41659934962995e-05	-0.136704484822927	0.612186271466695	0.537	0.563	0.0259999999999999
Rock1	3.48457735955106e-05	-0.276714827652621	0.624366571284359	0.189	0.202	0.013
Mcam	3.54507687249383e-05	-0.552127964721784	0.635206874013445	0.099	0.131	0.032
Ctdspl2	3.97827537810926e-05	0.475979863774026	0.712827382249618	0.12	0.097	0.023
Fus	4.12899836112031e-05	0.19654243956473	0.739833926345537	0.191	0.179	0.012
Nudcd3	4.14425211499152e-05	0.411820426061399	0.742567093964181	0.134	0.093	0.041
Pnisr	4.58690704607511e-05	0.218446685020319	0.821882004515738	0.374	0.31	0.064
Npepps	5.16893276528822e-05	0.392797916825662	0.926169372884343	0.368	0.304	0.064
Chm	5.22343097469086e-05	0.590568453477077	0.935934362045109	0.117	0.082	0.035
Fbxl17	5.51391972663916e-05	0.310425881618801	0.987984136619204	0.246	0.193	0.053
Mef2a	5.76258661480897e-05	-0.138683937497678	1	0.188	0.191	0.003
Nlgn1	5.79155879057154e-05	-0.382871973817461	1	0.417	0.489	0.072
Csmd2	5.89853863867232e-05	0.80263353953795	1	0.109	0.066	0.043
Anks1b	6.0897876440167e-05	-0.235966276993512	1	0.52	0.562	0.042
Cnot1	6.1170632490583e-05	0.527429537954247	1	0.215	0.156	0.059
Ugp2	6.4345277990708e-05	0.491585529946113	1	0.226	0.174	0.052
Cryab	6.4390979350739e-05	0.379284705193175	1	0.148	0.112	0.036
Tmod2	7.37959173874699e-05	0.203906073028374	1	0.465	0.422	0.043
Brd4	8.24401742546356e-05	0.464883244709273	1	0.255	0.195	0.06
Ube2b	8.9150419987072e-05	0.565853686791187	1	0.199	0.138	0.061
Rsrc1	8.9643741542456e-05	-0.223536157760701	1	0.317	0.354	0.037
Pias2	9.59651627514773e-05	0.884577905638843	1	0.128	0.071	0.057
Csnk1a1	0.000100529845555367	0.184821925722282	1	0.232	0.188	0.044
Rb1cc1	0.000104355523804773	0.431795673604151	1	0.149	0.101	0.048
Ccnl1	0.000109481434828722	0.244192931069465	1	0.193	0.162	0.031
Gpm6b	0.000113702828022798	-0.248125856728969	1	0.78	0.821	0.0409999999999999
Ube2g1	0.000118411591244491	0.489189588348992	1	0.257	0.197	0.06
Sertad2	0.000118516050325421	0.396200910679688	1	0.117	0.085	0.032
Pstpip2	0.000119023478799159	0.217135340447378	1	0.542	0.472	0.0700000000000001
Wac	0.000119251303096104	-0.178638201732966	1	0.231	0.246	0.015
Sp4	0.00011967184328229	-0.52333836896143	1	0.157	0.204	0.047
Gnb1	0.000119858593869572	0.45596656161974	1	0.189	0.134	0.055
Efnb3	0.000124426988306776	-0.196342765027901	1	0.313	0.315	0.002
Fcho2	0.000130559332971166	0.29076195264267	1	0.182	0.138	0.044
Chchd3	0.000131022177005601	0.369534463712285	1	0.147	0.112	0.035
Arhgap21	0.000135423822125299	-0.177598486604955	1	0.288	0.324	0.036
Ube2h	0.000143018494247874	-0.371757096366948	1	0.196	0.237	0.041
Clk1	0.000151527856135712	0.285675648157598	1	0.281	0.236	0.045
Eif4g1	0.000151993510289515	0.489778490130681	1	0.138	0.101	0.037
Mier1	0.000153437810365952	0.581676548291502	1	0.153	0.11	0.043
Snapc3	0.000160927777061535	0.509387681657285	1	0.129	0.098	0.031
Rasa1	0.00016871921858522	0.481727245786956	1	0.115	0.074	0.041
Ubr3	0.00016911334025522	0.237841636237222	1	0.235	0.2	0.035
Rc3h1	0.000170483844792059	0.351404460282108	1	0.284	0.248	0.036
Atf7	0.000174893678897212	0.364137849667741	1	0.294	0.246	0.048
Zhx3	0.000175817956823586	0.223583303046828	1	0.201	0.18	0.021
Smg1	0.000182746858671362	0.350110471054088	1	0.149	0.108	0.041
Akap8l	0.000188575922276288	0.116603185811959	1	0.104	0.082	0.022
Srsf11	0.000190323339835561	0.310047053496885	1	0.167	0.127	0.04
Lrrc1	0.000193558837754131	0.168280505132572	1	0.222	0.185	0.037
Stat3	0.000194686995948363	0.689188333307254	1	0.1	0.07	0.03
Csnk1g3	0.000200325366157277	0.88697130891453	1	0.102	0.054	0.048
Magi1	0.000204143750568827	-0.20081368301586	1	0.555	0.596	0.0409999999999999
Ftl1	0.000207717362167446	0.751513014745368	1	0.119	0.077	0.042
Srcap	0.000208784745980581	0.446424146100699	1	0.153	0.119	0.034
Cyb5b	0.000211235824131758	0.645109868322721	1	0.11	0.074	0.036
Sesn1	0.000214550681808619	0.890652843960489	1	0.119	0.062	0.057
Pcdh11x	0.000214854189257255	0.264059402878581	1	0.256	0.221	0.035
Kazn	0.00021924335740242	0.432523111140863	1	0.329	0.277	0.052
Man2a2	0.000223195516500862	0.542909059780468	1	0.163	0.12	0.043
Trim44	0.000225549762855425	0.565035013736066	1	0.175	0.122	0.053
Cdk13	0.000238269835146455	0.3313372216199	1	0.189	0.141	0.048
Gtf2i	0.000241381354569967	0.344015215099078	1	0.227	0.182	0.045
Phactr1	0.000243563107306016	-0.23769603297647	1	0.459	0.498	0.039
Acss2	0.000246275704966411	0.360917662503387	1	0.101	0.074	0.027
Wls	0.000247126239796715	-0.229747472630508	1	0.199	0.211	0.012
Apc	0.000264609728315608	0.182775775577406	1	0.538	0.468	0.07
Senp7	0.000265098785331364	0.338725151224244	1	0.14	0.103	0.037
Dmxl1	0.000272347024926998	0.147158084190065	1	0.297	0.257	0.04
Acaca	0.000277939057365975	-0.105168775960595	1	0.593	0.596	0.003
Desi2	0.000284069546597568	1.04383713498284	1	0.101	0.051	0.05
Rab10	0.000293171829904577	0.135649124366942	1	0.424	0.385	0.039
Adipor2	0.000304472449449706	0.509070022004063	1	0.583	0.474	0.109
Ubap2l	0.000308519268012506	0.410526241347715	1	0.17	0.129	0.041
Ubr1	0.00031504682612116	0.401920154887895	1	0.202	0.168	0.034
Abcg1	0.000319464290330097	0.391606330757727	1	0.18	0.136	0.044
Abcc5	0.00034995093017092	0.296427953188252	1	0.257	0.225	0.032
Ppp2r5e	0.000355657312318787	0.536721600845126	1	0.147	0.105	0.042
Crebzf	0.000368886869584164	0.497841796572405	1	0.126	0.09	0.036
Kdm4c	0.000370770194935833	0.178793994734732	1	0.129	0.104	0.025
Zfp101	0.000414196948810099	0.269150025706055	1	0.143	0.11	0.033
Brwd1	0.000415841055702171	0.405240577601381	1	0.289	0.219	0.07
Srek1	0.000418221686476275	0.362092102781696	1	0.142	0.108	0.034
Iws1	0.000432212500948233	0.623640376510649	1	0.103	0.073	0.03
Ncapd3	0.000435021414822937	0.558804133306915	1	0.106	0.08	0.026
Ptprd	0.000439915539028197	-0.170805129587186	1	0.996	0.997	0.001
Lmbrd1	0.000449178471461753	0.608330942063371	1	0.145	0.094	0.051
Hace1	0.000475048291010299	0.633878894303135	1	0.103	0.061	0.042
Cep97	0.000477562796420826	0.101657396587216	1	0.329	0.3	0.029
Abca8b	0.000479891351388521	0.14206365929869	1	0.242	0.208	0.034
Ubn2	0.00048156163155131	0.14293253614596	1	0.315	0.268	0.047
Mindy3	0.000488130265887946	0.862313274367586	1	0.122	0.072	0.05
Faf1	0.000512202328511397	0.470376821043635	1	0.189	0.135	0.054
Plekha5	0.00051531182564093	0.614984603833205	1	0.228	0.149	0.079
Bckdhb	0.000516188066387889	0.615439295417194	1	0.152	0.106	0.046
2210408I21Rik	0.000523089999554485	-0.118665953806164	1	0.136	0.121	0.015
Paxbp1	0.000546077665604222	-0.184917855976696	1	0.105	0.105	0
Fam13b	0.00055170866280182	-0.344924911692114	1	0.269	0.315	0.046
Ep400	0.000577244258673189	0.455066762417406	1	0.152	0.114	0.038
Lrba	0.000578648894452784	0.211823524143269	1	0.262	0.21	0.052
Znrf3	0.000584808319652544	0.599447106448776	1	0.114	0.072	0.042
Bcl2l1	0.000594287564185185	0.372332462080042	1	0.44	0.374	0.066
Usp15	0.000595448024034293	0.398268364549243	1	0.269	0.203	0.066
Ppp2r5c	0.000601593564345146	-0.139976569661582	1	0.191	0.196	0.005
Prpf40a	0.000609758639491196	0.261613828103174	1	0.201	0.166	0.035
Reep3	0.000614302514687863	0.176558354488696	1	0.16	0.131	0.029
Ntan1	0.000623779727224716	0.558133202603958	1	0.105	0.078	0.027
Rufy3	0.000628788061085215	0.4960230121054	1	0.16	0.115	0.045
Osbp	0.000633061714987838	0.575024603145936	1	0.117	0.089	0.028
Map7	0.000687784412471459	-0.109840230121834	1	0.923	0.93	0.00700000000000001
Nbas	0.000692178320425054	-0.112044767288499	1	0.712	0.751	0.039
Smc5	0.000697327360610881	0.495009631690017	1	0.158	0.124	0.034
Map6d1	0.00071388033873719	-0.310980763873262	1	0.106	0.119	0.013
Xiap	0.000719002848450486	0.218846673909291	1	0.145	0.119	0.026
Khdrbs1	0.000728234850556711	0.390628760720188	1	0.107	0.082	0.025
Ercc6l2	0.000739083646910681	0.590241208586235	1	0.139	0.097	0.042
Tmtc2	0.000755596926472015	-0.256417144280671	1	0.623	0.676	0.053
Nbeal1	0.000759128535288273	0.281630566874566	1	0.21	0.176	0.034
Stxbp6	0.000776351512032739	0.189791617029111	1	0.571	0.529	0.0419999999999999
Srsf3	0.000787581687014517	0.424685141307244	1	0.127	0.101	0.026
Rnpc3	0.000820868334245535	0.407871396296337	1	0.157	0.131	0.026
Cept1	0.000822860902451618	0.433302413163348	1	0.21	0.162	0.048
Zdhhc17	0.00082477794424992	0.339812379107133	1	0.124	0.096	0.028
Sh3tc2	0.00082757032791084	-0.314281386716663	1	0.196	0.221	0.025
Carns1	0.000866793554701821	0.201021343641922	1	0.219	0.181	0.038
Ankrd12	0.000867970211751107	0.361049835038721	1	0.216	0.165	0.051
Agmo	0.000892575073464469	-0.339269066950542	1	0.215	0.243	0.028
Fermt2	0.000894964389568157	-0.261901083543272	1	0.21	0.235	0.025
Csmd3	0.000907981008909927	-0.164994815001279	1	0.903	0.918	0.015
Cd81	0.000912011469330816	-0.281345714387752	1	0.134	0.146	0.012
Bcas1	0.000912487161784511	-0.142788145439087	1	0.725	0.728	0.003
Ago3	0.000913624089338234	0.325326624186033	1	0.355	0.294	0.061
Nxpe3	0.000920206006708286	-0.174955099119516	1	0.183	0.186	0.003
Trp53bp2	0.000940501163537728	-0.153930588560172	1	0.225	0.224	0.001
Rabgap1	0.000947547658178559	0.293734548703688	1	0.277	0.239	0.038
Lsamp	0.000995211101710466	-0.211006741196939	1	0.256	0.312	0.056
Ttc28	0.00099687672810795	-0.324228282290741	1	0.128	0.15	0.022
Kif16b	0.00100426096586597	-0.349173751186431	1	0.225	0.281	0.056
Psd3	0.0010292001106216	0.300751155862854	1	0.363	0.295	0.068
Zfp445	0.00104231076029383	0.508523190272759	1	0.232	0.169	0.063
Pcm1	0.00105255221453519	-0.102706834041888	1	0.237	0.243	0.00600000000000001
Plekha1	0.00109031393499928	0.203740582079063	1	0.44	0.398	0.042
Mark2	0.00111196811528702	0.519794184207202	1	0.17	0.118	0.052
Dyrk1a	0.00112352671915554	0.383126105534615	1	0.218	0.171	0.047
Phip	0.00113348482400566	0.265853017292472	1	0.302	0.261	0.041
Cdkal1	0.00116687808480791	0.153170771273061	1	0.294	0.269	0.025
Tsc22d2	0.0011782884169192	0.444315216688235	1	0.162	0.12	0.042
Phkb	0.00118707446153204	0.301544147635114	1	0.196	0.156	0.04
Rps6kb1	0.00120284692003858	0.361609250887445	1	0.161	0.124	0.037
Bbs9	0.00122310618452463	-0.199200540371504	1	0.167	0.187	0.02
Ythdf3	0.00122546604733074	0.345950399053739	1	0.141	0.11	0.031
Phactr2	0.00124899612553402	-0.289368756713819	1	0.136	0.159	0.023
Ppp1r16b	0.00129406967466745	-0.143538881912085	1	0.717	0.737	0.02
Rfc1	0.00132848833582013	0.652654395552048	1	0.106	0.073	0.033
Ugt8a	0.00133400660107202	0.108109686281274	1	0.793	0.762	0.031
Eif4h	0.0013369754284276	0.298558595172273	1	0.107	0.081	0.026
Pik3ca	0.00136125300870631	0.4166421929782	1	0.13	0.093	0.037
Apbb2	0.00138336642824829	-0.122039865941707	1	0.523	0.557	0.034
Gmds	0.00140387589826086	-0.323392886817202	1	0.189	0.212	0.023
Kdm3a	0.00140719449374641	0.548559229421436	1	0.121	0.085	0.036
Cntn2	0.00140908916112867	0.135899266825807	1	0.496	0.458	0.038
Senp6	0.00142600678772611	0.225106626322795	1	0.194	0.16	0.034
Zfp462	0.00143622715341777	-0.231504779487142	1	0.283	0.312	0.029
Adgrb3	0.00146746415015785	-0.315539143564699	1	0.263	0.324	0.061
Gpbp1l1	0.00148708792714787	0.2514144659672	1	0.134	0.116	0.018
Ube3c	0.0014932118906088	0.408315374665453	1	0.161	0.118	0.043
Arid2	0.00152063491352771	0.408716242776223	1	0.161	0.129	0.032
Arih1	0.00153581641971515	0.204028156415992	1	0.37	0.309	0.061
Huwe1	0.00153732579016994	0.144485672448734	1	0.301	0.261	0.04
Cyp2j12	0.0015465673790212	0.313937347855161	1	0.267	0.22	0.047
Cntln	0.00155562235019123	-0.136044136705473	1	0.144	0.151	0.00700000000000001
Ttll5	0.00158012667398814	-0.161556899573262	1	0.571	0.601	0.03
Spock1	0.00159259194158443	0.157320045528373	1	0.577	0.537	0.0399999999999999
Epn2	0.0016086705908735	-0.185808459685781	1	0.537	0.567	0.0299999999999999
Btrc	0.00161026594080331	0.443954065637941	1	0.176	0.134	0.042
Ctnnd1	0.0016374190061356	-0.788330404263865	1	0.082	0.129	0.047
Fam193a	0.00164865820042969	0.485808858951273	1	0.233	0.169	0.064
Ubl3	0.00164916080342608	0.450793158560636	1	0.167	0.128	0.039
Luc7l3	0.00165842428168606	0.291547759082254	1	0.254	0.207	0.047
Chtop	0.00176609888098931	0.538112519360376	1	0.105	0.077	0.028
Prickle2	0.00179351530776881	-0.101782137312067	1	0.884	0.896	0.012
Gnai1	0.00179426117281424	0.267515111008184	1	0.413	0.374	0.039
Zfp236	0.00187876830732847	0.6689214799813	1	0.117	0.082	0.035
Dazap1	0.00196839988304407	0.480194025815442	1	0.123	0.095	0.028
Tab2	0.00199575041544664	0.532228958750593	1	0.2	0.145	0.055
Ap1g1	0.00201820333492951	0.439906283959591	1	0.103	0.082	0.021
Rfx7	0.00202535657293309	0.714536107927244	1	0.108	0.065	0.043
Vldlr	0.00203815751735765	-0.157084976743397	1	0.25	0.254	0.004
Taldo1	0.00206252445762887	0.219081899166951	1	0.15	0.121	0.029
Heatr3	0.00206262480675304	0.460097895334055	1	0.187	0.15	0.037
Cttnbp2	0.00208647739198513	0.240450268978709	1	0.383	0.319	0.064
Car2	0.00212051909291681	0.136536779908397	1	0.618	0.594	0.024
Phc3	0.00212627090275374	0.227918766364249	1	0.166	0.148	0.018
Tanc2	0.00213517241963916	-0.348605360863445	1	0.257	0.306	0.049
Rbm6	0.00222094371005543	0.295291145428362	1	0.341	0.288	0.053
Lrrc4c	0.00222443129683436	-0.118844740710968	1	0.845	0.833	0.012
Ldah	0.0022341948704487	-0.141509013966813	1	0.108	0.108	0
Tcea1	0.0022857734440731	0.418045632574443	1	0.1	0.077	0.023
Tpd52	0.00232676838017361	-0.301028774994111	1	0.129	0.155	0.026
Ano4	0.00235610061102948	-0.105648440410634	1	0.93	0.922	0.00800000000000001
Atg16l1	0.00241639862802938	0.465930420018859	1	0.108	0.074	0.034
Tut4	0.00243124854637674	0.131696231264925	1	0.1	0.08	0.02
Atp11a	0.0025447690718231	-0.18650763071358	1	0.322	0.336	0.014
Efhd1	0.00255485702015464	0.194452289391973	1	0.113	0.09	0.023
Nr6a1	0.00262042227195252	0.559518558682154	1	0.132	0.086	0.046
Dlg2	0.00266109101490223	0.171784495482902	1	0.913	0.851	0.0620000000000001
Hnrnpdl	0.00271122586812089	0.272730947122401	1	0.268	0.225	0.043
Zranb1	0.00271566374063136	0.412783778897002	1	0.225	0.174	0.051
Rnf38	0.00278860386959846	0.462794347101608	1	0.17	0.132	0.038
Irf2	0.00282924552108112	-0.467161886019503	1	0.159	0.196	0.037
Ppp1r12a	0.00288198098284123	0.384775671976571	1	0.276	0.226	0.05
Mdga2	0.00293134918616676	-0.131572657780004	1	0.894	0.899	0.005
Lzts2	0.00295444480383719	0.110795226593278	1	0.227	0.204	0.023
Relch	0.00296796376182098	0.419640931335534	1	0.282	0.237	0.045
Ano10	0.00301079077571881	-0.233516804910062	1	0.104	0.121	0.017
Kpna4	0.00302526143244487	-0.153035764443976	1	0.201	0.21	0.00899999999999998
Sltm	0.00304320196939051	0.148761024078253	1	0.417	0.385	0.032
Trip12	0.00307367400640524	0.327113957893134	1	0.239	0.188	0.051
Psme4	0.00318802148048391	0.232130206029289	1	0.197	0.162	0.035
Thoc2	0.0032952131604324	0.473911604210704	1	0.195	0.146	0.049
Hnrnph3	0.00331829811786221	0.523442770405808	1	0.118	0.087	0.031
Csnk2a1	0.00332703409086352	0.335566702771212	1	0.113	0.09	0.023
Tmem132d	0.00333559720017981	0.337780443126884	1	0.351	0.281	0.07
Fam193b	0.00338663417338534	0.278679020088037	1	0.1	0.076	0.024
Xrn1	0.00340366736461543	-0.178948725540309	1	0.185	0.199	0.014
Atrn	0.00348457404519731	0.168797467052446	1	0.44	0.404	0.036
Mob3b	0.00349655490411134	-0.325380422796385	1	0.334	0.365	0.031
Efcab14	0.00353384467755663	0.100724139648567	1	0.288	0.254	0.034
Clcn5	0.00359251278264012	-0.361903014120337	1	0.114	0.135	0.021
Ubash3b	0.00362115969254143	-0.242540956396954	1	0.445	0.488	0.043
Suz12	0.00364655513861594	-0.15127437916958	1	0.097	0.101	0.004
D7Ertd443e	0.00364769048684551	-0.151640505835616	1	0.761	0.78	0.019
Slc38a2	0.00372286033268106	0.15879991404678	1	0.325	0.302	0.023
Dscaml1	0.00382491250700381	-0.210606177436246	1	0.734	0.752	0.018
Tspan14	0.00384062805311865	-0.154689658736461	1	0.203	0.205	0.00199999999999997
Dst	0.00388298047988569	-0.125535455941669	1	0.772	0.788	0.016
Sos1	0.00390668186083086	0.228543894374529	1	0.135	0.11	0.025
Slc6a6	0.0039486969629404	0.582174139725707	1	0.194	0.143	0.051
Fgf1	0.00399760984303195	0.500098255922036	1	0.128	0.094	0.034
Itfg1	0.0040265671281811	0.311438981689791	1	0.19	0.152	0.038
Btaf1	0.00407255858136267	0.397732569243083	1	0.174	0.134	0.04
Amph	0.00411288692054781	0.315767377026313	1	0.351	0.289	0.062
Cnot2	0.00418921541981957	0.235861857862412	1	0.181	0.154	0.027
Camta1	0.00426242076301334	-0.234626723553214	1	0.09	0.112	0.022
Klf7	0.00428824759090103	-0.295971740615505	1	0.408	0.486	0.078
Mecp2	0.00429381446500965	0.350549112374493	1	0.203	0.163	0.04
Hnrnpa3	0.00431155923008464	0.31913455190991	1	0.168	0.14	0.028
Fgfr2	0.00434482594767361	-0.117597142386556	1	0.839	0.846	0.00700000000000001
Ankrd13a	0.00447451770420909	0.515376385758216	1	0.119	0.095	0.024
Knop1	0.00447843023416434	0.501628352569368	1	0.102	0.08	0.022
Atp8b1	0.00450195418426327	-0.219032666298607	1	0.291	0.318	0.027
Arih2	0.00451146875575735	0.384383670501111	1	0.107	0.082	0.025
Vps50	0.00458162853291032	-0.29917586016097	1	0.089	0.11	0.021
Lrrc28	0.00459705743949511	-0.217924612010381	1	0.221	0.233	0.012
Eml1	0.00460531134502742	-0.131681395182894	1	0.469	0.479	0.01
Zfp277	0.00461161243864751	0.306850836584966	1	0.124	0.095	0.029
Vps8	0.00467975286750156	0.10593104959075	1	0.438	0.423	0.015
Daam2	0.00468689650355922	0.173953318708126	1	0.572	0.532	0.0399999999999999
Taf1	0.00481158520932928	0.691107856364485	1	0.105	0.068	0.037
Hip1r	0.00493242154181419	-0.106026450210908	1	0.107	0.108	0.001
Atrx	0.00523844608413229	0.30166715629192	1	0.312	0.254	0.058
Tank	0.00523917366013882	-0.526005817679634	1	0.109	0.157	0.048
Specc1l	0.00529542196327417	0.796028374174933	1	0.11	0.07	0.04
Dhdds	0.00540093930894439	0.809155523894387	1	0.109	0.07	0.039
Naaladl2	0.00540600420144088	-0.103402587222615	1	0.68	0.687	0.00700000000000001
Camkmt	0.0054322109695426	-0.283948523375171	1	0.294	0.325	0.031
Cul1	0.00547056038119473	0.380093809801036	1	0.248	0.191	0.057
Rbm27	0.00550318196147356	0.341678165157699	1	0.112	0.092	0.02
Dicer1	0.0056063876010114	0.285367127891681	1	0.195	0.162	0.033
Usp30	0.00565221528805869	-0.462698231072474	1	0.076	0.102	0.026
Fam171a1	0.0057349065606935	0.498141858586646	1	0.129	0.091	0.038
Fnip1	0.00584353632842175	0.192839048736842	1	0.295	0.26	0.035
Jam3	0.00588411796293878	0.152987686404833	1	0.388	0.351	0.037
Ube2d3	0.00600532700753354	0.240050250406303	1	0.137	0.109	0.028
Mpdz	0.00601379957007593	0.202284384020565	1	0.15	0.131	0.019
Med27	0.00602251873736041	-0.2088147054948	1	0.122	0.14	0.018
Plekhg1	0.00609101019298664	-0.123358982524612	1	0.692	0.697	0.005
Crebrf	0.00614606277967488	0.332916619316048	1	0.242	0.201	0.041
Scaf8	0.00623794302778257	0.326979215218097	1	0.192	0.16	0.032
Map4k5	0.00636722408145736	0.206212829983938	1	0.451	0.415	0.036
Fxr1	0.0064162638190502	0.251552170407455	1	0.224	0.196	0.028
Elf2	0.00643196770921239	0.270461379107472	1	0.321	0.282	0.039
Fth1	0.00656895939198901	-0.10622374226351	1	0.776	0.785	0.00900000000000001
Dhx36	0.00667361876418223	-0.310799813526525	1	0.115	0.137	0.022
Pdpk1	0.00678642841595416	-0.139895576612334	1	0.102	0.108	0.00600000000000001
Mical3	0.0067987120519023	-0.59496706215781	1	0.099	0.155	0.056
Btbd8	0.00684960120100895	-0.253060218701092	1	0.232	0.253	0.021
Ulk2	0.00685413477709798	-0.252764308930747	1	0.157	0.17	0.013
AW554918	0.00694824085256492	-0.253628337513933	1	0.256	0.278	0.022
Snx29	0.00704361269988996	-0.22792236549913	1	0.37	0.412	0.042
Asxl1	0.00710813917455537	0.28721085037644	1	0.154	0.121	0.033
E130308A19Rik	0.00713999400677926	0.100264639843391	1	0.376	0.354	0.022
Stx7	0.00715797283687972	0.688678787025059	1	0.111	0.076	0.035
Rap1gds1	0.00725260236014448	0.309399831291942	1	0.214	0.175	0.039
Mkln1	0.00736064208717182	0.248860394434236	1	0.293	0.268	0.025
Zswim6	0.00755434450614273	0.307140324610784	1	0.311	0.258	0.053
Zmynd8	0.00765722343462677	0.195706675607484	1	0.303	0.261	0.042
Olig1	0.00779875872281018	-0.452049439472575	1	0.092	0.107	0.015
Tbl1x	0.00784505278613098	0.384256799118467	1	0.202	0.155	0.047
Mipol1	0.00784858448150726	0.147477759145591	1	0.101	0.084	0.017
Kdm4a	0.00800319242071443	0.524577843885207	1	0.103	0.076	0.027
Cmip	0.00803970648119629	0.546462996285905	1	0.174	0.118	0.056
Fbxw15	0.00813721181501799	-0.435267795444673	1	0.084	0.101	0.017
Depdc5	0.00818754754547924	-0.240467529241518	1	0.157	0.179	0.022
Amd1	0.00822589174720217	0.128654256041459	1	0.216	0.189	0.027
Pcca	0.00824449013825281	0.113774333438742	1	0.16	0.135	0.025
Hnrnph1	0.00830908255462487	-0.111392930895908	1	0.1	0.1	0
Slc25a12	0.0083203398879048	0.836029561650221	1	0.15	0.087	0.063
Prpsap1	0.00832905801046971	0.282661854656686	1	0.104	0.089	0.015
Tmem63a	0.00836692793327517	-0.229788973193215	1	0.359	0.384	0.025
Plod1	0.00841291799530633	0.284542390516235	1	0.134	0.113	0.021
Pafah1b2	0.00843275203081084	0.283544501857116	1	0.163	0.143	0.02
Ptpdc1	0.0086042159331587	-0.18504105355688	1	0.151	0.162	0.011
Kcna6	0.008733128600215	0.197072432256087	1	0.299	0.26	0.039
Pls3	0.00885202127018074	0.107249029417983	1	0.116	0.101	0.015
Snd1	0.00889450214828775	0.185680143729834	1	0.172	0.145	0.027
Creb5	0.00890409493642382	-0.202471576451957	1	0.573	0.597	0.024
Dapk2	0.00898595035927087	-0.313170049000906	1	0.1	0.108	0.00799999999999999
Ccnt2	0.0089880222844219	0.426028976598509	1	0.133	0.1	0.033
Tmem117	0.00915172401330425	-0.112512250757788	1	0.449	0.455	0.00600000000000001
Clip3	0.00915912904813593	0.276468970621018	1	0.113	0.093	0.02
Mgat3	0.00923475881947177	0.43177459724562	1	0.151	0.118	0.033
Csde1	0.00933704790446481	-0.310424447717518	1	0.096	0.107	0.011
Megf10	0.0093913451562273	-0.121302394171098	1	0.457	0.457	0
Zmym4	0.00940828453947161	0.347979025381666	1	0.167	0.128	0.039
Riok3	0.00956870171990412	0.363583437647157	1	0.149	0.118	0.031
Bltp1	0.00963931284648944	0.232884518798229	1	0.218	0.185	0.033
Armc8	0.00974664239245134	0.418705266777741	1	0.146	0.108	0.038
Orc3	0.00991027085089914	0.697136412252665	1	0.109	0.074	0.035
Jmy	0.0100311278837347	0.428193935465161	1	0.106	0.08	0.026
Ccdc88a	0.0100956581500383	0.109410834937022	1	0.577	0.532	0.0449999999999999
Slc8a3	0.0102878630054809	0.563380303241022	1	0.241	0.185	0.056
St7l	0.0103934091507613	0.351320950125628	1	0.164	0.132	0.032
Chd4	0.010418917549815	0.269962265590925	1	0.112	0.103	0.00900000000000001
Atp2c1	0.0108694836381582	-0.169775890656471	1	0.26	0.274	0.014
Dcp1b	0.0109262365131482	0.461012174761483	1	0.14	0.104	0.036
Dnm2	0.0111148700427149	0.329514804980306	1	0.257	0.213	0.044
Cnp	0.0114949399209826	0.11441346595712	1	0.254	0.228	0.026
Mfn1	0.011516873562105	0.439781247631663	1	0.203	0.156	0.047
H2aj	0.0115594149661127	0.279573910983706	1	0.118	0.104	0.014
Med13l	0.0115659799513548	0.124141094741769	1	0.118	0.101	0.017
Usp9x	0.011615025500776	0.275891735560872	1	0.234	0.188	0.046
Ptma	0.0117037854468036	-0.174067113418862	1	0.232	0.24	0.00799999999999998
Sap130	0.0117623840368897	0.35822791840668	1	0.139	0.115	0.024
Pms1	0.0118947045466969	0.529341338291235	1	0.106	0.076	0.03
Xrn2	0.0119487094100867	0.130916507144772	1	0.172	0.15	0.022
Sympk	0.0119688998116826	0.910944371838025	1	0.101	0.061	0.04
Tmem135	0.0121858341479317	0.25617936580617	1	0.207	0.163	0.044
Fat1	0.0122067725936662	0.374369273119763	1	0.113	0.1	0.013
Dgki	0.0122773225675445	0.145583640935287	1	0.76	0.74	0.02
Erbb3	0.012290035514883	0.124263126230202	1	0.138	0.121	0.017
Lpgat1	0.0126730789801536	0.118608995747007	1	0.64	0.593	0.047
Tmem260	0.0128601372416027	-0.286924598487001	1	0.227	0.27	0.043
Pld1	0.0130597092717592	-0.116151427918459	1	0.296	0.294	0.002
Agtpbp1	0.0133188137025931	0.431780044676763	1	0.259	0.2	0.059
Tmem165	0.013419493277346	0.341784833568762	1	0.137	0.112	0.025
Nrip1	0.0134704910793507	0.183460625057393	1	0.103	0.095	0.00799999999999999
Pak1	0.0137838148495484	-0.123473741787889	1	0.78	0.785	0.005
Oga	0.013919930627074	0.631323367533134	1	0.153	0.102	0.051
Ubxn7	0.0141494900914675	-0.181940719260132	1	0.113	0.114	0.001
Sp1	0.014235831572899	0.348318765819728	1	0.1	0.082	0.018
Tns3	0.0142507364772379	-0.234213017595611	1	0.239	0.276	0.037
Vezf1	0.0143672696503635	0.293725856624167	1	0.104	0.083	0.021
Rprd1a	0.0144181979033423	0.790004055635743	1	0.101	0.06	0.041
Ggnbp2	0.0144598407840673	0.224781075538285	1	0.109	0.088	0.021
Atad2b	0.0147064200182992	0.15244132159594	1	0.354	0.32	0.034
Dennd5b	0.0147625778229264	0.26429681901097	1	0.179	0.143	0.036
Mapre2	0.0149926140501674	-0.27807763558058	1	0.38	0.41	0.03
Golga4	0.0153269735904939	0.452021151524321	1	0.105	0.077	0.028
Nav1	0.0153612075963569	0.50386479085438	1	0.342	0.26	0.082
Dennd5a	0.015419238768181	-0.123310662298687	1	0.471	0.482	0.011
Efr3b	0.0156887582597622	0.655922764436184	1	0.131	0.09	0.041
Cdkl5	0.015688809917576	0.628317158413253	1	0.155	0.097	0.058
Birc6	0.016080155545574	0.100740494775996	1	0.277	0.254	0.023
App	0.0160854903942059	-0.100262043347492	1	0.88	0.875	0.005
Cox16	0.0161592643388779	0.295480348933439	1	0.324	0.282	0.042
Tpd52l2	0.0164406267581321	0.447897775816079	1	0.111	0.088	0.023
Fbxo11	0.016844932021647	0.37094801690858	1	0.227	0.18	0.047
Pum1	0.0168453610915255	0.154849575195179	1	0.195	0.171	0.024
Gfra1	0.0168892592598942	-0.203342380487889	1	0.132	0.133	0.001
Ylpm1	0.0169170453409139	0.489116252782708	1	0.135	0.09	0.045
Kcnab1	0.0170212780530259	0.251588704606556	1	0.213	0.195	0.018
Tmed10	0.0172362850523673	0.320028105122593	1	0.145	0.119	0.026
Rcor3	0.0172393876557797	0.521036856579218	1	0.101	0.068	0.033
Nedd4	0.0172399072240603	0.276189899980906	1	0.25	0.202	0.048
1700025G04Rik	0.0173293028725423	0.443658003797815	1	0.196	0.157	0.039
Prkd3	0.0173583941073185	-0.172597255778995	1	0.29	0.303	0.013
Rasal2	0.0174534540512659	0.181997976775744	1	0.221	0.182	0.039
Mbtd1	0.0175171539034681	0.224768210618473	1	0.225	0.201	0.024
Setd7	0.0175347708568409	-0.117826148863408	1	0.158	0.165	0.00700000000000001
Dnajc13	0.0175609064524998	-0.135216575051437	1	0.127	0.133	0.00600000000000001
Zfx	0.0178166001857821	0.213726641867171	1	0.112	0.094	0.018
Ptprm	0.017868659287621	0.299237039377922	1	0.162	0.144	0.018
Arglu1	0.0178779045168743	0.211039170139526	1	0.229	0.181	0.048
Unc5b	0.0179050959441826	-0.376782903886464	1	0.141	0.176	0.035
Shisa4	0.0179949861462069	-0.260818230144379	1	0.211	0.238	0.027
Zfp266	0.0182029592427073	0.551013537082172	1	0.13	0.096	0.034
Ep300	0.0183745553471782	0.533137252458319	1	0.123	0.087	0.036
Chst8	0.0183927120957366	-0.246795380528775	1	0.113	0.116	0.003
Nrbp2	0.01870386616109	-0.112402744847465	1	0.483	0.482	0.001
Pllp	0.0187321935163391	-0.155426165890278	1	0.239	0.259	0.02
Ankrd17	0.0188768832455814	0.426513151001051	1	0.156	0.119	0.037
Rftn1	0.0189604909130882	-0.130053960132154	1	0.381	0.391	0.01
Nisch	0.0191925157238534	0.344456628711255	1	0.112	0.093	0.019
Dusp11	0.0193174414920682	-0.149944784722777	1	0.214	0.224	0.01
Nipal4	0.0193911962444333	0.172644212481182	1	0.167	0.149	0.018
Soga3	0.0193956514833626	0.3493816742348	1	0.178	0.143	0.035
Thsd7a	0.0194816629806493	0.381357550550692	1	0.239	0.198	0.041
Ptpra	0.019642457754078	0.264394859741661	1	0.386	0.341	0.045
Snrnp70	0.0197065236014322	0.13044961064304	1	0.347	0.315	0.032
Lsm14a	0.019765267181596	0.515983630504016	1	0.13	0.1	0.03
Immp2l	0.0197872682853317	-0.169427465553936	1	0.209	0.214	0.005
Dnm3	0.0201093292172106	-0.104324644272568	1	0.927	0.934	0.00700000000000001
Trpm7	0.0203357321287838	0.213776518344326	1	0.332	0.292	0.04
Git2	0.0205661159409955	-0.270671420224114	1	0.195	0.229	0.034
Fbxl5	0.0207534004859157	0.196682228453741	1	0.308	0.285	0.023
Snx6	0.0210144699978298	-0.156258043242503	1	0.114	0.123	0.00899999999999999
Tln2	0.021322782145947	0.482019221448835	1	0.201	0.151	0.05
Kat2b	0.0214071968603904	0.198088027453484	1	0.372	0.342	0.03
Sned1	0.0218115798862522	-0.120862732022373	1	0.196	0.204	0.00799999999999998
Paqr8	0.0218795643834657	0.331030623141922	1	0.151	0.114	0.037
Wdpcp	0.0218863873119139	0.252697539405626	1	0.181	0.165	0.016
Dcc	0.0224585626806758	-0.301810339607599	1	0.381	0.412	0.031
Rhot1	0.0225804179548877	0.10637035426589	1	0.151	0.135	0.016
Foxn2	0.0226766075056536	0.553489780263119	1	0.153	0.114	0.039
Arsg	0.0227125590172769	-0.161518545025993	1	0.395	0.435	0.04
Hid1	0.0227478749828	-0.10737267043892	1	0.217	0.218	0.001
Atxn2	0.0230427649958913	0.158939304572319	1	0.239	0.216	0.023
Arhgap31	0.0230933270386656	-0.366219699655579	1	0.096	0.113	0.017
Tmc7	0.0231005630096128	-0.348080887852392	1	0.152	0.181	0.029
Scamp5	0.023124537124651	-0.199181019501487	1	0.282	0.306	0.024
Rictor	0.023391895436545	0.16717853961635	1	0.204	0.19	0.014
Zfyve26	0.0236030880645578	-0.261676992933533	1	0.097	0.109	0.012
Mtf1	0.0238134373236341	-0.226196239035369	1	0.105	0.112	0.00700000000000001
Traf6	0.0243533345866618	0.405451402766303	1	0.104	0.083	0.021
Psmd14	0.0243542022350657	0.375034821327464	1	0.115	0.092	0.023
Supt3	0.0244869476617929	0.187141069478912	1	0.215	0.205	0.01
Otud4	0.0245633484996702	0.231784916944332	1	0.112	0.092	0.02
Slk	0.0246061769522215	-0.190101463565224	1	0.275	0.293	0.018
Stard3nl	0.0248324068810166	0.317993210479192	1	0.101	0.086	0.015
Smc3	0.0248920901906467	0.670434064858086	1	0.152	0.106	0.046
Ralgds	0.0251153597415032	0.532225745945568	1	0.114	0.083	0.031
Fut8	0.0252348221132801	0.250072392224348	1	0.172	0.147	0.025
Inpp5a	0.0252913427396902	0.234479169092611	1	0.166	0.153	0.013
Taf3	0.0253491080627363	0.46733691471442	1	0.15	0.109	0.041
Prex1	0.0259795418427438	-0.42421954775713	1	0.124	0.164	0.04
Csrp1	0.0261167545223128	0.151520449037232	1	0.387	0.366	0.021
Ralgapb	0.0265565686363483	0.394972850875297	1	0.114	0.088	0.026
Pkm	0.026588432810549	0.608856118550781	1	0.106	0.075	0.031
P2rx4	0.0267773873580735	-0.579256498659831	1	0.083	0.118	0.035
Vps4b	0.0268613598868516	0.391328419955721	1	0.121	0.095	0.026
Ubr2	0.0269392980755793	0.222832444197864	1	0.312	0.279	0.033
Ss18	0.0275540095803366	0.110165025759843	1	0.141	0.126	0.015
Vps41	0.0279120588178199	0.344095766959389	1	0.172	0.138	0.034
Numa1	0.028168672783287	0.480450662822699	1	0.122	0.093	0.029
Rsrc2	0.0282383503389072	0.137964276356239	1	0.109	0.096	0.013
Dcaf17	0.0282696167980714	-0.345576263549406	1	0.15	0.171	0.021
Rtkn	0.028390965811202	0.209386262635556	1	0.166	0.146	0.02
Zzef1	0.0287678789374155	0.188797989069303	1	0.184	0.159	0.025
Rprd2	0.02909239927413	0.447866950491972	1	0.146	0.109	0.037
Arhgef2	0.0292295360981865	0.124530237430812	1	0.281	0.254	0.027
Suco	0.0293790455419272	0.452475670429733	1	0.11	0.09	0.02
Gpr37	0.02954629274119	-0.241808908734238	1	0.227	0.254	0.027
Pias1	0.0297367270415273	0.426394519414432	1	0.162	0.127	0.035
Cdk12	0.029773904154823	0.31483939403382	1	0.265	0.227	0.038
Kif6	0.0300054935881181	-0.10708388104587	1	0.308	0.314	0.00600000000000001
Lpcat2	0.0300681307922496	-0.249094001781054	1	0.096	0.105	0.00899999999999999
Arpc1a	0.0303999409224822	0.14842268878503	1	0.113	0.099	0.014
Tbcd	0.0305433364349311	0.112236572072547	1	0.322	0.299	0.023
Tbc1d5	0.0305606577061535	-0.147953171937716	1	0.841	0.86	0.019
Matr3	0.0305824713987596	0.190168666601242	1	0.188	0.162	0.026
Ppp1r21	0.0306671230492989	-0.188502957942317	1	0.336	0.365	0.029
Ppip5k2	0.0306677880030749	0.265087225951336	1	0.211	0.186	0.025
Akap10	0.0307508251357715	0.266139485185284	1	0.149	0.131	0.018
Epb41l4a	0.0307958189988958	-0.338022413966458	1	0.12	0.15	0.03
Rhou	0.0309016446426586	0.252009971684646	1	0.308	0.276	0.032
Prrc2c	0.0310310850288665	0.14721816435878	1	0.28	0.25	0.03
Auh	0.0312535606225802	0.600525395161358	1	0.122	0.087	0.035
Dnajc7	0.0314769264241222	0.281376687809717	1	0.169	0.14	0.029
Ip6k1	0.0315487165992837	0.348759739408631	1	0.139	0.112	0.027
Tnpo3	0.0315660294930154	0.612890830178605	1	0.113	0.074	0.039
Umad1	0.0315770336061632	0.174091372919769	1	0.196	0.175	0.021
Gatm	0.0315862274961741	-0.160099741975862	1	0.642	0.667	0.025
Nek1	0.0318256372241259	0.350520811334673	1	0.131	0.101	0.03
Cop1	0.0319140682866038	0.285611658613183	1	0.199	0.169	0.03
Rap1a	0.0321180799373246	-0.106682423632139	1	0.514	0.535	0.021
Tbl1xr1	0.0322630842166487	0.177841320018048	1	0.303	0.271	0.032
Dgkd	0.0324170142523277	0.335686075189894	1	0.123	0.099	0.024
Mdm4	0.0324260146730663	-0.153571680164642	1	0.283	0.301	0.018
Braf	0.0327139919209976	-0.216686100891513	1	0.127	0.134	0.00700000000000001
Adamts2	0.0327191039555972	0.218195941855605	1	0.202	0.161	0.041
Dcaf8	0.0327220325425609	0.277332816374625	1	0.131	0.121	0.01
Nav3	0.0327820532955379	-0.648212001831695	1	0.089	0.138	0.049
Zfp280d	0.0328976057312952	0.125470896810613	1	0.333	0.311	0.022
Bfsp2	0.0330139561080421	0.10305908516502	1	0.134	0.129	0.005
Ppm1a	0.0330427383429363	0.477416294884919	1	0.103	0.078	0.025
Thra	0.0330561827375772	0.125531988031336	1	0.284	0.27	0.014
Wipi1	0.0331165723774663	0.248507147669908	1	0.195	0.168	0.027
Ppm1b	0.0335821802898514	0.129632323202116	1	0.182	0.161	0.021
Coro1c	0.0336103161835826	-0.369320685314379	1	0.169	0.202	0.033
Macrod2	0.0339910993977512	-0.457127383874503	1	0.194	0.232	0.038
Dennd4a	0.0340619490016255	-0.129106634204427	1	0.219	0.227	0.00800000000000001
Lonp2	0.034115025956183	-0.128900459855047	1	0.183	0.201	0.018
Hectd1	0.0341869048051399	0.248328182004271	1	0.131	0.107	0.024
Ak3	0.0346210857658913	0.186474263113141	1	0.103	0.09	0.013
Smchd1	0.0346822478025127	-0.379649479245238	1	0.11	0.138	0.028
Acin1	0.0349905573029472	0.38246189726585	1	0.146	0.114	0.032
Tmem245	0.0352534942551486	0.325836755787036	1	0.118	0.093	0.025
Cfdp1	0.0355230928284924	0.343951150298779	1	0.13	0.102	0.028
Adam22	0.0356873398001983	0.459312009689862	1	0.106	0.076	0.03
Grb2	0.0360620642759589	0.278404874393268	1	0.125	0.11	0.015
Fnbp4	0.0364523285115289	0.382191324610744	1	0.115	0.09	0.025
Aven	0.0367847171463126	0.406349142350512	1	0.132	0.099	0.033
Glod4	0.0369305087141052	0.350829655834153	1	0.12	0.099	0.021
Tmem132b	0.0369589575620438	0.40016243955584	1	0.141	0.101	0.04
Lamc1	0.0371394375097428	0.615385303556148	1	0.111	0.079	0.032
Kiz	0.0371511174920596	-0.258437241827555	1	0.111	0.127	0.016
Prdx1	0.0372284585034047	-0.287426386750297	1	0.164	0.191	0.027
Ino80	0.0376781956918458	-0.181784294786472	1	0.13	0.145	0.015
Lrig3	0.0376901790468472	0.194569440225092	1	0.128	0.11	0.018
Adam19	0.037798004859482	-0.203214053411231	1	0.205	0.222	0.017
Rbm26	0.0378213737470652	0.194253616144047	1	0.183	0.152	0.031
Gdpd5	0.0379946474786648	-0.170454877610343	1	0.098	0.101	0.003
Vps13b	0.0385150333359509	0.118584435038477	1	0.325	0.29	0.035
Dip2c	0.0385421171013979	0.424592772548476	1	0.241	0.184	0.057
Chd1	0.0386884427578637	0.273758007056717	1	0.105	0.088	0.017
Tbc1d23	0.0388676551348197	0.10200928109735	1	0.134	0.124	0.01
Rgma	0.0390386920466254	0.254566678719874	1	0.141	0.132	0.00899999999999998
Rnf141	0.0393004990652871	-0.330861326703715	1	0.198	0.232	0.034
Tet3	0.0396236793730741	0.397718934702789	1	0.194	0.151	0.043
Wdfy3	0.0396348934918902	0.123449316065845	1	0.259	0.227	0.032
Stx6	0.0399032647191643	0.272041682527783	1	0.15	0.132	0.018
Rev3l	0.0401362757985752	0.112940054014049	1	0.25	0.221	0.029
Prrt1	0.0401729337617822	0.10791937892157	1	0.153	0.146	0.00700000000000001
Zfp169	0.0402217501139592	-0.560995493661111	1	0.069	0.102	0.033
Spsb1	0.0409510826626183	-0.265101606709035	1	0.13	0.146	0.016
Acaa1a	0.0413217722832878	-0.315859100329937	1	0.115	0.136	0.021
Supt20	0.0415247894113519	0.206694111977041	1	0.107	0.091	0.016
Tial1	0.0417487712423238	0.233151980572895	1	0.185	0.165	0.02
Sbf1	0.0417597148754245	-0.288769123394879	1	0.213	0.243	0.03
Cdip1	0.0420471904773775	0.234323475300846	1	0.21	0.176	0.034
Dusp16	0.0422702273475625	-0.358854385440089	1	0.298	0.346	0.048
Ubc	0.0431858333385935	-0.201120070356245	1	0.106	0.11	0.004
Anapc1	0.0438749679170968	0.268067853651249	1	0.123	0.104	0.019
Zbtb38	0.0441253375080213	-0.194842580520868	1	0.164	0.193	0.029
Olfml1	0.0441348181318753	-0.115556994780511	1	0.347	0.357	0.01
Creb1	0.0441365663673022	0.121291111449252	1	0.208	0.193	0.015
Gak	0.0442111516526666	0.408691969861671	1	0.115	0.088	0.027
Jmjd1c	0.0446699913952196	-0.242214547309494	1	0.264	0.301	0.037
Anln	0.0451464479250607	0.135519319550666	1	0.505	0.475	0.03
Eif2b3	0.0456017795276261	0.113340960328473	1	0.114	0.102	0.012
Dnajc19	0.0456360422930292	0.106022852953041	1	0.13	0.111	0.019
Spen	0.0456924553691239	0.510406523972744	1	0.115	0.09	0.025
Smarca2	0.0460781512192033	0.189905831515636	1	0.172	0.146	0.026
Fam120c	0.0462078684646969	0.390815843788688	1	0.145	0.112	0.033
Parp8	0.0463444416862792	0.483406485145888	1	0.173	0.132	0.041
Cdc73	0.0466023622013991	0.249700874378214	1	0.121	0.101	0.02
Chd6	0.0470464222453371	0.16490746204	1	0.224	0.193	0.031
Cobl	0.0470702967034828	-0.155074764956124	1	0.256	0.284	0.028
Pcolce2	0.0471235582570659	0.270126084858186	1	0.16	0.137	0.023
Cnot10	0.0476841323586055	-0.14323375617774	1	0.118	0.125	0.00700000000000001
Yipf1	0.048052649172051	0.345008021663563	1	0.1	0.086	0.014
Gpatch2l	0.0485825598642514	0.305636622901672	1	0.107	0.09	0.017
Rybp	0.0491316669392808	-0.325972032903751	1	0.246	0.286	0.04
Adamtsl4	0.0492693017262544	0.181362957042079	1	0.175	0.157	0.018
Cipc	0.0493507033226954	-0.110745986275184	1	0.447	0.463	0.016
Adamts20	0.0495329162041399	-0.147116392840128	1	0.162	0.169	0.00700000000000001
Tuba1a	0.0497943409312785	0.3927905741245	1	0.107	0.079	0.028
Sipa1l3	0.0510783534375502	0.21272415486864	1	0.11	0.092	0.018
Dnajc1	0.0510972564554911	0.110623471951375	1	0.238	0.213	0.025
Vps13d	0.0511069945210245	0.366676608571074	1	0.109	0.082	0.027
Rhoq	0.0515886478770433	0.220702246205564	1	0.111	0.098	0.013
Glt8d1	0.0518069999920656	0.373382952040258	1	0.136	0.112	0.024
Ralyl	0.0532906818517576	-0.553515246229134	1	0.088	0.117	0.029
Aplp2	0.0540935884821854	-0.379317797367566	1	0.088	0.109	0.021
Wdr70	0.0541209315310492	0.362731621953663	1	0.12	0.093	0.027
Lamp1	0.0542056562643177	0.163001573425843	1	0.157	0.135	0.022
Glul	0.0542258789111584	-0.247164744236491	1	0.277	0.299	0.022
Cyp27a1	0.0553215836930812	-0.262287953637109	1	0.185	0.222	0.037
Trim35	0.0555890111148202	0.1527380350566	1	0.256	0.244	0.012
Pik3c2a	0.0561592979644824	0.277678328452288	1	0.129	0.107	0.022
Pogk	0.0562513253714462	0.178353840649116	1	0.112	0.101	0.011
Ell2	0.0571851436712239	0.206325379366659	1	0.2	0.175	0.025
Cpd	0.0572515646356487	-0.108278971431091	1	0.359	0.37	0.011
Afdn	0.058951531800422	0.308405936486344	1	0.147	0.114	0.033
Pcyt2	0.059167458256624	0.270792588746461	1	0.238	0.204	0.034
Dctn4	0.0595875354379618	0.168469975408057	1	0.223	0.209	0.014
Fbxl20	0.0596346834043251	0.17420674790235	1	0.121	0.104	0.017
Mta3	0.0596717982965904	-0.105400008575419	1	0.281	0.285	0.00399999999999995
Sbf2	0.059672632254342	0.182667628363116	1	0.237	0.201	0.036
Adamtsl1	0.0599005252985437	-0.141853831789143	1	0.527	0.54	0.013
Clock	0.060402604032821	0.234673021396944	1	0.267	0.232	0.035
Kif21b	0.0606902436757322	-0.19811713442946	1	0.099	0.108	0.00899999999999999
Pphln1	0.0620485793050336	-0.198838498566581	1	0.1	0.106	0.00599999999999999
Wbp1l	0.0620675588013074	0.260531755230612	1	0.102	0.088	0.014
Emsy	0.0620846768495399	0.421914448671029	1	0.118	0.086	0.032
Mettl25	0.0623832605968301	0.418731170799235	1	0.147	0.118	0.029
Mfsd6	0.0624549532422323	0.346170494652681	1	0.178	0.147	0.031
Ascc3	0.0625644771981976	0.210769468087647	1	0.185	0.162	0.023
Ppp1r9a	0.0630748177772338	0.115970021037753	1	0.118	0.1	0.018
Hdac8	0.0641882356910665	-0.160233047489812	1	0.107	0.112	0.005
Wdr33	0.0649485374753252	0.125254275799936	1	0.216	0.19	0.026
Swt1	0.0651127348653011	0.42238766426788	1	0.146	0.113	0.033
Phc1	0.0662840017304674	0.248432834014427	1	0.111	0.093	0.018
Elovl6	0.0667848291301038	-0.14141972890832	1	0.211	0.204	0.00700000000000001
Opalin	0.0668486051061831	-0.16709073701917	1	0.392	0.432	0.04
Bche	0.0669345786281032	-0.305015160042579	1	0.104	0.12	0.016
Il1rapl1	0.067258359005162	-0.265542920374357	1	0.588	0.636	0.048
Galnt2	0.0674416165087868	0.222419714516739	1	0.105	0.088	0.017
Vbp1	0.0678046407635785	-0.440194801737259	1	0.087	0.126	0.039
Wapl	0.0685414554571231	0.125375306528662	1	0.161	0.145	0.016
Mdm2	0.0687181385348353	0.274834375354737	1	0.169	0.148	0.021
Smad7	0.068721077548056	-0.205376342953544	1	0.329	0.365	0.036
Ube2e3	0.0690578064964499	0.124407400833016	1	0.171	0.151	0.02
Reep5	0.0694936883846843	0.434713153142332	1	0.137	0.108	0.029
Appbp2	0.0699192210687638	0.411244349343466	1	0.22	0.176	0.044
Stmn4	0.0700543594222766	-0.138352671552982	1	0.366	0.385	0.019
Ston2	0.0701710841560863	0.116169777308745	1	0.239	0.219	0.02
Bcl7a	0.0701751942684213	-0.2543110094878	1	0.089	0.103	0.014
Chn2	0.0708509134474607	0.160940712360579	1	0.258	0.235	0.023
Cep350	0.0712520682301009	0.206949718086792	1	0.203	0.176	0.027
Dnmt3a	0.0715200050058258	0.179217707382882	1	0.239	0.205	0.034
Hnrnpr	0.07269286852164	0.275605508516029	1	0.151	0.124	0.027
Psat1	0.0727899978623783	-0.188878495872043	1	0.137	0.143	0.00599999999999998
Trim24	0.0729336600905179	0.490444790754279	1	0.161	0.131	0.03
Snrnp48	0.0733282834345991	0.17835747338545	1	0.21	0.191	0.019
Atr	0.0735029481820344	-0.104191088251638	1	0.102	0.105	0.003
Xkr4	0.0736932448037914	-0.119762234804304	1	0.3	0.329	0.029
Tdrd3	0.0740882011623947	0.277382735287856	1	0.139	0.113	0.026
Myo9b	0.0745162871970238	0.508533154296487	1	0.111	0.081	0.03
Lap3	0.0747278529063282	0.228079450360231	1	0.143	0.127	0.016
Ckap5	0.0753742382625235	0.185952436431249	1	0.243	0.218	0.025
Arrdc3	0.0756661474831088	0.168098868205676	1	0.288	0.28	0.00799999999999995
Onecut2	0.0757754297842129	0.26541059731257	1	0.14	0.118	0.022
Cilk1	0.0776392709335586	-0.208127548053756	1	0.262	0.288	0.026
Lypd6	0.0800353007827279	-0.206594538433686	1	0.104	0.112	0.00800000000000001
Pex5l	0.0801654280153046	-0.185899751670028	1	0.91	0.922	0.012
Rptor	0.0807102167135126	-0.245471563387789	1	0.125	0.143	0.018
Cdc42ep1	0.0809210638988697	-0.3645744694268	1	0.087	0.102	0.015
Ankhd1	0.0815086264674007	0.195247837827454	1	0.279	0.256	0.023
Klf3	0.0825190641460207	-0.319469231258932	1	0.129	0.144	0.015
Pds5a	0.0835812561374078	0.341381212194747	1	0.2	0.157	0.043
Spata13	0.0836212702179028	-0.149873328169996	1	0.127	0.134	0.00700000000000001
Phc2	0.0838954665645608	0.265669796357671	1	0.127	0.109	0.018
Anapc5	0.0851198103038821	0.413104023907442	1	0.113	0.081	0.032
Ints3	0.0851639647900864	0.655074782564193	1	0.105	0.074	0.031
Unk	0.085902330773773	0.478661746719086	1	0.115	0.09	0.025
Sash1	0.0865541043970296	-0.115094199123703	1	0.285	0.294	0.00900000000000001
Amy1	0.0865897394772138	0.3720239416219	1	0.166	0.143	0.023
Pip4k2a	0.0875195306801412	0.139795347374775	1	0.658	0.616	0.042
Srsf5	0.0876952008783499	0.117207837934561	1	0.203	0.187	0.016
Mon2	0.0877701577543358	0.153131828013158	1	0.214	0.189	0.025
Ralgapa1	0.0884941097589373	-0.195806829570818	1	0.248	0.276	0.028
Flnb	0.0894627224149647	0.140040586064654	1	0.206	0.183	0.023
Cntrl	0.0900115720085158	-0.240732960147205	1	0.132	0.147	0.015
Fer	0.090573655437413	0.292247504667915	1	0.154	0.121	0.033
Sec11c	0.0919718318165063	-0.132789100706383	1	0.276	0.286	0.00999999999999995
Vapa	0.0921813716197207	0.297814773257188	1	0.119	0.099	0.02
Eps15	0.0926667465179658	0.129329088622312	1	0.414	0.388	0.026
Tle1	0.0930563154742298	0.218176747250008	1	0.2	0.184	0.016
Iftap	0.093399517762345	-0.127892327643783	1	0.132	0.134	0.002
Bace1	0.0941257154887223	-0.105861462962132	1	0.116	0.121	0.00499999999999999
Chdh	0.0957528863340389	-0.121206879170532	1	0.109	0.112	0.003
Mia2	0.0958317485114426	0.281228419368797	1	0.117	0.101	0.016
Rubcn	0.0961295667839382	0.386835279047105	1	0.123	0.096	0.027
Arhgef11	0.0962452577809245	0.390145087253281	1	0.156	0.125	0.031
Kcnk13	0.0964655321508183	-0.214088424791923	1	0.431	0.477	0.046
Hcn2	0.0977367906299117	-0.118827807874319	1	0.286	0.293	0.00700000000000001
Mbd2	0.0979187362258427	0.117319337043796	1	0.1	0.089	0.011
Phf20l1	0.0984441808969555	0.345892819919693	1	0.125	0.093	0.032
Nek7	0.0993187459980699	0.206118334157377	1	0.204	0.186	0.018
Acot7	0.0998935930989958	0.196694818057019	1	0.19	0.166	0.024
Arhgap24	0.0999423688335875	-0.128952498254575	1	0.115	0.111	0.004
Cuedc1	0.10154749645878	-0.141366051427007	1	0.242	0.269	0.027
Arnt2	0.10216717033457	-0.135829973856984	1	0.342	0.366	0.024
Dock1	0.103652470770142	-0.120204261755399	1	0.675	0.694	0.0189999999999999
Sil1	0.103819554587643	0.416289334158918	1	0.167	0.135	0.032
Tra2a	0.103973718894913	-0.104889240302207	1	0.34	0.351	0.011
Paip2	0.105094279081517	0.263501933172204	1	0.303	0.269	0.034
Fscn1	0.105409881391524	-0.299846387375841	1	0.11	0.123	0.013
Scmh1	0.105437458866315	-0.217179600855005	1	0.136	0.147	0.011
Agpat4	0.105870774324869	-0.106663912656949	1	0.374	0.387	0.013
Psen1	0.106126487680196	-0.334471218503986	1	0.145	0.167	0.022
Cpeb3	0.106362286191607	0.154870673544187	1	0.293	0.262	0.031
Asb3	0.10642222207911	0.173384969203171	1	0.154	0.145	0.00900000000000001
Fam133b	0.108351451448446	0.13697868722383	1	0.114	0.114	0
Tcerg1	0.108422168910181	0.350844558319554	1	0.121	0.098	0.023
Wdr91	0.109528283161836	-0.434047225189615	1	0.08	0.101	0.021
Sfswap	0.109579288629497	-0.109140140746265	1	0.181	0.193	0.012
Anapc10	0.113437639281207	0.433579715223553	1	0.1	0.079	0.021
Ddx6	0.113757416436485	0.19804367087073	1	0.13	0.113	0.017
Rbbp4	0.113956328030185	-0.236895078475068	1	0.098	0.11	0.012
Ubn1	0.114358473312154	0.350556303219428	1	0.16	0.126	0.034
Raf1	0.114825616236041	0.355013658109263	1	0.124	0.096	0.028
Top2b	0.115911539842973	0.178329874246062	1	0.118	0.11	0.00799999999999999
Cert1	0.115927341793142	-0.237454295059166	1	0.197	0.225	0.028
Trappc9	0.115979543122845	-0.108820877493493	1	0.132	0.135	0.003
Zfp740	0.116114732193445	-0.316231858853972	1	0.144	0.172	0.028
Spred1	0.11615319542949	-0.151360305645767	1	0.12	0.136	0.016
Fah	0.117436654248123	0.311826279450462	1	0.101	0.088	0.013
Tmem234	0.117506992687474	0.30262871522253	1	0.106	0.088	0.018
Prdm5	0.119551899825331	0.229088118891002	1	0.151	0.139	0.012
Hdac5	0.119595523531255	-0.327783343426551	1	0.093	0.109	0.016
Nopchap1	0.120307994116662	0.738018320007397	1	0.106	0.066	0.04
Diaph2	0.12053962961811	-0.369120029606463	1	0.114	0.139	0.025
Uty	0.121152982640587	1.66367391991134	1	0.107	0.031	0.076
Fam172a	0.123435140848164	0.104042310646583	1	0.467	0.446	0.021
Dtna	0.123657935060714	0.128539814287481	1	0.5	0.465	0.035
Fbxo21	0.124073269807475	0.327310048598055	1	0.122	0.107	0.015
Dstyk	0.126766507258915	-0.105519659195892	1	0.22	0.229	0.00900000000000001
Cdk5	0.128044728096598	-0.236716758397478	1	0.095	0.109	0.014
Myh14	0.130421155563613	-0.302188175955233	1	0.118	0.14	0.022
Slc22a23	0.130531393717445	-0.113382632221855	1	0.392	0.405	0.013
Mlxip	0.130770790152153	-0.394341288199002	1	0.085	0.108	0.023
Pdcd6ip	0.13079172764118	-0.421815574149531	1	0.201	0.242	0.041
Shroom2	0.131001381138762	0.271824028245308	1	0.148	0.132	0.016
Zfp207	0.131665503774574	0.277000957655156	1	0.117	0.095	0.022
Zfp704	0.135604370621597	-0.104829281452154	1	0.346	0.372	0.026
Usp48	0.136004733494496	0.220042110532606	1	0.198	0.175	0.023
Nhlrc2	0.13788966774771	-0.141167444360244	1	0.106	0.115	0.00900000000000001
Dmtf1	0.138872691214656	-0.323083984764304	1	0.114	0.138	0.024
Itpk1	0.139314459132735	0.167128595748786	1	0.366	0.329	0.037
Zfand5	0.139730585203259	-0.196020168988697	1	0.139	0.152	0.013
Aatf	0.139773571638347	0.287168882201644	1	0.167	0.138	0.029
Aim2	0.139828202552082	-0.111200078696059	1	0.117	0.126	0.00899999999999999
Xpo6	0.139987170347076	0.329955468671013	1	0.161	0.126	0.035
Elf1	0.140169162082459	0.194769099268561	1	0.184	0.163	0.021
Uimc1	0.141142966505018	0.101686235683381	1	0.12	0.109	0.011
Nfatc3	0.141908543947392	-0.123286748454766	1	0.181	0.194	0.013
Mau2	0.143668197643214	0.172950274361794	1	0.143	0.13	0.013
Arfgef1	0.143990500270103	0.242050154362121	1	0.119	0.104	0.015
Eefsec	0.144503417909604	0.46753632516412	1	0.13	0.098	0.032
Phf3	0.144987474099229	0.158643602223115	1	0.256	0.231	0.025
Cbl	0.145532952355214	0.293200970974103	1	0.101	0.088	0.013
Osbpl1a	0.146903918405944	0.10324179252759	1	0.468	0.455	0.013
Msh3	0.149601573948563	0.150029127115452	1	0.128	0.117	0.011
Slc20a2	0.150297691949109	-0.126819241823603	1	0.272	0.287	0.015
Abhd12	0.150701909161096	-0.330077417781711	1	0.092	0.113	0.021
Dpy19l1	0.150711351677119	-0.133105879633324	1	0.411	0.435	0.024
Abtb2	0.151050443112257	-0.182753307506653	1	0.178	0.196	0.018
Caprin1	0.152358800806247	-0.131537522897726	1	0.116	0.125	0.00899999999999999
Hmg20a	0.152878470448366	0.329568418777299	1	0.182	0.148	0.034
Ppp1cc	0.153839884038472	-0.13630956694674	1	0.283	0.305	0.022
Mapre3	0.154340053034076	0.367060077304453	1	0.105	0.083	0.022
Tsc22d3	0.154756172461962	0.165569065861251	1	0.212	0.195	0.017
Hnrnpl	0.155377603643493	0.236186483710134	1	0.125	0.111	0.014
Smyd3	0.155865854208452	-0.266679271741658	1	0.12	0.136	0.016
Ppp4r3b	0.156346269135539	0.186183024123197	1	0.106	0.092	0.014
Enpp6	0.156376825143167	-0.191378577418032	1	0.252	0.26	0.00800000000000001
Ctnna1	0.156539027015293	0.224724837324138	1	0.149	0.13	0.019
Wdr26	0.156870739637336	0.259612676167026	1	0.196	0.168	0.028
Nsmce2	0.158414773348799	-0.10092472366533	1	0.307	0.312	0.005
Ehbp1	0.158638817218218	0.226147482326519	1	0.113	0.09	0.023
Maml2	0.159015472852135	0.190523533219652	1	0.113	0.106	0.00700000000000001
Srgap3	0.159695108771888	0.593864276834127	1	0.126	0.087	0.039
Lcor	0.16043649568435	0.13066645747058	1	0.224	0.196	0.028
Bicd2	0.161768282038393	-0.228210240801233	1	0.13	0.143	0.013
Zfyve9	0.162131846580637	-0.150704600551964	1	0.106	0.11	0.004
Kidins220	0.162493192005833	0.164635181424376	1	0.107	0.088	0.019
Trip4	0.163059867637727	0.525059976955827	1	0.15	0.119	0.031
Lrmda	0.163455087478264	-0.184826598436182	1	0.383	0.41	0.027
Nup214	0.166340658684455	0.185276072010961	1	0.125	0.107	0.018
Sec62	0.167220797132872	0.145186127403785	1	0.107	0.093	0.014
Megf9	0.170980527819227	0.670591349992587	1	0.109	0.071	0.038
Pik3r3	0.172908030870004	0.102019167246319	1	0.13	0.119	0.011
Cttnbp2nl	0.174100536406899	-0.188931162349295	1	0.158	0.176	0.018
Gsk3b	0.178038187259125	0.296106990951522	1	0.123	0.099	0.024
Tnni1	0.179187396624234	-0.160613583750568	1	0.206	0.222	0.016
Rab11fip2	0.179928535196159	0.117765232458214	1	0.166	0.159	0.00700000000000001
Nfib	0.180434227446795	-0.122212112945774	1	0.316	0.341	0.025
Jakmip3	0.182867754527231	0.104346145273125	1	0.348	0.327	0.021
Prickle1	0.184617695130761	-0.122596608551576	1	0.229	0.229	0
St6gal1	0.186539441056403	-0.108123978100577	1	0.477	0.502	0.025
Vps35l	0.18665967258634	0.175082014288898	1	0.184	0.167	0.017
Ctnnal1	0.186700818856814	0.121060758130701	1	0.132	0.119	0.013
Dach2	0.187197163361166	0.269136240036663	1	0.102	0.088	0.014
Glrb	0.187492540771252	-0.280887908480018	1	0.138	0.165	0.027
Tnks2	0.187537570417062	0.476274224915551	1	0.131	0.1	0.031
Trpc1	0.188290395427575	0.323973490579559	1	0.169	0.146	0.023
Pde8a	0.18962528716395	-0.122832865646803	1	0.7	0.726	0.026
Gtf2f2	0.189675260826784	0.145634262376714	1	0.153	0.141	0.012
Usp37	0.192652372620095	0.18465625893255	1	0.122	0.107	0.015
Ube2d2a	0.194259602856366	0.159683498933798	1	0.18	0.162	0.018
Rassf2	0.195136914620152	-0.185395798151924	1	0.241	0.276	0.035
Naa15	0.197084022513934	0.587110138524015	1	0.116	0.082	0.034
Itsn2	0.197769024671544	0.105334700750957	1	0.542	0.528	0.014
Cldn11	0.200074712726865	0.117234729347357	1	0.445	0.417	0.028
Cwf19l2	0.200185932902995	-0.128119101887793	1	0.115	0.121	0.00599999999999999
Immt	0.201188527311105	0.288243914665016	1	0.14	0.117	0.023
Pik3c3	0.20538893438575	-0.376955936029296	1	0.093	0.115	0.022
Aopep	0.205626026502943	0.158880588612875	1	0.42	0.39	0.03
Matn4	0.208667895566388	-0.2748043403593	1	0.09	0.104	0.014
Smurf2	0.21006210651474	0.219447729755907	1	0.208	0.187	0.021
Ube2k	0.210722718102249	0.480109010135067	1	0.113	0.083	0.03
Sema6a	0.212658781312935	-0.122289666643765	1	0.511	0.54	0.029
Cblb	0.213115695205298	0.265378073759931	1	0.153	0.135	0.018
Ogt	0.213312049631259	-0.265821679011379	1	0.138	0.159	0.021
Tfdp2	0.217281028300503	0.10270894666079	1	0.279	0.257	0.022
Clic4	0.220780790195565	-0.201151281820644	1	0.353	0.388	0.035
Exoc5	0.221214528002901	0.352349854693883	1	0.175	0.141	0.034
Gapvd1	0.222142144011197	0.167660442893082	1	0.157	0.14	0.017
Rab11fip4	0.222666222594873	0.469793770211229	1	0.115	0.092	0.023
Uhrf2	0.224333603524358	0.216278035072177	1	0.123	0.102	0.021
Tpst1	0.225558160901947	-0.152779429855834	1	0.179	0.199	0.02
Ldb3	0.225664038993155	-0.174578623122094	1	0.136	0.146	0.00999999999999998
Mob2	0.225709328502987	0.408477038085149	1	0.122	0.095	0.027
Tpr	0.227483474613439	0.307879732751049	1	0.138	0.11	0.028
Trpc4ap	0.227550805564138	0.105345852919284	1	0.217	0.208	0.00900000000000001
Pam	0.227562200615748	0.222409930959588	1	0.167	0.138	0.029
Cap1	0.227589998568307	0.233885309102375	1	0.101	0.086	0.015
Tor1aip1	0.230039422938006	0.111798128748851	1	0.14	0.129	0.011
Immp1l	0.230621533262733	0.110309145794799	1	0.19	0.178	0.012
Tra2b	0.231433789777126	0.324309991123098	1	0.145	0.12	0.025
Ddx5	0.232615464589761	-0.126129200123608	1	0.44	0.472	0.032
Zfp644	0.233853502929646	0.223745290135719	1	0.166	0.142	0.024
Ddx46	0.234281283595245	0.246514548454538	1	0.118	0.1	0.018
Rab11fip3	0.235374720653223	0.287265018236392	1	0.142	0.118	0.024
Cstf3	0.23540370542075	-0.20630926186119	1	0.099	0.104	0.00499999999999999
Sec24b	0.235688185348188	0.578424341606451	1	0.123	0.088	0.035
Mtus1	0.235845136572881	-0.144709181859307	1	0.233	0.247	0.014
Creb3l2	0.237194247031383	-0.273546742148956	1	0.138	0.159	0.021
Gnb4	0.241429800171084	-0.24879937694812	1	0.116	0.135	0.019
Ikbkb	0.243045530283482	0.305839501266752	1	0.111	0.091	0.02
Kif1a	0.248552351537434	0.38070425926533	1	0.154	0.116	0.038
Slc38a6	0.251063711782708	0.155126127239005	1	0.142	0.13	0.012
Smg7	0.254609129702921	0.258608548563195	1	0.113	0.092	0.021
Cachd1	0.254991260721268	0.197240138279614	1	0.138	0.121	0.017
Dram2	0.255683819211728	0.202990155386308	1	0.113	0.103	0.01
Stard9	0.255824993825985	0.107071007564405	1	0.214	0.204	0.01
Ppp2ca	0.259493173194331	-0.140503635403434	1	0.203	0.218	0.015
Grik4	0.260133631670969	0.494378407131066	1	0.162	0.132	0.03
Synpr	0.260480597655138	-0.117192305287287	1	0.144	0.162	0.018
Stk39	0.261187324544592	0.148777252244205	1	0.329	0.304	0.025
Asxl2	0.262036609733605	0.212099050355572	1	0.277	0.251	0.026
Klhl4	0.262561048145658	0.103677039286361	1	0.244	0.226	0.018
Gnptab	0.264031997979781	-0.115716476389513	1	0.189	0.198	0.00900000000000001
Kirrel3	0.264860391104158	-0.188331662574284	1	0.467	0.493	0.026
Ppfibp2	0.266271621701465	-0.126038296482445	1	0.494	0.515	0.021
Tcf7l2	0.266613310927288	-0.266422399418209	1	0.09	0.112	0.022
Ksr1	0.269558834738956	0.153132635276727	1	0.114	0.107	0.00700000000000001
Xpa	0.273729500310027	-0.102053733111729	1	0.141	0.149	0.00800000000000001
Sez6l2	0.282687489717731	0.135370755023841	1	0.41	0.393	0.017
Ptn	0.285028965784495	0.131669427409908	1	0.501	0.507	0.00600000000000001
Ubac2	0.285092440647969	0.328192634065399	1	0.145	0.121	0.024
Dync1h1	0.286782528678313	0.410233348576556	1	0.142	0.107	0.035
Senp2	0.287356724898898	-0.161229854279764	1	0.128	0.14	0.012
Slc25a13	0.287433172804486	-0.135135469499252	1	0.381	0.406	0.025
Actn4	0.288469007446269	0.176336779385941	1	0.2	0.188	0.012
Slc38a9	0.289033802321782	0.157610423405371	1	0.158	0.147	0.011
Atg4c	0.28926277438148	-0.153579195706051	1	0.295	0.331	0.036
Folh1	0.289943617851067	0.103645751236886	1	0.309	0.304	0.005
Spns2	0.290064572459104	-0.201125143182306	1	0.206	0.232	0.026
Abca8a	0.291166506776126	0.132008707398245	1	0.386	0.364	0.022
Sypl	0.295916889311997	-0.139251654724693	1	0.173	0.185	0.012
Enox2	0.296556553123299	-0.113719798944951	1	0.221	0.231	0.01
Zfand3	0.297723946407781	0.10360099681412	1	0.183	0.171	0.012
Rif1	0.299660016969719	0.231950121301109	1	0.265	0.238	0.027
Ankrd44	0.299746566858979	-0.134151315222104	1	0.231	0.251	0.02
Mtdh	0.300263496810604	0.149399287317355	1	0.136	0.124	0.012
Slc12a6	0.300661545087004	-0.100077007032574	1	0.188	0.193	0.005
Nectin1	0.301902091756367	-0.229679868568673	1	0.125	0.143	0.018
Kmt2a	0.302632778493127	0.431819015781754	1	0.105	0.074	0.031
Gspt1	0.303170181299823	0.53056168906302	1	0.112	0.083	0.029
Snx1	0.305119705325987	0.132297831115739	1	0.253	0.237	0.016
Pnn	0.305278853510392	0.375324834558349	1	0.147	0.112	0.035
Gab2	0.306621254158974	-0.139553965710859	1	0.314	0.326	0.012
Sorbs3	0.307259647534216	-0.145642634342277	1	0.116	0.128	0.012
Uso1	0.310541881891538	0.190493536071672	1	0.106	0.098	0.00799999999999999
Dnajc6	0.312436900313368	-0.197906231451547	1	0.235	0.265	0.03
Afap1	0.312523322805699	-0.358318003992152	1	0.082	0.103	0.021
Ncoa1	0.313083088180274	0.129673690831596	1	0.198	0.178	0.02
Pgap1	0.315449933046985	0.192640327763986	1	0.139	0.13	0.00900000000000001
Secisbp2l	0.315694134279688	-0.143459953278207	1	0.281	0.307	0.026
Skap2	0.316845175464426	-0.179054638175073	1	0.243	0.274	0.031
Rapgef1	0.321282479386724	-0.174328022275335	1	0.113	0.124	0.011
Ccnl2	0.325746933285395	0.287566697609814	1	0.151	0.132	0.019
Cradd	0.326270838747775	-0.246819547472022	1	0.111	0.126	0.015
Tbc1d22b	0.32792869568388	0.204658035049104	1	0.111	0.1	0.011
Nr2c2	0.332383754524973	0.301785675154867	1	0.12	0.109	0.011
Hsp90aa1	0.333761227528949	0.298325829247349	1	0.118	0.093	0.025
Mfsd14a	0.333945685784472	0.149868528657544	1	0.121	0.114	0.00699999999999999
Rspry1	0.334126499229163	0.301767284401068	1	0.137	0.121	0.016
Invs	0.340163933907193	0.213234796043118	1	0.16	0.143	0.017
Shprh	0.34523924093868	0.376178580686123	1	0.117	0.091	0.026
Dot1l	0.345530964572141	0.242815791151475	1	0.165	0.145	0.02
Cldn14	0.346186117150651	0.251841734915968	1	0.15	0.123	0.027
Qrich1	0.346686456365078	0.269061368053479	1	0.118	0.097	0.021
Ccnd3	0.347786025101687	-0.174547207778404	1	0.099	0.113	0.014
Arap2	0.351143033186095	0.106642302898443	1	0.464	0.46	0.004
Ift43	0.351624819373027	0.152046309555742	1	0.226	0.21	0.016
Rnf214	0.353587477359438	0.29430827412338	1	0.101	0.082	0.019
Zfp438	0.35633754187549	0.147879405218702	1	0.15	0.139	0.011
Tmbim1	0.359007031916651	0.192826740018904	1	0.198	0.188	0.01
Ppp4r1	0.362166041498395	0.13423285813485	1	0.154	0.139	0.015
Pcx	0.366240274660346	-0.157640593048035	1	0.115	0.121	0.00599999999999999
Mtm1	0.3680446564824	0.118809462598932	1	0.125	0.119	0.00600000000000001
Siah1a	0.369527252081873	-0.281480144545586	1	0.1	0.119	0.019
Arhgef10	0.371289661434691	-0.170398216282651	1	0.482	0.529	0.047
Bptf	0.373433146482202	0.146642632017673	1	0.272	0.251	0.021
Txndc16	0.374655004618509	0.152091235450721	1	0.395	0.371	0.024
Mff	0.375719108403827	0.219170568487286	1	0.157	0.141	0.016
Armh3	0.375957491591773	0.247584716621055	1	0.18	0.156	0.024
Ttc14	0.381175170154631	-0.222173923829667	1	0.104	0.115	0.011
Kcmf1	0.382140552315836	-0.387730144819661	1	0.1	0.128	0.028
Kmt5b	0.383153518926618	0.213231391864166	1	0.225	0.204	0.021
Asah2	0.389500126371375	-0.224040011517842	1	0.14	0.165	0.025
Morf4l1	0.390490055118575	0.339690188896259	1	0.121	0.101	0.02
Tbc1d22a	0.392517674566812	-0.305830968540725	1	0.112	0.135	0.023
Tex2	0.392951857785207	-0.159579371088971	1	0.245	0.268	0.023
Cyrib	0.394547624100825	0.108653443074524	1	0.201	0.191	0.01
Qdpr	0.398944571068118	-0.128425312846476	1	0.325	0.357	0.032
Krcc1	0.399728309378126	0.166244249490987	1	0.107	0.096	0.011
Ndufaf2	0.401716750558962	0.238575179793882	1	0.139	0.124	0.015
Pabpn1	0.403198069940632	0.193646151649948	1	0.123	0.107	0.016
Srgap1	0.403862331377985	-0.121452560353104	1	0.393	0.415	0.022
Tada2a	0.403890793664592	0.186310372398025	1	0.178	0.162	0.016
Ibtk	0.405644726682455	-0.145811192083226	1	0.118	0.126	0.00800000000000001
Errfi1	0.406040109491713	-0.337001655683443	1	0.085	0.104	0.019
Pkn2	0.407616981788683	0.133323777558847	1	0.142	0.13	0.012
Polb	0.411024396554945	0.211533051604539	1	0.128	0.112	0.016
Lcorl	0.414144429733444	0.114135021268905	1	0.332	0.321	0.011
Glg1	0.419087513011074	0.254765720069542	1	0.12	0.101	0.019
Xrcc6	0.428384088645145	-0.10423542586047	1	0.175	0.185	0.01
Iffo1	0.429979433810417	-0.147028845969107	1	0.137	0.153	0.016
Grik1	0.433884895158891	-0.103259377811638	1	0.205	0.224	0.019
Srpk3	0.434418515221843	-0.187703193250049	1	0.123	0.134	0.011
Sptlc2	0.435390717344216	0.219891258266128	1	0.163	0.149	0.014
Gpbp1	0.438036524808089	0.200017716216138	1	0.107	0.095	0.012
Sos2	0.438695675158575	0.127129539384546	1	0.111	0.1	0.011
Kif5b	0.439715270070117	-0.117279789436573	1	0.204	0.218	0.014
Fam13c	0.440288556843136	-0.17943805223231	1	0.28	0.31	0.03
Micu2	0.44075662761862	0.235360815752123	1	0.19	0.171	0.019
Pde1c	0.441810204303476	-0.135926870243651	1	0.355	0.36	0.005
Bcorl1	0.444536011009257	-0.105754312113532	1	0.117	0.126	0.00899999999999999
Lin52	0.445815058629335	0.196260084117555	1	0.182	0.169	0.013
Cadm1	0.449851506211655	-0.198876012044275	1	0.166	0.187	0.021
Zfr	0.449960930350571	0.25082528827761	1	0.171	0.145	0.026
Cyp20a1	0.458605172809878	0.230257422687753	1	0.11	0.1	0.01
Cavin4	0.461508067129362	-0.238042791342902	1	0.106	0.124	0.018
Xpo7	0.468922304365046	-0.19868178787994	1	0.142	0.151	0.00900000000000001
Tmem108	0.475598123882528	0.672611879900232	1	0.151	0.104	0.047
Cpsf7	0.476643570024732	-0.258940873638035	1	0.099	0.115	0.016
Thoc2l	0.477517151140232	0.277830498125733	1	0.109	0.092	0.017
Gtdc1	0.477780667702559	0.246963508606444	1	0.254	0.225	0.029
Cntn3	0.481236385878715	0.287014276314663	1	0.222	0.183	0.039
Lpcat3	0.483013759004917	-0.116470351433016	1	0.108	0.114	0.00600000000000001
Dop1b	0.484586483206703	-0.10402053876448	1	0.225	0.235	0.00999999999999998
Rasgrp3	0.484856899479331	-0.143261841415095	1	0.348	0.383	0.035
Cep120	0.490453335076204	0.165612364203909	1	0.104	0.094	0.01
Acsl1	0.4986839061037	0.117503401572414	1	0.123	0.112	0.011
Tbck	0.500196936979812	0.414687858528581	1	0.137	0.11	0.027
Fam234a	0.501202567650927	-0.137949237146658	1	0.202	0.224	0.022
Gse1	0.502013832205503	0.308078232409083	1	0.226	0.197	0.029
Prkacb	0.50501618766726	0.11827478186533	1	0.297	0.282	0.015
Epb41l2	0.506842500565641	-0.148806993932361	1	0.233	0.254	0.021
Numb	0.50842958556703	0.109302246048301	1	0.152	0.14	0.012
Shroom3	0.508544571339142	-0.114037949984332	1	0.184	0.206	0.022
Pcyt1b	0.514267223228838	0.104134674567727	1	0.184	0.176	0.00800000000000001
Stk3	0.524875065696991	-0.165586201494666	1	0.138	0.151	0.013
R3hdm1	0.525634308106698	-0.165135051459774	1	0.182	0.207	0.025
Adcy5	0.528745280650915	0.157945751624772	1	0.149	0.144	0.005
Pigz	0.529304971528409	0.186962036454912	1	0.158	0.15	0.00800000000000001
Rlf	0.530513944484081	0.434283275295841	1	0.132	0.104	0.028
Stim1	0.533978997157057	0.187718936848347	1	0.156	0.147	0.00900000000000001
Arhgap17	0.534662568182708	-0.116736632412269	1	0.111	0.118	0.00699999999999999
Rab3gap1	0.534792879339135	0.196557614140583	1	0.105	0.093	0.012
Sgms1	0.537057668957327	-0.296824225779467	1	0.146	0.176	0.03
Atp10b	0.537386738836139	-0.100410796598791	1	0.142	0.146	0.004
Chuk	0.539574183257279	0.113308811951113	1	0.138	0.129	0.00900000000000001
Pds5b	0.541711013397011	0.117601977183546	1	0.106	0.096	0.01
Hnrnpc	0.54533876257388	0.13930754046425	1	0.126	0.115	0.011
Kctd13	0.545370389291167	-0.152008972869255	1	0.247	0.271	0.024
Tyro3	0.559852999378347	-0.1927546821031	1	0.134	0.152	0.018
Golim4	0.564272748283604	0.270690101695082	1	0.105	0.09	0.015
Car14	0.566691484833589	-0.264338531252288	1	0.101	0.118	0.017
S100b	0.574628364080039	-0.331903606202742	1	0.095	0.115	0.02
Lbr	0.584094295793812	-0.145608557688747	1	0.1	0.106	0.00599999999999999
Itprid2	0.584340155809329	-0.135345286940466	1	0.219	0.235	0.016
Ext1	0.591816155328642	0.267570842657641	1	0.256	0.211	0.045
Insc	0.593292900154684	-0.108860016016735	1	0.329	0.348	0.019
Zbtb37	0.594231036227887	-0.106016628902643	1	0.09	0.101	0.011
Rasal1	0.598363418370905	0.10861596122797	1	0.105	0.107	0.002
Tafa5	0.599484190687905	0.152971176799845	1	0.289	0.271	0.018
Stx8	0.601270264676372	0.167412684099248	1	0.142	0.13	0.012
Pik3ip1	0.602685801043433	0.251025844207905	1	0.102	0.09	0.012
Pign	0.610706606593714	-0.139626180721391	1	0.12	0.131	0.011
Pdlim5	0.614535407844651	-0.21655176013746	1	0.101	0.112	0.011
Tsc1	0.615334479519434	-0.122970465887864	1	0.217	0.232	0.015
Dusp10	0.620495726582584	-0.217071404599948	1	0.143	0.166	0.023
Hdac11	0.621424579200098	0.341213876650077	1	0.112	0.097	0.015
Ubxn4	0.624737476408428	-0.151056784071298	1	0.173	0.189	0.016
Ythdc2	0.627512052242347	0.192411372022994	1	0.1	0.091	0.00900000000000001
Sox8	0.629352311106873	0.105476067415173	1	0.139	0.135	0.004
Marchf5	0.631738286668149	-0.200369206821896	1	0.095	0.106	0.011
Fam171b	0.633368892833189	-0.143541090010139	1	0.113	0.129	0.016
Fbxo32	0.644686119295035	-0.22746773745707	1	0.199	0.235	0.036
Eml2	0.649768165885241	0.106173573779325	1	0.259	0.249	0.01
Lrrfip2	0.659231802911363	0.21312081996691	1	0.149	0.135	0.014
Trip11	0.664370099580108	0.107013546453873	1	0.25	0.237	0.013
Macir	0.671470114578735	-0.225609788447876	1	0.204	0.238	0.034
Rhobtb3	0.678624560902628	0.189188452586199	1	0.166	0.155	0.011
Nkd1	0.680628479648487	0.180552135992242	1	0.1	0.088	0.012
Scfd2	0.682501996159357	0.135672689613449	1	0.131	0.122	0.00900000000000001
Zcchc24	0.684522000382434	0.129460942540719	1	0.161	0.153	0.00800000000000001
Tlk2	0.686173189098808	0.243035534015978	1	0.119	0.101	0.018
Nsd2	0.687473011381058	-0.207439659580028	1	0.118	0.132	0.014
Rtkn2	0.690148724521902	-0.114853603307475	1	0.177	0.186	0.00900000000000001
Kdm2a	0.690709775281966	0.132961094464145	1	0.194	0.182	0.012
Snx2	0.691026175625591	0.111997316152655	1	0.109	0.101	0.00799999999999999
Msi2	0.697070993258103	-0.116582480205896	1	0.093	0.1	0.00700000000000001
Agps	0.698950690220261	-0.144921463174804	1	0.192	0.211	0.019
Itgb8	0.699796688462295	-0.158249985179792	1	0.183	0.2	0.017
Crim1	0.702058115802162	-0.161718089041033	1	0.132	0.145	0.013
Kdm5c	0.704058298569731	-0.226080914056314	1	0.105	0.121	0.016
Dock5	0.713144095510396	-0.112184728249831	1	0.456	0.481	0.025
Zfyve16	0.714505535220847	0.182909303707173	1	0.113	0.106	0.00700000000000001
Phyhipl	0.715380325514118	0.128986355530359	1	0.241	0.238	0.003
Slc1a3	0.736847768496656	-0.109628562545301	1	0.234	0.251	0.017
Hs3st1	0.738037969481628	-0.167260345527326	1	0.167	0.182	0.015
Tasor	0.741126098744398	-0.11158646642745	1	0.439	0.467	0.028
Heg1	0.741312329709839	0.124044131416474	1	0.385	0.368	0.017
Fan1	0.754885117647268	-0.209160920065607	1	0.112	0.129	0.017
Tmcc2	0.757558945657323	-0.100841732513935	1	0.209	0.226	0.017
Cyp4f13	0.768347303539242	-0.123997863920971	1	0.095	0.101	0.00600000000000001
Cep128	0.778315277908805	0.180801141260375	1	0.122	0.115	0.00699999999999999
Cald1	0.780079791279094	-0.101742467989739	1	0.215	0.24	0.025
Tgfa	0.78546489228737	-0.107942699395778	1	0.152	0.16	0.00800000000000001
Insr	0.788295408966407	-0.106099467812624	1	0.253	0.27	0.017
Smc1a	0.807665199767533	0.133281790369655	1	0.113	0.106	0.00700000000000001
Copg2	0.816292653998796	0.147045661588718	1	0.171	0.162	0.00900000000000001
Galnt1	0.827976169636711	0.319619453826673	1	0.102	0.085	0.017
Eif4g3	0.840289230710874	0.140997550827747	1	0.133	0.121	0.012
Snx32	0.847063855909411	-0.140883338350044	1	0.105	0.115	0.01
Prkcq	0.853332807033681	-0.113845867017509	1	0.267	0.297	0.03
Fgd3	0.858259237366429	-0.191723130319467	1	0.107	0.121	0.014
Map6	0.86305759557591	0.248380796544519	1	0.103	0.089	0.014
Lrrn1	0.864555946890344	0.146781776536455	1	0.244	0.228	0.016
Fbn2	0.872976280177626	-0.261560872011453	1	0.108	0.125	0.017
Crlf3	0.918061356712348	-0.207921923470697	1	0.103	0.123	0.02
Pikfyve	0.931497257359356	0.3184228092435	1	0.114	0.096	0.018
Bod1l	0.937443138354555	0.196692789979117	1	0.118	0.104	0.014
Rusc2	0.949981424070982	-0.108858302899821	1	0.123	0.136	0.013
Cdin1	0.959978983422847	0.136086993120948	1	0.18	0.172	0.00800000000000001
Apbb1	0.965806880877434	0.254987516007105	1	0.1	0.089	0.011
Cxxc5	0.986016048363426	-0.129946792849218	1	0.145	0.157	0.012
Pik3cb	0.995670483824162	0.182244566264416	1	0.102	0.093	0.00899999999999999
